1500
958 732839789
403 828648088
1412 306730976
517 972455300
258 809175994
3 887844040
627 53007634
1462 946613183
1332 219514156
1317 410650404
608 342262075
72 916846382
1127 316156390
141 39462440
257 922480900
200 687558579
892 403299590
1240 911321019
1383 626409876
1402 208599216
65 204101975
578 798050542
475 813433139
1010 621972482
375 601750831
285 124359288
443 540030864
780 785806958
416 620339305
751 809396784
718 491098976
731 200830179
468 608419051
199 138750802
1333 149861244
1447 876040942
89 740638336
576 707755698
702 64762141
146 893778877
1157 268312527
312 60578804
1429 446758871
536 475632180
1255 102403113
1490 720319118
39 295951172
1254 939441558
747 427167165
1077 739848514
227 20864827
593 409438867
1241 918829683
1405 869560367
404 242275491
792 631350396
795 702747698
108 805934853
503 338319125
1465 548596001
208 533130023
1006 380700457
1484 866249764
163 849403008
685 157191551
408 956559484
185 582506519
1054 198075418
665 152696035
986 50473967
983 669416298
187 532000705
355 215415529
249 617592003
1130 106575699
77 487364483
1045 148996810
1375 458335910
160 368095877
616 563602024
1482 707374818
680 701503359
598 286799751
419 716726813
272 127180654
1391 956467738
1301 679385205
554 571355600
115 771724937
830 938125159
1381 136519182
1057 123194165
472 118662263
184 664979487
1384 56164002
694 52600433
376 603043826
1020 991346287
1175 410667562
402 965027432
791 178295924
956 178052010
1085 808792350
1471 769253168
569 250096896
1213 692158003
845 49470396
1049 181948305
1011 538585016
473 19937171
1037 984106939
1180 105523751
116 246383623
854 839011829
505 188936749
548 196690236
789 98442046
720 240510216
166 513865477
237 789662417
411 945009687
784 472709625
719 418272510
1090 371826464
1292 532894553
683 791991660
1314 673101802
176 396093820
1199 897363193
950 983143243
755 129361209
960 593758722
1147 645216582
542 208609782
710 453822662
1055 912944627
183 323657971
799 156139567
832 16606242
765 564922641
80 231718668
428 776443015
1239 482972522
109 576171510
61 748185925
604 727294026
1033 268144484
282 686458617
242 427237671
397 633881965
1351 566168093
1394 176398392
541 404600587
863 358319073
932 448662694
1366 915803324
1200 285305163
45 360058737
1491 475047068
980 809513457
173 8525020
52 764648508
699 635306137
1174 584692493
506 738617263
260 538436247
753 645464311
433 19709028
912 718029941
1086 982104841
930 972492606
70 174400148
721 678709109
68 804394114
203 445466676
1095 727454556
1039 664642789
762 243132693
392 414107631
1495 730786989
1466 527788739
1154 800544556
1488 650116714
1408 438791943
1284 342686349
999 897506021
636 252383261
1184 759541684
737 744866110
338 823565548
879 544251823
1343 764670419
1129 506361681
1300 337758242
487 72612508
585 981772167
603 436288761
812 508812923
1492 591773612
624 880815514
353 702826597
1350 113198983
358 869300144
1234 307630584
1428 913370587
1092 628794629
974 657161322
502 464714150
364 636636957
562 594294428
1268 587887157
118 493389604
1139 272034082
1002 830234460
489 852360235
601 945297916
314 285870634
1379 502323121
693 320246153
788 126888441
684 274729860
363 426238389
921 516333593
733 366342674
114 956309262
1042 652375746
1098 207648025
868 334566065
704 323068129
1414 71089745
1162 652561651
470 907329294
330 888715780
552 101641389
5 171753979
1232 694618418
347 679064195
1359 221597634
672 31398412
823 504457352
437 174352303
284 414364947
611 626581242
294 156494007
1122 391693144
725 865575416
414 887963707
1286 358913357
1440 876121990
1386 825369668
891 262734232
575 906645320
98 450030188
1288 394834555
532 840025663
959 783763013
1023 924051175
590 104670217
1446 310768614
1282 35690508
1149 748250535
625 283684291
190 403461527
435 995738903
192 322263368
130 282710705
966 605482811
652 404046696
230 835895345
619 449437800
821 143648449
1230 294065081
1107 405041494
687 485299335
54 97822350
798 267865351
1183 170022036
1083 428196070
1267 291903589
984 501978161
545 853665491
881 306503231
571 221282097
332 216684760
561 584910765
276 316667295
1222 593372803
436 734339169
520 751131330
1100 200281128
1283 159133623
927 514371160
1247 870868012
349 916031251
138 641723202
668 485713853
1438 892521764
862 379940261
1120 123521292
129 730686372
839 627761350
463 423748287
1289 589499848
1449 517832780
454 711580604
1329 125796286
865 625124278
1182 238062280
1191 426381163
417 371863051
1297 444501866
915 910370319
147 824454603
334 506896295
421 561396329
395 491864259
559 427260314
484 237998841
1360 680318736
1068 299662493
162 589634916
906 467526955
38 866894543
303 172129426
931 936110307
648 89040616
1194 296605016
1308 714725084
769 931890425
526 411127834
1142 172037670
448 503840053
654 156919984
1352 669384427
723 344285898
705 542269586
820 505006706
662 922265403
1123 912356596
826 384382821
1346 980787993
740 406905860
1005 750052570
253 866780538
1410 607892343
876 380271010
1155 817260817
1003 123683590
1059 362622527
300 309078921
527 379398452
596 209727684
299 976147566
150 805379061
1177 611259972
978 90536870
1474 593185562
1104 496083452
855 232513393
1369 120892969
1464 931138490
709 27914825
1221 131955678
1143 376224093
1207 871786640
776 604980125
1136 298420341
406 218070784
170 870773520
378 454047272
189 505641703
1113 247074554
278 518420795
288 49005842
894 127267193
774 920684467
783 684480702
757 514057764
637 529468633
883 496018455
1210 238869963
57 568838060
1152 119717817
675 830931673
246 105657427
66 96362212
746 924924613
507 715796656
963 867023540
1041 424935868
1004 206367840
990 996207490
206 315194236
756 323618488
1137 64821720
205 75468515
847 193206211
867 93716686
240 806346627
142 98132507
766 970623215
924 94327249
1442 365239165
1198 462505789
122 879572955
901 902496970
341 417726008
322 271056226
445 341380872
326 991812947
1309 987782762
553 480025493
1158 621128683
127 221711533
1148 909800705
777 851721506
640 558394102
110 678507996
1295 899948062
471 132026846
478 19492070
156 31705022
93 961308475
331 382790137
1089 982291825
28 584640924
914 669938175
1388 354190671
581 26298647
739 845939519
1339 299512412
528 528768467
1170 814630095
1434 338187934
410 665432884
810 466883564
1000 802151844
968 582943518
856 176692141
860 328494779
897 635265314
488 998317838
643 508402862
940 986649591
509 179031792
1043 229130967
62 497348973
825 607876688
296 841596245
9 572024225
4 613847200
76 299306819
992 780473528
972 321866468
1205 879931346
36 763786543
263 476704468
140 2416051
352 737056106
752 948020622
761 859436327
149 392178006
1008 995587785
1459 482470642
903 573967140
726 408837551
1204 36166997
993 165109179
1470 369667296
495 822967552
1458 567316338
1063 58428623
1065 575419362
670 317778481
971 901233431
676 414160639
431 714971871
926 15244268
367 750395572
1193 442758789
1018 221167179
144 938515844
512 908236200
483 775807833
477 992208028
587 636261664
1413 771508459
43 553320631
1353 331850279
291 294931578
989 778293577
538 984642960
1066 79499586
50 491313379
7 310279728
25 836233048
1094 353865185
430 939876741
1417 137598320
1416 893510220
350 331267481
371 747781238
869 723107490
1145 944141079
351 484679839
269 480915594
846 465933749
401 760414628
516 249433484
773 394693749
178 742919446
905 828740840
161 38482792
1215 904632673
75 3158542
813 73375444
1494 693648613
1144 576002397
638 197837222
1476 845823754
226 651661313
354 919036549
510 650368987
309 635440140
1189 429388487
1 392234007
102 648227769
58 983768998
1342 985046650
1291 543450125
499 48907465
523 857032185
633 604582511
1172 541190456
1273 262411749
442 235531989
728 406192466
551 604249448
689 935945832
1341 84721496
1439 619350839
504 709365899
133 962089835
835 484787947
457 19491272
651 674281748
574 875988811
1382 583643935
1228 715686576
1223 222056357
787 682612294
1338 892470985
137 153777399
305 779964450
73 360810213
310 969998191
490 983910880
390 830695370
1019 430994909
112 745350587
1105 979627542
289 287993079
703 378668430
884 824796698
938 664963261
706 165384790
563 722160507
888 989475490
1479 193755375
837 355452739
194 901428594
1454 271247157
577 152750569
1477 49063151
482 171948604
280 441878830
12 215392430
936 354434401
712 419355001
241 678938126
281 24519832
136 957149609
1062 110198
916 854309018
1214 752191775
313 127079726
1225 743637594
1190 251362675
842 699130031
650 902027865
319 27696878
852 139485420
1272 516177158
379 812549121
896 776217424
16 231803561
778 821317113
388 266699717
120 796863354
1500 205404884
238 336576008
700 47818390
1403 706751109
216 899792079
399 966398251
377 716434785
885 255431164
707 376662393
688 469826262
1453 758034757
1259 164488647
922 161460935
1498 929013810
1420 178482446
644 711824634
324 539049137
1290 956582502
476 205201107
64 458677429
1365 248545277
745 451490424
440 568003645
1278 49563755
462 956518933
1467 107127553
1119 176160826
904 364119983
1075 637259240
1263 512955630
1009 494233224
809 588900220
1185 242823612
646 989096047
1433 661212083
811 279706092
1387 427669260
508 911696540
82 632181498
1371 589422427
44 426726276
344 354293615
1025 446421805
1372 872905415
201 437658379
690 496758734
779 892162426
622 554638322
1257 237204429
822 109077078
1347 430529692
1082 602674573
1397 939814424
1378 684387340
1246 437139379
17 598883679
597 746242915
1313 950976600
232 761604521
600 980786072
87 604121844
306 196178444
1261 679291003
824 956348729
74 342108695
1445 582902306
34 415643655
1161 30129408
465 780611651
1328 373878871
695 234732653
318 506393253
1146 147836318
271 700384229
1117 964283795
1046 921213998
96 268350856
92 146002855
266 178421908
572 262845465
250 611818615
768 521236505
944 194769355
1327 20678305
866 266427791
1034 450170240
1236 253043861
1337 464056131
153 556022670
513 887805501
1192 873605460
407 490806862
1266 752220460
1035 529077817
1373 209497767
529 977031978
1486 491395601
1398 809910104
970 123087242
582 832234636
26 354305905
2 541005035
447 797102708
861 38599225
1102 873718142
1109 616606895
164 516000212
1229 42998497
995 621235406
617 501417830
519 569175841
453 176160524
1363 291033509
549 206031850
1132 288129104
957 145053891
1430 737386309
368 352548407
293 183595388
878 64788104
104 719105248
394 880739397
1163 318043515
544 465663135
370 374426301
591 445564467
1370 191697944
1452 219833327
781 386368740
951 700550401
805 227103007
339 724675147
143 547593197
976 561067768
873 436951527
1319 5828723
573 11451237
836 905550905
681 942074234
967 857793452
977 469802216
979 75781317
1324 665914228
661 627183312
760 338653653
1069 11534265
1345 776084306
1067 385836130
480 544642875
1265 250308762
427 887967382
491 176193557
175 818008155
333 191749648
1436 617391673
803 445766211
568 799858493
18 79792602
1237 357168612
864 167946479
466 93870057
27 415095043
1168 669465996
1483 183405501
360 249992604
1302 528626529
1173 642205361
610 407415123
818 390967467
831 174961029
168 633081471
467 992329289
441 98751023
202 360265956
1395 387283279
393 559713063
97 223538319
213 401475260
1344 910309788
626 190343253
663 600684577
1111 513553353
1051 973993671
583 343263057
481 887912844
429 762742374
628 612522683
1478 802751675
247 168752348
1220 84507173
446 420413827
1441 836755537
384 129848948
1126 614011524
362 834253774
660 730683549
1423 936373984
567 805710872
1235 846516229
988 718213258
1305 567768434
953 972406169
736 780153729
335 223509814
1419 865957890
804 286364794
99 800524378
954 693422211
29 135399008
283 615608048
955 327030829
1444 631824746
539 601458145
84 318986515
1323 663649439
1219 81555760
584 645029751
782 251369074
749 952278584
713 379306583
828 674759564
135 39738979
1389 779654763
244 248053670
1029 725805112
1304 726182527
486 336456068
33 291588420
60 87801980
325 703226013
1287 619137134
759 43960583
1487 653788676
599 159637512
400 432878441
11 966950788
290 351639130
1318 209206745
844 709246793
297 544360468
32 277731651
42 581735265
387 921684149
128 78739857
336 524517787
714 259055551
1012 100416870
117 287467547
1048 107979578
1497 171938172
86 783666270
500 684066944
1496 508466880
327 552966186
245 631019266
1026 791064814
1245 959930774
337 944946316
386 623225005
533 501298746
1226 599473130
565 94718351
439 983147167
1141 362638695
248 289429170
1493 342009701
537 60113575
304 965836512
343 709553678
933 543138954
14 906268522
653 10738710
722 608508818
456 677559900
848 698606451
1298 84304332
744 643779839
934 507977661
346 577306005
664 660151638
188 226327980
251 73031094
840 764898316
1073 452320630
20 883770102
595 817200654
715 651411301
858 248099499
323 534961177
1116 182801111
1076 107114514
945 332846834
605 700623478
1336 376735820
716 432892947
1253 971916429
469 574061171
1400 413009646
154 996689056
1262 627587865
961 427079945
279 42724443
357 935186945
1294 279949172
426 556396349
498 686926632
1460 876029458
1451 700906007
113 896043748
775 764649957
1380 489133169
606 39082677
493 764871335
686 933532231
83 786583995
1128 577418632
1195 795972899
691 655622397
459 906737797
1281 475248218
1364 4252758
71 216576026
1015 990963401
369 167923093
1293 475292645
843 575776750
1335 375790105
139 49290662
1064 631032235
717 470691552
1243 254013976
558 189929917
307 793123188
391 129233376
95 147958321
1188 322531808
1310 166971622
1087 365276405
964 65496545
452 995865418
588 813874262
962 168552713
270 834812816
273 898090315
94 306757126
819 311516410
698 712352558
30 618790539
236 969457257
1368 406470635
152 1426022
262 200721830
1421 478827748
991 31188788
464 606382165
123 738710653
913 350679414
134 169487605
1202 533383983
729 650181717
1473 573760188
63 436239359
1093 105525731
1481 154464887
514 599647635
1081 505186869
10 744391253
727 805615330
742 562304015
1060 885882633
1306 444843333
321 435704716
1134 67745159
1260 344978672
649 204624981
928 999954579
277 89197298
8 174335307
594 608029832
424 177687594
943 517715315
451 942984894
1270 369073354
614 350349678
1135 341902780
1110 608793881
328 612827277
667 461328960
639 311187831
1001 835426143
359 765568884
1280 84684894
195 628670393
298 718119175
174 595148380
1196 153641435
785 908448734
647 771711704
1450 543845943
37 360705953
1411 138690055
880 726919060
413 769973478
800 336783800
396 400359344
857 905351569
817 293385849
1437 320668150
1322 766260876
1211 65102886
1468 959988726
1096 737670311
494 326729505
925 82444167
566 792029020
1320 302380497
1150 728930845
1052 482599205
524 611531431
521 406993960
634 89544364
975 23810703
816 51648312
111 659643240
592 13909790
1078 765617977
645 906902686
209 115359973
834 207454499
1013 901826053
530 612177208
546 126630753
1357 645444963
356 693234185
1299 626099437
887 63794806
1399 654859757
911 552955789
1401 909488805
1316 87196610
1031 166319470
1079 814146921
1469 520834498
225 883936111
579 741006402
919 627382523
738 716710567
1166 367676421
853 38617939
254 905810483
1354 143058539
91 221607264
724 516638805
167 913771087
1312 300100701
556 510708618
620 588315069
1133 57198919
1325 388695943
1115 865133817
629 273970876
923 744528442
1159 613882683
53 644372662
612 323946359
518 41887767
555 345028696
875 488362375
1106 640046825
1153 385072098
22 386166694
59 95376170
1164 361154889
898 757193312
48 159149183
872 917590140
580 190110667
1231 187003964
657 395345341
732 556326486
46 58542118
1044 286472647
882 514691201
211 826928730
415 231283913
1252 513880439
1396 574221651
1485 688006303
234 222089427
1138 594334807
1072 912747358
1099 752097967
265 203589562
1406 982726719
802 69437080
210 58658419
750 287613865
642 539711094
496 202796539
23 645889028
1017 801635040
1264 925572466
808 517260566
1074 252520406
1030 675480353
515 977247619
41 464998833
1156 129770597
215 35803493
946 435712609
159 459014610
909 822814842
155 273449141
231 974759250
1217 766186444
67 427669934
902 393067114
1330 580641731
1071 503576740
1390 617581772
994 822519821
895 329309686
1249 363998514
418 469454023
764 628711800
942 433570489
674 692887650
833 289402789
841 160733690
1007 180647870
658 962807386
345 507170660
1171 674604885
1367 19424453
570 291873960
1385 890385646
460 820685619
1028 495376301
148 860574714
55 574638746
623 571152087
204 120262412
228 686331121
81 274227699
814 866140715
1165 832594906
501 450866443
434 351796295
1407 280397675
214 630546005
449 224667614
171 459756004
24 711095301
121 130558901
952 305278946
849 993130491
252 493701213
666 655534114
420 306665111
730 459030998
47 830189532
380 405158479
1244 33494804
1140 342264111
182 766099530
88 735889369
678 392084255
543 762823682
169 177354684
15 265986579
735 270798531
1209 759816747
302 807879065
982 484945080
874 321285883
1114 907535368
180 333090412
918 328800247
422 270011145
221 526752647
589 552997403
157 834877506
1296 316288407
997 788365453
19 470899767
219 349651282
1112 432921375
965 905658809
1151 424607780
941 84484797
900 829459498
1307 182500507
1315 630228084
106 976205264
806 966160329
1274 56861331
1169 896165996
1269 646520129
196 321359899
1208 840037120
1348 806148356
632 357207911
893 999725630
1448 436345959
274 58733071
743 786133861
1056 484622574
218 846309625
522 314653439
382 127863826
1088 119115159
796 197667268
1024 359432454
1311 771022615
389 717145201
1040 866333149
1206 682566296
366 561820066
287 310374940
1271 743276441
320 70846273
268 249555674
621 369903086
372 110548482
100 557883784
1080 853252284
602 939174096
1216 116882888
492 665609126
890 499805988
618 394988255
767 141825534
374 559545129
949 707720931
1303 415444926
432 794767780
635 335946826
669 991362895
917 634681587
794 983929070
207 61650421
748 479458447
682 308361510
1409 811237587
659 999972930
235 248217289
286 913520856
1022 96863254
547 538593250
907 243752408
1349 338679510
701 408467309
132 140814281
1418 312876298
859 100828816
947 525688772
996 142660699
348 983190330
525 142031333
124 630340285
1058 732502381
1251 904355150
405 170848550
1355 87371960
474 186435240
181 187598315
222 766887899
51 983862760
1242 686239920
1404 376418825
1258 376019260
438 976946029
1422 132916779
1463 548889635
1061 251525382
1415 591827663
877 132988147
1250 728716660
1125 163480691
998 276311827
1124 15441799
631 702341691
1285 958116661
985 745417029
613 634700536
910 640442854
1167 821006478
1499 577792630
308 480811730
973 552936212
425 499284978
21 78380221
458 349363278
656 990704231
292 455231247
696 284882619
987 275503362
151 564139937
560 330388164
981 432128997
1427 872140726
186 989993514
90 436979451
485 693435874
409 85705358
497 887483361
311 207499088
1374 334007212
1108 299724118
275 704560127
1103 806961264
535 897801929
641 403270164
673 857198315
239 317254835
771 87074116
1456 891907546
31 468649115
1393 121737668
871 715438605
1461 782687916
412 891316685
851 866436174
1275 118317975
1160 273145948
1475 201906404
1334 752517844
223 509979082
13 102079307
511 549211288
317 372582347
801 575120940
920 583138723
267 852314883
450 841991073
540 410603762
1356 583229832
1186 519864051
229 120766883
1036 52750531
1032 772330236
1047 389671879
1256 533553023
1118 531273189
49 49142313
56 418382178
1472 910479687
1443 215387175
1027 675446626
939 112575464
125 541338696
461 864856232
797 42888791
786 176941284
444 871068638
1435 308934863
708 223155669
455 840357462
615 972801230
479 344755476
105 37339839
385 417268007
365 444534910
1101 595943860
1425 406359004
107 967967048
711 95274938
815 553962468
671 976096133
838 348583822
1201 285301669
1218 429263700
534 643531934
827 136831439
1179 786882148
398 929450761
829 178716911
1424 493661009
423 160746108
191 956200067
69 950027522
179 404870517
790 499916911
697 704972855
935 829848747
531 388633883
1489 362611136
1091 909703774
243 324792063
692 140560241
35 671754884
1432 145931881
255 923575323
217 700999859
6 3168046
301 4085964
78 91216987
1203 447659474
908 332911982
870 106694722
1097 177133735
224 367379713
630 479038703
1176 300275563
316 213890608
1362 741500663
177 450826282
1321 769080266
261 635626491
734 136885994
172 999237614
1233 101883572
850 701448814
969 127178012
85 695892671
1480 651751588
741 252567719
1014 138794839
609 274696421
233 797670063
1358 826139401
1131 941069654
145 734650507
1238 187013361
1377 884838723
381 883095891
754 582997409
550 140867547
1212 391953601
103 507879571
655 641034904
165 586511482
259 261892929
342 700295799
899 875178665
1361 788169118
1084 383531322
677 607786603
679 12644613
1326 271685697
937 718436250
1276 442992276
193 382177316
1455 844090802
1392 709857649
1331 973147076
1340 64173297
1197 146006829
212 177829859
1277 692253737
1070 230032711
158 747082806
564 625101645
607 774511414
340 931840755
1457 220348588
383 517500072
126 496388156
1187 488355561
101 652922576
131 339984438
772 872678203
373 781501724
1178 452434836
557 6020597
1038 257411987
1224 542962188
793 368006624
264 367863879
1016 417772356
1050 508184304
329 46081592
197 510854521
315 203027852
770 931098212
256 980171289
220 460411378
119 962722329
361 481219018
807 482703406
889 54291310
1121 492741741
1279 165093350
763 542995070
1181 190563660
886 612784522
1053 2444366
40 765984750
1248 461373376
1021 102251954
1227 412970967
929 55574495
198 967816007
1431 258823114
1376 729942349
758 537406971
948 777381741
295 731993660
1426 369196248
586 178418154
79 533082541
