200
155 265247160
1 531674588
115 506352455
121 611218379
178 886898166
156 402830331
101 58322850
116 655545743
52 886644345
81 769286614
95 877274830
21 760398086
176 574560650
30 28778179
174 813039310
87 815934066
50 676925442
183 209845070
167 442966248
198 862261285
131 535331236
124 346226919
65 986123009
55 393682708
67 622482926
136 184962077
169 459238539
182 931564460
51 17550668
63 238173323
153 177936141
45 937179673
140 660887240
187 551698822
162 430116001
27 159445975
179 28523885
34 703466046
164 633659572
41 569993134
10 402723469
79 29030163
12 250635706
2 884322719
107 911635411
125 290897401
126 667942783
160 25633600
117 598009867
114 822875058
100 564292607
158 780667967
48 264421194
181 414223924
75 779265879
165 199946423
62 47541813
106 565798160
44 351479667
25 629671561
149 547925020
130 740329378
74 197825168
186 525675911
135 68549748
133 609712882
123 577633293
190 773933157
61 43013308
144 203665558
200 396693184
129 193903602
76 296992725
137 520180986
191 93767519
89 809746395
90 707290514
57 862000977
146 916264593
83 919432621
80 471312061
141 18007202
49 766319428
120 333281540
161 113975993
145 326893671
70 417357399
36 865408287
199 71720303
163 584683501
154 896888855
132 958157716
134 342288753
139 719048749
94 470961170
172 807941462
194 770714603
29 399678772
173 549772427
13 853528634
77 192289596
54 91291224
68 77119641
152 397952037
11 417843763
96 376685820
128 172217184
84 927641443
53 490985207
17 185740852
91 283749806
85 170870519
157 981931751
108 95981322
97 70071322
110 905011073
175 15530343
88 338668044
185 330836603
166 969681772
138 991656942
92 336079783
171 347184603
104 898410031
18 16853251
23 209318362
42 56416250
119 969044900
4 455071946
8 884913957
72 943151629
109 890751529
147 742891295
118 127100230
20 962454741
35 16843964
22 981750347
192 160240712
59 773074724
102 295729166
127 564930848
6 912559528
105 837161306
24 293930814
28 371374700
38 180589518
103 808399945
78 965983164
15 937188850
112 507213504
47 828318579
189 569196837
7 829094823
58 951929040
180 433950764
69 519523804
14 707128236
46 271118494
37 718703458
26 736550824
32 662481442
184 571583807
143 753170057
33 292484407
122 614817559
93 743078795
19 173235628
56 970696027
193 264090716
111 862478153
9 872678628
151 27391952
31 809242236
16 296216072
150 560988966
159 56918135
168 207530679
66 893176950
197 713958596
82 345173957
39 302161507
40 304481410
113 269270724
5 994586998
170 916356615
64 313812086
3 290550172
195 306986514
188 99289491
196 72351423
71 907833614
142 283819008
73 614941583
177 327884431
148 167628045
99 434834583
43 940926176
60 584680097
86 587644594
98 808352238
