1000
404760190 825156184
995131580 905741186
905644043 16469317
229829890 999625659
935989460 327224558
683395599 508493519
45518197 921316742
813235180 274538249
37280365 328458678
606382391 455352608
103240828 631912109
921947447 133564515
618365652 737314137
782735122 893611463
211672059 550098391
853045804 671067122
338769399 885635697
986321071 194281543
589254162 385126851
551627262 504008379
563340720 111652105
948448997 895025056
682931503 728058249
105469143 644836373
625751131 382568960
444986505 379261531
203362826 725989133
172799946 664258627
494719589 77801064
75559052 433202563
604600194 74467339
552899538 682637485
136451023 783166147
939697116 43515076
582046724 184760977
83013185 877438479
624815643 237098851
829182757 455499578
925229434 600847206
479863908 467680387
864021564 530574328
656423869 541951055
702096495 518336646
474903607 61857500
880566842 876534670
531360153 303706954
181726589 51260206
438391681 891302056
874502787 404599586
675196983 490951537
19823036 513248389
235821392 460856179
663638998 618718213
376300111 68921959
901351907 139704804
133909454 99453823
251211713 734975561
201214109 947249338
682574032 811207619
145037304 235663019
993147897 157934432
949236944 814407466
401560066 226257510
179541183 677735998
613578032 962460440
664375995 848142700
580603565 561471003
485270117 396506220
326174565 389481020
531147838 532803421
491254511 501216862
731579105 453047241
481317269 403899982
381090608 539262611
995261528 118889756
932141903 811335525
283111227 448031575
341435667 864788077
30030035 760417255
607890864 870891615
655129754 980422061
246472179 614397899
17238465 189313251
801597184 670798118
277947387 553395303
119294125 796166647
871211653 279358633
634553781 845454600
34736894 66746539
557776526 871650786
175629542 765963255
929060984 35060009
290971496 968850311
186654228 657711359
342076683 84107731
109006983 438984957
720584273 642498578
752667625 700841439
166321846 583900585
395022560 136301865
293902888 100281427
637446104 99717395
746224739 605198200
232837549 592558430
757979380 924675588
684231896 958158678
893981153 183933408
78326825 80435411
660867923 979646496
16894402 350534740
765813817 178287302
540865083 857761416
247117435 283680626
80063465 770969878
100269753 741854675
131770919 314231519
30752053 495034893
642826604 310764305
852506759 865873982
392184451 304944151
272277113 294006042
58959421 920712959
169711034 296739822
922618534 468802486
42347322 553955250
329948928 2160313
985494083 307941198
73836916 798419377
646797429 153857696
366981866 512076752
61168808 253753589
524049151 483137723
386250276 877807097
539134530 53059729
320634722 480817452
337098574 329571573
980556851 834474756
166193303 386611596
446796010 75293031
254642123 55960592
699412148 103628219
140081576 891943812
625610276 422568682
559453359 13069909
139511119 942957744
149330697 719804150
84901005 761841644
916336047 961595983
675734339 336982277
312718853 969405974
582179879 921419022
975818686 851480046
49211175 81631022
913520655 402610006
114644707 120501147
929274770 603797219
875430666 639897608
34628205 123776574
759812660 726754530
815384161 804573241
536603739 62025471
862571426 864314690
79440865 863151192
90911875 214964934
70970210 516553209
191568799 813479435
423832507 838599105
669568592 958049558
288116222 800318136
981935480 785727898
725717453 174033146
414870067 747546885
393720254 601649042
124156773 64202600
86153335 329968484
781312333 540570698
579804523 877085236
577005179 217816103
188564720 81334961
539694616 408529126
105866180 781864264
481054076 70764416
658641720 695741987
994067067 818897480
237241830 410690580
194941499 849084405
845840206 142034756
538532955 208943681
302059774 513583111
948916179 459030162
744297321 216062348
70120049 935273357
959628523 496743607
424094163 148422247
335143239 255805956
371095586 975890748
189895327 173622045
454284679 809227012
41834636 347556305
522615222 847836144
751820412 248376064
790487637 224576994
365193968 292190723
457352317 654109736
886344125 896232016
942182392 922972430
478610623 386279338
59436516 928586549
220680544 370100733
675672175 510856682
783428424 50357807
550434991 23517840
736839055 121763118
123726409 584267364
420348584 280435298
859499004 852110310
670752520 156569292
964052223 703404550
848714117 23036350
385590710 449242736
453548226 275982948
337119901 931354552
33623326 68172296
936728373 462082722
529512960 497985070
268414008 43020137
602088417 832981581
286963184 414039727
953274147 8742010
456543700 10411387
72317890 355275454
233797034 75890471
57394945 819545627
5364586 109904881
40832115 520416917
38374107 636946728
132995401 101156923
937763240 688601046
958610847 674024559
550791953 856400850
293207813 112755540
565001011 429160510
521941907 607393798
461761834 556483307
141753817 809024901
638922874 617264695
168544077 540533815
664633398 916381726
34264072 283984289
17015930 402855155
454533572 51979803
543144794 396811997
775660902 816231252
765547962 159169535
969238142 814141580
123616474 508002205
365780255 282206041
17720745 36484294
280811569 604820392
952422383 586657619
472709029 574340635
299542936 370634300
934008650 898922701
458622512 944145755
630614472 585851305
952183624 64827338
548571546 107107232
618910557 931426573
980233361 109427881
181376383 241094852
641140668 900292786
841242350 573730892
339357451 829212801
758189071 569006307
762321799 36736688
141036411 315520402
153752387 365292851
623573850 960626500
568777573 294241863
297965378 747613664
462129581 679604052
534642609 126195000
708931395 492543159
574271729 590133508
666406616 779196673
222020466 379463778
996191288 742511582
864727770 833972474
26811127 144165885
945934808 445856660
655538420 862411990
26943912 245711036
376446145 829890117
304444961 768348976
126839856 429116313
866283849 380949695
645736781 335937549
24741807 736614992
109444359 690210033
736265958 760323667
904349273 850686091
632508477 887232190
763611044 74908419
40318206 669856943
929441048 461459614
525599498 620066343
870136712 615401400
211019023 955828484
607093858 154098961
958399557 30090086
587793135 177974569
611897991 853995818
984702305 916923138
991796154 27679747
640056832 900243630
582324993 676601871
593197610 875878236
502971453 895226807
397635301 311638435
243846415 310152883
45386286 238121064
29394110 474440369
436726134 574877377
940462307 463492841
505952302 554303651
628582605 636887923
93696601 367796715
527489753 456191052
618024349 287506622
474094062 352656259
790246553 307502654
298986892 238919506
413206727 714544762
27169061 824914707
868358005 957346362
366421693 183524759
900493357 279723687
52864014 662005115
634405988 425342868
946424210 221768966
364581951 653420448
850000586 891262609
16090735 749903468
81953668 99159334
944236948 116411940
889794070 121729486
837566965 810225307
663110761 506439550
715865721 378862062
94948469 535032906
839115990 92061259
518146057 258513332
896410418 662901578
393686231 846000869
702661011 286494592
836076969 970149456
196716835 898173513
977494752 367998445
210918973 144578468
168389674 175704270
580637305 251418324
707438511 461325970
337552267 240460534
224079979 813999278
707644724 619190042
769742508 824001657
83723533 275150592
122147918 337178500
410901565 887645646
465504953 716480263
517318677 678186001
527341933 609549301
976636663 617510218
26032612 686689898
304725627 899585615
307203065 485541437
688463948 239213060
266434189 23837486
118245641 752802924
260586533 51399921
917918302 422660487
665108000 97488127
156258159 964425404
761014868 109592593
438390032 445697161
61660831 708792126
341602974 562099467
916870921 547030275
761198477 416852433
156066282 837484144
663835351 266973957
114451778 959909054
205076731 248780610
358784212 354920110
135428747 686519216
82347619 212189026
691066134 297888273
73326691 551734089
518456065 784439930
885137594 159432217
123732047 605276541
666751128 827669758
228139206 380528322
629853240 343579870
597691959 619202904
76865204 403617129
145303242 480688275
492297253 834616311
430734724 885933439
187196983 970343453
581046903 688874136
582836918 154756454
592497171 851887114
211544996 352726237
347813720 67321427
424509691 95481317
207816457 196841942
522253226 369135557
975175285 238634715
709118102 263183481
169724719 564942863
269338255 565903184
393125891 520621716
887134969 647214605
33846754 212292904
92931055 20089515
903286110 710251709
392066212 653918618
197585849 774914849
581694824 779333130
43379513 128444479
765048271 153781216
954814766 122307572
63340174 46831060
563356917 255026874
998622267 335453618
706371521 318194656
175306031 947694124
845634820 1486219
315959285 46811632
642827111 258598461
887155717 954072995
613698563 856229155
737139023 295941004
444277519 983934638
157554019 338964133
396460972 603967842
978754206 186840923
739301658 325796518
465768267 662499470
634561895 77711689
861965766 811373113
328790102 258610561
819019898 846483342
146790444 395998501
674549670 369940952
531888047 656430260
263277407 584613577
844635532 762913373
740675844 143363113
435433191 710309034
590770647 412514334
456465291 279893949
822540378 403256359
36688920 106893474
56351452 225733219
612786129 650177881
67565370 690445314
943863035 339989911
955810007 359416146
250925497 785461785
195806515 936863446
935803451 594491722
72471262 848257384
545969963 571695703
121565718 25846197
267508267 451285020
509021703 723593508
475626639 309787668
364969237 938695749
396216407 781638131
84015485 5852723
947028380 86765815
560767320 326977175
349342685 196753647
28202652 715591843
668800580 325646002
27405562 537304910
579367386 765714203
806604335 957108811
300932628 295397871
324613907 957395533
920710068 208765378
827008366 610779308
822989512 289998493
104998976 274423851
120845180 394366853
244828799 527644580
724338295 813299403
658279523 966877590
936206573 620874979
375851026 75144710
35350248 355886033
429608152 476457781
80970493 805970119
405653245 14840278
175373865 25472596
434134851 507277119
336107735 75931236
788213041 364550592
723809749 653567527
208707727 849448040
186639026 730471696
381851074 693127214
432376675 194918210
565376051 827149994
365131224 353615746
676547495 93604502
219727388 247422837
556673243 335647339
433869704 704781841
142132470 20331671
178971523 739200489
485716637 228647837
390259738 543355506
414132244 337117439
993622098 2847676
305550973 164647536
403710232 414862614
402546300 874177627
20498148 86358969
801659342 568167873
4474969 740859636
563844110 866913690
719037913 265772877
72242156 819352104
639703035 729183024
648637027 581551314
518754357 344635541
291801562 751354862
792677765 319763010
538038914 914993976
779121558 741950373
387293158 611112896
857375711 474759518
899270949 168831184
862729621 370508933
576934883 941592545
576305589 582911806
462722013 148139515
759296906 632549008
571917152 559417190
866826355 950436681
141119936 960381079
457003047 943326845
684249997 162746648
645734739 547962150
884935506 534669159
589158387 463165739
345466970 932074471
633252169 522454915
137111994 281718132
856548546 194907103
443231097 9602154
433281005 894933762
26750906 766998622
548548130 291528523
658428191 439633451
760388605 145602020
143746485 310229719
694821575 575674111
525519286 288662242
762539034 940644949
926532367 477916422
187414678 33909267
78461848 582457896
180658434 477290509
786814200 6250993
437065844 634925107
982499768 205255785
172842406 911424649
751370223 141895109
736542671 164600522
392112520 363335856
901204523 115095924
894501760 904209187
311941684 644477263
238174857 223244014
289213798 892642264
472253124 195169857
299259363 771515691
990854275 324529121
847665630 416113558
277533992 346643744
845650086 663482630
854720308 930082029
573392924 889917684
829023304 14953282
595839540 915096507
183573405 747508890
73792778 406969718
908901343 942474846
300187836 294970290
823874071 908100733
983155890 466723792
755888592 884483323
368943390 506404567
399465620 432343990
314871401 406424347
458292516 326166589
165198850 222268150
929952894 499860035
371380512 239221578
236192650 725979079
220021908 391134030
639766189 246884589
62894904 586171240
855465727 200194407
918935528 568051079
334759014 60804024
185716400 916912978
519931680 443100522
344311112 27362695
734879079 496093446
701947992 577362826
607807883 462650810
82746496 293723075
155472308 799301324
984177815 380936497
157202782 329460698
227049860 901444653
268103423 102186063
542606033 811510728
494276382 903855914
908651529 770691847
204394742 249516904
358189199 495474290
364949751 792868176
161686645 205167084
503635519 673811794
811269736 352702385
803380703 691592468
347279381 767652959
711460224 467150642
515906064 803858839
402617609 140413067
801138858 620245853
650351728 688806430
128399271 544862990
390271731 653349154
700033669 746488893
309843573 60952120
650182389 275842301
208929974 761549722
290548243 914995064
221315089 877871188
148704682 500886342
417044777 124985576
81738226 638835741
230127816 218099453
264892695 29580843
842372604 159593441
90439346 267352053
546978528 424163511
128808244 381060492
920668000 763562969
700699368 575984114
663509338 806471629
156368807 543708558
73503404 900256300
493785458 576370975
244541862 442558505
880675422 42024736
105531539 353739749
368912270 455939823
472839237 589759453
626503535 721071505
292735724 912879094
832612755 690771716
235674025 126715102
116946063 184223544
44969824 915368578
120523826 414340700
108928016 115370855
396186456 724954552
578490629 196735584
554613006 622755030
622800842 813631037
360402386 7756972
231454119 759253522
960692508 151962127
848757233 803022501
35468503 927854094
990078017 102624321
632173059 669698649
368820086 164783748
349141726 582595571
645405053 208277017
498366950 773888607
221103620 379351895
198966145 564269346
588614701 316358062
898415256 645430035
320254161 450093956
911195814 177257728
111704807 840913742
818700016 471503632
918832416 834080016
83950071 99967106
581458232 538356626
192812283 221897902
391883307 908003307
481095872 124150215
542082600 852314070
853246660 514710136
750920504 153898510
543071425 294408333
75330256 645634254
37004141 205928077
729137818 47604102
398021167 964522572
112793277 839189413
48972752 542199260
396370281 978759220
880091632 524652931
988288921 148849623
511686749 947221082
385354506 268697306
314343049 79956383
850684962 805373656
698901980 501093406
407667999 21991741
614975499 873802090
524775683 480328154
868497264 927746091
375474452 173910026
839921724 103955241
623063027 285830489
862197376 513503504
235004659 30580106
873879446 676021304
155846844 667979119
923360064 441532278
803208724 177694007
533563047 872172763
925930400 429986219
985985124 564681088
64157150 162330827
212640952 462583375
994879985 508131664
413985932 541864698
156616276 456489444
637724323 8644979
798955290 790451312
696148306 996558455
517556787 425200879
292550869 720143066
802753451 814911971
748026258 198612548
392228044 641640316
170382514 663048813
63759863 910518460
867933442 771972221
810183869 586591379
227536256 237756387
727188098 34263824
157332432 101335166
919129578 396985393
987844461 613174888
255331068 222017472
796651466 900669966
226896384 875497158
510983180 165436849
425546850 473785892
316569412 133981874
846201392 814127483
528471713 454574279
261474994 447461939
958192052 115981654
243057162 314369300
310107321 695805610
610101876 95282415
205347127 409580667
426741721 402336673
268530029 136938833
199298504 219179838
73836077 309444010
43329960 490148485
151230735 153066134
337813932 143166031
53241497 27636793
751293202 151113839
16947743 692657897
844423172 105654285
317252658 774702330
508016168 426647579
89081426 820684786
56491769 715914433
830533631 156735892
740440675 729690282
673963079 352703740
705936692 742135855
792630522 164182556
498035131 62800304
517495231 418419176
436794875 805839398
817628822 715648896
347276107 282703780
667711358 884020705
4412656 836075488
73224018 884417130
561448483 850028687
833383241 718467904
910537101 896894832
964947214 399916650
704069373 872524163
172687664 928628439
425488406 815428457
547460416 415634203
677222041 556767410
101150912 727730530
432870970 243976754
756265135 265253148
596934634 31796260
408402063 942787189
83909970 357069004
963237348 118812641
514929031 291849505
377414850 714107177
69898868 92104945
787551920 109077794
620086406 837440441
651852665 184357343
881257894 756883711
751919882 265781325
640993141 839169557
166038459 810469996
697605210 506790380
492671423 513410248
444200593 115647381
91509228 36800189
842054074 107040703
783480413 699078005
186239888 463871705
257963695 515700396
455348467 16641316
810739950 527742999
222308027 600669656
872463343 761362689
977609568 403665566
176449065 475880547
231943104 92964451
984888159 495234039
772357677 784074533
497153163 130814450
699923463 371243998
386092041 471465316
421199849 563370608
446711860 448585670
38303104 573564950
884298544 52038046
866683845 637268929
71429874 902305846
95111989 643348853
152334194 203161994
860656257 38393078
399189863 814349146
644491222 359656583
581205968 940284165
886317264 363135687
889470740 842858859
42654647 863465370
396525368 773039762
211535697 323266477
542606653 416908604
988340714 410226889
855235529 627467907
404928986 578371149
234449603 638041901
98600863 7908800
684521299 385830623
875651105 3869402
457111088 98185796
974588406 915273246
149259024 534290052
176789392 977591056
106025029 70814026
545136208 416927930
117129332 693594023
772274126 553137048
844806157 304215381
558363541 713643530
1777994 116664708
758549837 656887864
588241729 806042565
504578656 688020279
373559585 595794150
952585977 27175401
52448082 754741152
806466731 505936810
540071725 753578598
609242876 75536003
121583907 972406603
794850900 413888004
466085655 273740078
220754668 918431162
486717673 469679368
756976052 333094231
687679529 711705678
688820976 917846937
35628188 379487412
693217470 885738130
938595033 642214485
383529351 643197290
186284914 523661601
49757577 106130490
344005701 389867850
808368637 232635642
180368354 934297679
346020499 605115718
475508705 317409196
53181080 43544299
164647525 712191437
332973023 132275129
834158727 235183550
832823121 313024865
373760625 320905136
337198371 268337695
514091196 515599452
397579865 720691636
288095966 909487820
318944107 386032312
892639895 398498019
997792549 251131414
683778754 519238501
298086932 78768782
315487869 357241233
336637010 68918410
692205802 354341518
953221285 917310994
265559900 432466318
627264648 851225067
909173118 408987769
687534119 12995917
969541647 885296503
598293600 247925869
955797951 72259231
278542300 221025762
295973503 942026483
771461605 709922742
843253980 616355059
664707496 283144645
423741214 573551430
620858321 309806072
602224742 54754163
678196956 765119402
259758949 751228457
517482802 880977006
976207272 81371730
160462665 754711878
335192845 112735985
696523683 780164004
291785644 976643946
575574573 17236725
905200843 973730633
918656544 741479354
660431862 520442160
479147446 615573216
554645254 40585909
643051527 25121787
800465429 647903150
382885011 166058512
956699101 163648787
313033802 400223563
96568611 564529749
613900730 806909666
105174069 720133477
33722297 602405013
266376012 12765293
930431484 952611652
417167971 13480252
168055218 890901206
503762049 7215466
776553202 232885011
638452812 848557734
380203798 701702914
703422511 512168754
795631616 990842101
270346792 503201876
873321222 835842280
437993597 187646
289172927 564170544
327823560 153381789
738188413 681083971
252705524 659459781
361050007 624288380
9795862 975105671
22974073 254563458
436880876 444966685
60029871 939541454
