500
196 5
187 5
186 5
55 5
27 5
129 5
38 5
142 5
98 5
33 5
70 5
79 5
171 5
136 5
186 5
162 5
62 5
44 5
200 5
40 5
108 5
128 5
177 5
125 5
108 5
39 5
74 5
78 5
113 5
169 5
143 5
179 5
120 5
37 5
120 5
158 5
66 5
144 5
19 5
168 5
71 5
61 5
87 5
60 5
102 5
65 5
114 5
2 5
85 5
20 5
25 5
126 5
55 5
61 5
6 5
165 5
116 5
41 5
54 5
17 5
75 5
76 5
198 5
194 5
124 5
134 5
40 5
8 5
80 5
125 5
56 5
69 5
74 5
15 5
109 5
112 5
142 5
23 5
18 5
148 5
45 5
169 5
103 5
86 5
169 5
77 5
78 5
94 5
131 5
32 5
69 5
73 5
57 5
89 5
63 5
65 5
64 5
161 5
82 5
19 5
16 5
150 5
19 5
129 5
70 5
10 5
47 5
31 5
176 5
172 5
159 5
58 5
19 5
104 5
94 5
43 5
190 5
197 5
85 5
46 5
95 5
110 5
77 5
29 5
77 5
195 5
106 5
135 5
123 5
103 5
47 5
190 5
113 5
170 5
119 5
188 5
105 5
96 5
54 5
118 5
36 5
180 5
126 5
87 5
43 5
96 5
200 5
119 5
4 5
180 5
165 5
192 5
52 5
90 5
198 5
186 5
95 5
137 5
14 5
134 5
19 5
32 5
142 5
54 5
15 5
102 5
22 5
157 5
9 5
94 5
73 5
183 5
122 5
17 5
17 5
99 5
139 5
24 5
160 5
147 5
107 5
172 5
153 5
175 5
17 5
50 5
176 5
103 5
148 5
197 5
172 5
146 5
100 5
60 5
166 5
97 5
89 5
70 5
140 5
98 5
200 5
111 5
71 5
135 5
8 5
58 5
79 5
64 5
146 5
68 5
108 5
170 5
38 5
146 5
195 5
101 5
15 5
51 5
75 5
168 5
121 5
181 5
61 5
51 5
118 5
68 5
4 5
20 5
82 5
157 5
41 5
86 5
108 5
9 5
18 5
84 5
143 5
138 5
165 5
148 5
186 5
107 5
38 5
170 5
97 5
120 5
132 5
141 5
178 5
198 5
166 5
122 5
172 5
83 5
59 5
132 5
50 5
58 5
147 5
167 5
142 5
69 5
17 5
79 5
164 5
184 5
129 5
82 5
79 5
110 5
70 5
106 5
161 5
166 5
171 5
149 5
56 5
15 5
152 5
74 5
56 5
113 5
6 5
152 5
4 5
64 5
163 5
13 5
133 5
58 5
140 5
88 5
190 5
108 5
73 5
162 5
191 5
19 5
171 5
125 5
45 5
104 5
173 5
197 5
68 5
151 5
152 5
8 5
57 5
153 5
64 5
1 5
9 5
195 5
162 5
92 5
5 5
94 5
197 5
106 5
139 5
67 5
81 5
195 5
191 5
145 5
137 5
162 5
69 5
102 5
76 5
133 5
34 5
55 5
69 5
70 5
97 5
158 5
141 5
87 5
18 5
174 5
48 5
97 5
47 5
43 5
12 5
13 5
195 5
82 5
97 5
122 5
27 5
122 5
51 5
61 5
50 5
128 5
165 5
183 5
161 5
5 5
139 5
56 5
152 5
158 5
2 5
23 5
89 5
147 5
186 5
138 5
20 5
136 5
34 5
124 5
35 5
17 5
177 5
101 5
161 5
92 5
153 5
75 5
84 5
18 5
7 5
194 5
104 5
69 5
105 5
45 5
188 5
9 5
71 5
199 5
141 5
132 5
159 5
120 5
116 5
111 5
134 5
162 5
143 5
193 5
60 5
156 5
176 5
193 5
87 5
136 5
171 5
61 5
78 5
197 5
39 5
58 5
63 5
186 5
107 5
189 5
90 5
195 5
167 5
89 5
94 5
54 5
73 5
145 5
117 5
168 5
75 5
102 5
91 5
87 5
116 5
4 5
37 5
161 5
11 5
117 5
105 5
140 5
81 5
105 5
175 5
11 5
71 5
171 5
122 5
156 5
17 5
153 5
44 5
155 5
117 5
36 5
1 5
30 5
85 5
119 5
13 5
44 5
184 5
169 5
68 5
5 5
28 5
119 5
74 5
44 5
195 5
16 5
170 5
135 5
76 5
84 5
22 5
100 5
81 5
71 5
65 5
131 5
70 5
60 5
36 5
33 5
159 5
21 5
18 5
51 5
37 5
178 5
31 5
91 5
9 5
180 5
39 5
180 5
