3000
1 123456
2 123456
3 123456
4 123456
5 123456
6 123456
7 123456
8 123456
9 123456
10 123456
11 123456
12 123456
13 123456
14 123456
15 123456
16 123456
17 123456
18 123456
19 123456
20 123456
21 123456
22 123456
23 123456
24 123456
25 123456
26 123456
27 123456
28 123456
29 123456
30 123456
31 123456
32 123456
33 123456
34 123456
35 123456
36 123456
37 123456
38 123456
39 123456
40 123456
41 123456
42 123456
43 123456
44 123456
45 123456
46 123456
47 123456
48 123456
49 123456
50 123456
51 123456
52 123456
53 123456
54 123456
55 123456
56 123456
57 123456
58 123456
59 123456
60 123456
61 123456
62 123456
63 123456
64 123456
65 123456
66 123456
67 123456
68 123456
69 123456
70 123456
71 123456
72 123456
73 123456
74 123456
75 123456
76 123456
77 123456
78 123456
79 123456
80 123456
81 123456
82 123456
83 123456
84 123456
85 123456
86 123456
87 123456
88 123456
89 123456
90 123456
91 123456
92 123456
93 123456
94 123456
95 123456
96 123456
97 123456
98 123456
99 123456
100 123456
101 123456
102 123456
103 123456
104 123456
105 123456
106 123456
107 123456
108 123456
109 123456
110 123456
111 123456
112 123456
113 123456
114 123456
115 123456
116 123456
117 123456
118 123456
119 123456
120 123456
121 123456
122 123456
123 123456
124 123456
125 123456
126 123456
127 123456
128 123456
129 123456
130 123456
131 123456
132 123456
133 123456
134 123456
135 123456
136 123456
137 123456
138 123456
139 123456
140 123456
141 123456
142 123456
143 123456
144 123456
145 123456
146 123456
147 123456
148 123456
149 123456
150 123456
151 123456
152 123456
153 123456
154 123456
155 123456
156 123456
157 123456
158 123456
159 123456
160 123456
161 123456
162 123456
163 123456
164 123456
165 123456
166 123456
167 123456
168 123456
169 123456
170 123456
171 123456
172 123456
173 123456
174 123456
175 123456
176 123456
177 123456
178 123456
179 123456
180 123456
181 123456
182 123456
183 123456
184 123456
185 123456
186 123456
187 123456
188 123456
189 123456
190 123456
191 123456
192 123456
193 123456
194 123456
195 123456
196 123456
197 123456
198 123456
199 123456
200 123456
201 123456
202 123456
203 123456
204 123456
205 123456
206 123456
207 123456
208 123456
209 123456
210 123456
211 123456
212 123456
213 123456
214 123456
215 123456
216 123456
217 123456
218 123456
219 123456
220 123456
221 123456
222 123456
223 123456
224 123456
225 123456
226 123456
227 123456
228 123456
229 123456
230 123456
231 123456
232 123456
233 123456
234 123456
235 123456
236 123456
237 123456
238 123456
239 123456
240 123456
241 123456
242 123456
243 123456
244 123456
245 123456
246 123456
247 123456
248 123456
249 123456
250 123456
251 123456
252 123456
253 123456
254 123456
255 123456
256 123456
257 123456
258 123456
259 123456
260 123456
261 123456
262 123456
263 123456
264 123456
265 123456
266 123456
267 123456
268 123456
269 123456
270 123456
271 123456
272 123456
273 123456
274 123456
275 123456
276 123456
277 123456
278 123456
279 123456
280 123456
281 123456
282 123456
283 123456
284 123456
285 123456
286 123456
287 123456
288 123456
289 123456
290 123456
291 123456
292 123456
293 123456
294 123456
295 123456
296 123456
297 123456
298 123456
299 123456
300 123456
301 123456
302 123456
303 123456
304 123456
305 123456
306 123456
307 123456
308 123456
309 123456
310 123456
311 123456
312 123456
313 123456
314 123456
315 123456
316 123456
317 123456
318 123456
319 123456
320 123456
321 123456
322 123456
323 123456
324 123456
325 123456
326 123456
327 123456
328 123456
329 123456
330 123456
331 123456
332 123456
333 123456
334 123456
335 123456
336 123456
337 123456
338 123456
339 123456
340 123456
341 123456
342 123456
343 123456
344 123456
345 123456
346 123456
347 123456
348 123456
349 123456
350 123456
351 123456
352 123456
353 123456
354 123456
355 123456
356 123456
357 123456
358 123456
359 123456
360 123456
361 123456
362 123456
363 123456
364 123456
365 123456
366 123456
367 123456
368 123456
369 123456
370 123456
371 123456
372 123456
373 123456
374 123456
375 123456
376 123456
377 123456
378 123456
379 123456
380 123456
381 123456
382 123456
383 123456
384 123456
385 123456
386 123456
387 123456
388 123456
389 123456
390 123456
391 123456
392 123456
393 123456
394 123456
395 123456
396 123456
397 123456
398 123456
399 123456
400 123456
401 123456
402 123456
403 123456
404 123456
405 123456
406 123456
407 123456
408 123456
409 123456
410 123456
411 123456
412 123456
413 123456
414 123456
415 123456
416 123456
417 123456
418 123456
419 123456
420 123456
421 123456
422 123456
423 123456
424 123456
425 123456
426 123456
427 123456
428 123456
429 123456
430 123456
431 123456
432 123456
433 123456
434 123456
435 123456
436 123456
437 123456
438 123456
439 123456
440 123456
441 123456
442 123456
443 123456
444 123456
445 123456
446 123456
447 123456
448 123456
449 123456
450 123456
451 123456
452 123456
453 123456
454 123456
455 123456
456 123456
457 123456
458 123456
459 123456
460 123456
461 123456
462 123456
463 123456
464 123456
465 123456
466 123456
467 123456
468 123456
469 123456
470 123456
471 123456
472 123456
473 123456
474 123456
475 123456
476 123456
477 123456
478 123456
479 123456
480 123456
481 123456
482 123456
483 123456
484 123456
485 123456
486 123456
487 123456
488 123456
489 123456
490 123456
491 123456
492 123456
493 123456
494 123456
495 123456
496 123456
497 123456
498 123456
499 123456
500 123456
501 123456
502 123456
503 123456
504 123456
505 123456
506 123456
507 123456
508 123456
509 123456
510 123456
511 123456
512 123456
513 123456
514 123456
515 123456
516 123456
517 123456
518 123456
519 123456
520 123456
521 123456
522 123456
523 123456
524 123456
525 123456
526 123456
527 123456
528 123456
529 123456
530 123456
531 123456
532 123456
533 123456
534 123456
535 123456
536 123456
537 123456
538 123456
539 123456
540 123456
541 123456
542 123456
543 123456
544 123456
545 123456
546 123456
547 123456
548 123456
549 123456
550 123456
551 123456
552 123456
553 123456
554 123456
555 123456
556 123456
557 123456
558 123456
559 123456
560 123456
561 123456
562 123456
563 123456
564 123456
565 123456
566 123456
567 123456
568 123456
569 123456
570 123456
571 123456
572 123456
573 123456
574 123456
575 123456
576 123456
577 123456
578 123456
579 123456
580 123456
581 123456
582 123456
583 123456
584 123456
585 123456
586 123456
587 123456
588 123456
589 123456
590 123456
591 123456
592 123456
593 123456
594 123456
595 123456
596 123456
597 123456
598 123456
599 123456
600 123456
601 123456
602 123456
603 123456
604 123456
605 123456
606 123456
607 123456
608 123456
609 123456
610 123456
611 123456
612 123456
613 123456
614 123456
615 123456
616 123456
617 123456
618 123456
619 123456
620 123456
621 123456
622 123456
623 123456
624 123456
625 123456
626 123456
627 123456
628 123456
629 123456
630 123456
631 123456
632 123456
633 123456
634 123456
635 123456
636 123456
637 123456
638 123456
639 123456
640 123456
641 123456
642 123456
643 123456
644 123456
645 123456
646 123456
647 123456
648 123456
649 123456
650 123456
651 123456
652 123456
653 123456
654 123456
655 123456
656 123456
657 123456
658 123456
659 123456
660 123456
661 123456
662 123456
663 123456
664 123456
665 123456
666 123456
667 123456
668 123456
669 123456
670 123456
671 123456
672 123456
673 123456
674 123456
675 123456
676 123456
677 123456
678 123456
679 123456
680 123456
681 123456
682 123456
683 123456
684 123456
685 123456
686 123456
687 123456
688 123456
689 123456
690 123456
691 123456
692 123456
693 123456
694 123456
695 123456
696 123456
697 123456
698 123456
699 123456
700 123456
701 123456
702 123456
703 123456
704 123456
705 123456
706 123456
707 123456
708 123456
709 123456
710 123456
711 123456
712 123456
713 123456
714 123456
715 123456
716 123456
717 123456
718 123456
719 123456
720 123456
721 123456
722 123456
723 123456
724 123456
725 123456
726 123456
727 123456
728 123456
729 123456
730 123456
731 123456
732 123456
733 123456
734 123456
735 123456
736 123456
737 123456
738 123456
739 123456
740 123456
741 123456
742 123456
743 123456
744 123456
745 123456
746 123456
747 123456
748 123456
749 123456
750 123456
751 123456
752 123456
753 123456
754 123456
755 123456
756 123456
757 123456
758 123456
759 123456
760 123456
761 123456
762 123456
763 123456
764 123456
765 123456
766 123456
767 123456
768 123456
769 123456
770 123456
771 123456
772 123456
773 123456
774 123456
775 123456
776 123456
777 123456
778 123456
779 123456
780 123456
781 123456
782 123456
783 123456
784 123456
785 123456
786 123456
787 123456
788 123456
789 123456
790 123456
791 123456
792 123456
793 123456
794 123456
795 123456
796 123456
797 123456
798 123456
799 123456
800 123456
801 123456
802 123456
803 123456
804 123456
805 123456
806 123456
807 123456
808 123456
809 123456
810 123456
811 123456
812 123456
813 123456
814 123456
815 123456
816 123456
817 123456
818 123456
819 123456
820 123456
821 123456
822 123456
823 123456
824 123456
825 123456
826 123456
827 123456
828 123456
829 123456
830 123456
831 123456
832 123456
833 123456
834 123456
835 123456
836 123456
837 123456
838 123456
839 123456
840 123456
841 123456
842 123456
843 123456
844 123456
845 123456
846 123456
847 123456
848 123456
849 123456
850 123456
851 123456
852 123456
853 123456
854 123456
855 123456
856 123456
857 123456
858 123456
859 123456
860 123456
861 123456
862 123456
863 123456
864 123456
865 123456
866 123456
867 123456
868 123456
869 123456
870 123456
871 123456
872 123456
873 123456
874 123456
875 123456
876 123456
877 123456
878 123456
879 123456
880 123456
881 123456
882 123456
883 123456
884 123456
885 123456
886 123456
887 123456
888 123456
889 123456
890 123456
891 123456
892 123456
893 123456
894 123456
895 123456
896 123456
897 123456
898 123456
899 123456
900 123456
901 123456
902 123456
903 123456
904 123456
905 123456
906 123456
907 123456
908 123456
909 123456
910 123456
911 123456
912 123456
913 123456
914 123456
915 123456
916 123456
917 123456
918 123456
919 123456
920 123456
921 123456
922 123456
923 123456
924 123456
925 123456
926 123456
927 123456
928 123456
929 123456
930 123456
931 123456
932 123456
933 123456
934 123456
935 123456
936 123456
937 123456
938 123456
939 123456
940 123456
941 123456
942 123456
943 123456
944 123456
945 123456
946 123456
947 123456
948 123456
949 123456
950 123456
951 123456
952 123456
953 123456
954 123456
955 123456
956 123456
957 123456
958 123456
959 123456
960 123456
961 123456
962 123456
963 123456
964 123456
965 123456
966 123456
967 123456
968 123456
969 123456
970 123456
971 123456
972 123456
973 123456
974 123456
975 123456
976 123456
977 123456
978 123456
979 123456
980 123456
981 123456
982 123456
983 123456
984 123456
985 123456
986 123456
987 123456
988 123456
989 123456
990 123456
991 123456
992 123456
993 123456
994 123456
995 123456
996 123456
997 123456
998 123456
999 123456
1000 123456
1001 123456
1002 123456
1003 123456
1004 123456
1005 123456
1006 123456
1007 123456
1008 123456
1009 123456
1010 123456
1011 123456
1012 123456
1013 123456
1014 123456
1015 123456
1016 123456
1017 123456
1018 123456
1019 123456
1020 123456
1021 123456
1022 123456
1023 123456
1024 123456
1025 123456
1026 123456
1027 123456
1028 123456
1029 123456
1030 123456
1031 123456
1032 123456
1033 123456
1034 123456
1035 123456
1036 123456
1037 123456
1038 123456
1039 123456
1040 123456
1041 123456
1042 123456
1043 123456
1044 123456
1045 123456
1046 123456
1047 123456
1048 123456
1049 123456
1050 123456
1051 123456
1052 123456
1053 123456
1054 123456
1055 123456
1056 123456
1057 123456
1058 123456
1059 123456
1060 123456
1061 123456
1062 123456
1063 123456
1064 123456
1065 123456
1066 123456
1067 123456
1068 123456
1069 123456
1070 123456
1071 123456
1072 123456
1073 123456
1074 123456
1075 123456
1076 123456
1077 123456
1078 123456
1079 123456
1080 123456
1081 123456
1082 123456
1083 123456
1084 123456
1085 123456
1086 123456
1087 123456
1088 123456
1089 123456
1090 123456
1091 123456
1092 123456
1093 123456
1094 123456
1095 123456
1096 123456
1097 123456
1098 123456
1099 123456
1100 123456
1101 123456
1102 123456
1103 123456
1104 123456
1105 123456
1106 123456
1107 123456
1108 123456
1109 123456
1110 123456
1111 123456
1112 123456
1113 123456
1114 123456
1115 123456
1116 123456
1117 123456
1118 123456
1119 123456
1120 123456
1121 123456
1122 123456
1123 123456
1124 123456
1125 123456
1126 123456
1127 123456
1128 123456
1129 123456
1130 123456
1131 123456
1132 123456
1133 123456
1134 123456
1135 123456
1136 123456
1137 123456
1138 123456
1139 123456
1140 123456
1141 123456
1142 123456
1143 123456
1144 123456
1145 123456
1146 123456
1147 123456
1148 123456
1149 123456
1150 123456
1151 123456
1152 123456
1153 123456
1154 123456
1155 123456
1156 123456
1157 123456
1158 123456
1159 123456
1160 123456
1161 123456
1162 123456
1163 123456
1164 123456
1165 123456
1166 123456
1167 123456
1168 123456
1169 123456
1170 123456
1171 123456
1172 123456
1173 123456
1174 123456
1175 123456
1176 123456
1177 123456
1178 123456
1179 123456
1180 123456
1181 123456
1182 123456
1183 123456
1184 123456
1185 123456
1186 123456
1187 123456
1188 123456
1189 123456
1190 123456
1191 123456
1192 123456
1193 123456
1194 123456
1195 123456
1196 123456
1197 123456
1198 123456
1199 123456
1200 123456
1201 123456
1202 123456
1203 123456
1204 123456
1205 123456
1206 123456
1207 123456
1208 123456
1209 123456
1210 123456
1211 123456
1212 123456
1213 123456
1214 123456
1215 123456
1216 123456
1217 123456
1218 123456
1219 123456
1220 123456
1221 123456
1222 123456
1223 123456
1224 123456
1225 123456
1226 123456
1227 123456
1228 123456
1229 123456
1230 123456
1231 123456
1232 123456
1233 123456
1234 123456
1235 123456
1236 123456
1237 123456
1238 123456
1239 123456
1240 123456
1241 123456
1242 123456
1243 123456
1244 123456
1245 123456
1246 123456
1247 123456
1248 123456
1249 123456
1250 123456
1251 123456
1252 123456
1253 123456
1254 123456
1255 123456
1256 123456
1257 123456
1258 123456
1259 123456
1260 123456
1261 123456
1262 123456
1263 123456
1264 123456
1265 123456
1266 123456
1267 123456
1268 123456
1269 123456
1270 123456
1271 123456
1272 123456
1273 123456
1274 123456
1275 123456
1276 123456
1277 123456
1278 123456
1279 123456
1280 123456
1281 123456
1282 123456
1283 123456
1284 123456
1285 123456
1286 123456
1287 123456
1288 123456
1289 123456
1290 123456
1291 123456
1292 123456
1293 123456
1294 123456
1295 123456
1296 123456
1297 123456
1298 123456
1299 123456
1300 123456
1301 123456
1302 123456
1303 123456
1304 123456
1305 123456
1306 123456
1307 123456
1308 123456
1309 123456
1310 123456
1311 123456
1312 123456
1313 123456
1314 123456
1315 123456
1316 123456
1317 123456
1318 123456
1319 123456
1320 123456
1321 123456
1322 123456
1323 123456
1324 123456
1325 123456
1326 123456
1327 123456
1328 123456
1329 123456
1330 123456
1331 123456
1332 123456
1333 123456
1334 123456
1335 123456
1336 123456
1337 123456
1338 123456
1339 123456
1340 123456
1341 123456
1342 123456
1343 123456
1344 123456
1345 123456
1346 123456
1347 123456
1348 123456
1349 123456
1350 123456
1351 123456
1352 123456
1353 123456
1354 123456
1355 123456
1356 123456
1357 123456
1358 123456
1359 123456
1360 123456
1361 123456
1362 123456
1363 123456
1364 123456
1365 123456
1366 123456
1367 123456
1368 123456
1369 123456
1370 123456
1371 123456
1372 123456
1373 123456
1374 123456
1375 123456
1376 123456
1377 123456
1378 123456
1379 123456
1380 123456
1381 123456
1382 123456
1383 123456
1384 123456
1385 123456
1386 123456
1387 123456
1388 123456
1389 123456
1390 123456
1391 123456
1392 123456
1393 123456
1394 123456
1395 123456
1396 123456
1397 123456
1398 123456
1399 123456
1400 123456
1401 123456
1402 123456
1403 123456
1404 123456
1405 123456
1406 123456
1407 123456
1408 123456
1409 123456
1410 123456
1411 123456
1412 123456
1413 123456
1414 123456
1415 123456
1416 123456
1417 123456
1418 123456
1419 123456
1420 123456
1421 123456
1422 123456
1423 123456
1424 123456
1425 123456
1426 123456
1427 123456
1428 123456
1429 123456
1430 123456
1431 123456
1432 123456
1433 123456
1434 123456
1435 123456
1436 123456
1437 123456
1438 123456
1439 123456
1440 123456
1441 123456
1442 123456
1443 123456
1444 123456
1445 123456
1446 123456
1447 123456
1448 123456
1449 123456
1450 123456
1451 123456
1452 123456
1453 123456
1454 123456
1455 123456
1456 123456
1457 123456
1458 123456
1459 123456
1460 123456
1461 123456
1462 123456
1463 123456
1464 123456
1465 123456
1466 123456
1467 123456
1468 123456
1469 123456
1470 123456
1471 123456
1472 123456
1473 123456
1474 123456
1475 123456
1476 123456
1477 123456
1478 123456
1479 123456
1480 123456
1481 123456
1482 123456
1483 123456
1484 123456
1485 123456
1486 123456
1487 123456
1488 123456
1489 123456
1490 123456
1491 123456
1492 123456
1493 123456
1494 123456
1495 123456
1496 123456
1497 123456
1498 123456
1499 123456
1500 123456
1501 123456
1502 123456
1503 123456
1504 123456
1505 123456
1506 123456
1507 123456
1508 123456
1509 123456
1510 123456
1511 123456
1512 123456
1513 123456
1514 123456
1515 123456
1516 123456
1517 123456
1518 123456
1519 123456
1520 123456
1521 123456
1522 123456
1523 123456
1524 123456
1525 123456
1526 123456
1527 123456
1528 123456
1529 123456
1530 123456
1531 123456
1532 123456
1533 123456
1534 123456
1535 123456
1536 123456
1537 123456
1538 123456
1539 123456
1540 123456
1541 123456
1542 123456
1543 123456
1544 123456
1545 123456
1546 123456
1547 123456
1548 123456
1549 123456
1550 123456
1551 123456
1552 123456
1553 123456
1554 123456
1555 123456
1556 123456
1557 123456
1558 123456
1559 123456
1560 123456
1561 123456
1562 123456
1563 123456
1564 123456
1565 123456
1566 123456
1567 123456
1568 123456
1569 123456
1570 123456
1571 123456
1572 123456
1573 123456
1574 123456
1575 123456
1576 123456
1577 123456
1578 123456
1579 123456
1580 123456
1581 123456
1582 123456
1583 123456
1584 123456
1585 123456
1586 123456
1587 123456
1588 123456
1589 123456
1590 123456
1591 123456
1592 123456
1593 123456
1594 123456
1595 123456
1596 123456
1597 123456
1598 123456
1599 123456
1600 123456
1601 123456
1602 123456
1603 123456
1604 123456
1605 123456
1606 123456
1607 123456
1608 123456
1609 123456
1610 123456
1611 123456
1612 123456
1613 123456
1614 123456
1615 123456
1616 123456
1617 123456
1618 123456
1619 123456
1620 123456
1621 123456
1622 123456
1623 123456
1624 123456
1625 123456
1626 123456
1627 123456
1628 123456
1629 123456
1630 123456
1631 123456
1632 123456
1633 123456
1634 123456
1635 123456
1636 123456
1637 123456
1638 123456
1639 123456
1640 123456
1641 123456
1642 123456
1643 123456
1644 123456
1645 123456
1646 123456
1647 123456
1648 123456
1649 123456
1650 123456
1651 123456
1652 123456
1653 123456
1654 123456
1655 123456
1656 123456
1657 123456
1658 123456
1659 123456
1660 123456
1661 123456
1662 123456
1663 123456
1664 123456
1665 123456
1666 123456
1667 123456
1668 123456
1669 123456
1670 123456
1671 123456
1672 123456
1673 123456
1674 123456
1675 123456
1676 123456
1677 123456
1678 123456
1679 123456
1680 123456
1681 123456
1682 123456
1683 123456
1684 123456
1685 123456
1686 123456
1687 123456
1688 123456
1689 123456
1690 123456
1691 123456
1692 123456
1693 123456
1694 123456
1695 123456
1696 123456
1697 123456
1698 123456
1699 123456
1700 123456
1701 123456
1702 123456
1703 123456
1704 123456
1705 123456
1706 123456
1707 123456
1708 123456
1709 123456
1710 123456
1711 123456
1712 123456
1713 123456
1714 123456
1715 123456
1716 123456
1717 123456
1718 123456
1719 123456
1720 123456
1721 123456
1722 123456
1723 123456
1724 123456
1725 123456
1726 123456
1727 123456
1728 123456
1729 123456
1730 123456
1731 123456
1732 123456
1733 123456
1734 123456
1735 123456
1736 123456
1737 123456
1738 123456
1739 123456
1740 123456
1741 123456
1742 123456
1743 123456
1744 123456
1745 123456
1746 123456
1747 123456
1748 123456
1749 123456
1750 123456
1751 123456
1752 123456
1753 123456
1754 123456
1755 123456
1756 123456
1757 123456
1758 123456
1759 123456
1760 123456
1761 123456
1762 123456
1763 123456
1764 123456
1765 123456
1766 123456
1767 123456
1768 123456
1769 123456
1770 123456
1771 123456
1772 123456
1773 123456
1774 123456
1775 123456
1776 123456
1777 123456
1778 123456
1779 123456
1780 123456
1781 123456
1782 123456
1783 123456
1784 123456
1785 123456
1786 123456
1787 123456
1788 123456
1789 123456
1790 123456
1791 123456
1792 123456
1793 123456
1794 123456
1795 123456
1796 123456
1797 123456
1798 123456
1799 123456
1800 123456
1801 123456
1802 123456
1803 123456
1804 123456
1805 123456
1806 123456
1807 123456
1808 123456
1809 123456
1810 123456
1811 123456
1812 123456
1813 123456
1814 123456
1815 123456
1816 123456
1817 123456
1818 123456
1819 123456
1820 123456
1821 123456
1822 123456
1823 123456
1824 123456
1825 123456
1826 123456
1827 123456
1828 123456
1829 123456
1830 123456
1831 123456
1832 123456
1833 123456
1834 123456
1835 123456
1836 123456
1837 123456
1838 123456
1839 123456
1840 123456
1841 123456
1842 123456
1843 123456
1844 123456
1845 123456
1846 123456
1847 123456
1848 123456
1849 123456
1850 123456
1851 123456
1852 123456
1853 123456
1854 123456
1855 123456
1856 123456
1857 123456
1858 123456
1859 123456
1860 123456
1861 123456
1862 123456
1863 123456
1864 123456
1865 123456
1866 123456
1867 123456
1868 123456
1869 123456
1870 123456
1871 123456
1872 123456
1873 123456
1874 123456
1875 123456
1876 123456
1877 123456
1878 123456
1879 123456
1880 123456
1881 123456
1882 123456
1883 123456
1884 123456
1885 123456
1886 123456
1887 123456
1888 123456
1889 123456
1890 123456
1891 123456
1892 123456
1893 123456
1894 123456
1895 123456
1896 123456
1897 123456
1898 123456
1899 123456
1900 123456
1901 123456
1902 123456
1903 123456
1904 123456
1905 123456
1906 123456
1907 123456
1908 123456
1909 123456
1910 123456
1911 123456
1912 123456
1913 123456
1914 123456
1915 123456
1916 123456
1917 123456
1918 123456
1919 123456
1920 123456
1921 123456
1922 123456
1923 123456
1924 123456
1925 123456
1926 123456
1927 123456
1928 123456
1929 123456
1930 123456
1931 123456
1932 123456
1933 123456
1934 123456
1935 123456
1936 123456
1937 123456
1938 123456
1939 123456
1940 123456
1941 123456
1942 123456
1943 123456
1944 123456
1945 123456
1946 123456
1947 123456
1948 123456
1949 123456
1950 123456
1951 123456
1952 123456
1953 123456
1954 123456
1955 123456
1956 123456
1957 123456
1958 123456
1959 123456
1960 123456
1961 123456
1962 123456
1963 123456
1964 123456
1965 123456
1966 123456
1967 123456
1968 123456
1969 123456
1970 123456
1971 123456
1972 123456
1973 123456
1974 123456
1975 123456
1976 123456
1977 123456
1978 123456
1979 123456
1980 123456
1981 123456
1982 123456
1983 123456
1984 123456
1985 123456
1986 123456
1987 123456
1988 123456
1989 123456
1990 123456
1991 123456
1992 123456
1993 123456
1994 123456
1995 123456
1996 123456
1997 123456
1998 123456
1999 123456
2000 123456
2001 123456
2002 123456
2003 123456
2004 123456
2005 123456
2006 123456
2007 123456
2008 123456
2009 123456
2010 123456
2011 123456
2012 123456
2013 123456
2014 123456
2015 123456
2016 123456
2017 123456
2018 123456
2019 123456
2020 123456
2021 123456
2022 123456
2023 123456
2024 123456
2025 123456
2026 123456
2027 123456
2028 123456
2029 123456
2030 123456
2031 123456
2032 123456
2033 123456
2034 123456
2035 123456
2036 123456
2037 123456
2038 123456
2039 123456
2040 123456
2041 123456
2042 123456
2043 123456
2044 123456
2045 123456
2046 123456
2047 123456
2048 123456
2049 123456
2050 123456
2051 123456
2052 123456
2053 123456
2054 123456
2055 123456
2056 123456
2057 123456
2058 123456
2059 123456
2060 123456
2061 123456
2062 123456
2063 123456
2064 123456
2065 123456
2066 123456
2067 123456
2068 123456
2069 123456
2070 123456
2071 123456
2072 123456
2073 123456
2074 123456
2075 123456
2076 123456
2077 123456
2078 123456
2079 123456
2080 123456
2081 123456
2082 123456
2083 123456
2084 123456
2085 123456
2086 123456
2087 123456
2088 123456
2089 123456
2090 123456
2091 123456
2092 123456
2093 123456
2094 123456
2095 123456
2096 123456
2097 123456
2098 123456
2099 123456
2100 123456
2101 123456
2102 123456
2103 123456
2104 123456
2105 123456
2106 123456
2107 123456
2108 123456
2109 123456
2110 123456
2111 123456
2112 123456
2113 123456
2114 123456
2115 123456
2116 123456
2117 123456
2118 123456
2119 123456
2120 123456
2121 123456
2122 123456
2123 123456
2124 123456
2125 123456
2126 123456
2127 123456
2128 123456
2129 123456
2130 123456
2131 123456
2132 123456
2133 123456
2134 123456
2135 123456
2136 123456
2137 123456
2138 123456
2139 123456
2140 123456
2141 123456
2142 123456
2143 123456
2144 123456
2145 123456
2146 123456
2147 123456
2148 123456
2149 123456
2150 123456
2151 123456
2152 123456
2153 123456
2154 123456
2155 123456
2156 123456
2157 123456
2158 123456
2159 123456
2160 123456
2161 123456
2162 123456
2163 123456
2164 123456
2165 123456
2166 123456
2167 123456
2168 123456
2169 123456
2170 123456
2171 123456
2172 123456
2173 123456
2174 123456
2175 123456
2176 123456
2177 123456
2178 123456
2179 123456
2180 123456
2181 123456
2182 123456
2183 123456
2184 123456
2185 123456
2186 123456
2187 123456
2188 123456
2189 123456
2190 123456
2191 123456
2192 123456
2193 123456
2194 123456
2195 123456
2196 123456
2197 123456
2198 123456
2199 123456
2200 123456
2201 123456
2202 123456
2203 123456
2204 123456
2205 123456
2206 123456
2207 123456
2208 123456
2209 123456
2210 123456
2211 123456
2212 123456
2213 123456
2214 123456
2215 123456
2216 123456
2217 123456
2218 123456
2219 123456
2220 123456
2221 123456
2222 123456
2223 123456
2224 123456
2225 123456
2226 123456
2227 123456
2228 123456
2229 123456
2230 123456
2231 123456
2232 123456
2233 123456
2234 123456
2235 123456
2236 123456
2237 123456
2238 123456
2239 123456
2240 123456
2241 123456
2242 123456
2243 123456
2244 123456
2245 123456
2246 123456
2247 123456
2248 123456
2249 123456
2250 123456
2251 123456
2252 123456
2253 123456
2254 123456
2255 123456
2256 123456
2257 123456
2258 123456
2259 123456
2260 123456
2261 123456
2262 123456
2263 123456
2264 123456
2265 123456
2266 123456
2267 123456
2268 123456
2269 123456
2270 123456
2271 123456
2272 123456
2273 123456
2274 123456
2275 123456
2276 123456
2277 123456
2278 123456
2279 123456
2280 123456
2281 123456
2282 123456
2283 123456
2284 123456
2285 123456
2286 123456
2287 123456
2288 123456
2289 123456
2290 123456
2291 123456
2292 123456
2293 123456
2294 123456
2295 123456
2296 123456
2297 123456
2298 123456
2299 123456
2300 123456
2301 123456
2302 123456
2303 123456
2304 123456
2305 123456
2306 123456
2307 123456
2308 123456
2309 123456
2310 123456
2311 123456
2312 123456
2313 123456
2314 123456
2315 123456
2316 123456
2317 123456
2318 123456
2319 123456
2320 123456
2321 123456
2322 123456
2323 123456
2324 123456
2325 123456
2326 123456
2327 123456
2328 123456
2329 123456
2330 123456
2331 123456
2332 123456
2333 123456
2334 123456
2335 123456
2336 123456
2337 123456
2338 123456
2339 123456
2340 123456
2341 123456
2342 123456
2343 123456
2344 123456
2345 123456
2346 123456
2347 123456
2348 123456
2349 123456
2350 123456
2351 123456
2352 123456
2353 123456
2354 123456
2355 123456
2356 123456
2357 123456
2358 123456
2359 123456
2360 123456
2361 123456
2362 123456
2363 123456
2364 123456
2365 123456
2366 123456
2367 123456
2368 123456
2369 123456
2370 123456
2371 123456
2372 123456
2373 123456
2374 123456
2375 123456
2376 123456
2377 123456
2378 123456
2379 123456
2380 123456
2381 123456
2382 123456
2383 123456
2384 123456
2385 123456
2386 123456
2387 123456
2388 123456
2389 123456
2390 123456
2391 123456
2392 123456
2393 123456
2394 123456
2395 123456
2396 123456
2397 123456
2398 123456
2399 123456
2400 123456
2401 123456
2402 123456
2403 123456
2404 123456
2405 123456
2406 123456
2407 123456
2408 123456
2409 123456
2410 123456
2411 123456
2412 123456
2413 123456
2414 123456
2415 123456
2416 123456
2417 123456
2418 123456
2419 123456
2420 123456
2421 123456
2422 123456
2423 123456
2424 123456
2425 123456
2426 123456
2427 123456
2428 123456
2429 123456
2430 123456
2431 123456
2432 123456
2433 123456
2434 123456
2435 123456
2436 123456
2437 123456
2438 123456
2439 123456
2440 123456
2441 123456
2442 123456
2443 123456
2444 123456
2445 123456
2446 123456
2447 123456
2448 123456
2449 123456
2450 123456
2451 123456
2452 123456
2453 123456
2454 123456
2455 123456
2456 123456
2457 123456
2458 123456
2459 123456
2460 123456
2461 123456
2462 123456
2463 123456
2464 123456
2465 123456
2466 123456
2467 123456
2468 123456
2469 123456
2470 123456
2471 123456
2472 123456
2473 123456
2474 123456
2475 123456
2476 123456
2477 123456
2478 123456
2479 123456
2480 123456
2481 123456
2482 123456
2483 123456
2484 123456
2485 123456
2486 123456
2487 123456
2488 123456
2489 123456
2490 123456
2491 123456
2492 123456
2493 123456
2494 123456
2495 123456
2496 123456
2497 123456
2498 123456
2499 123456
2500 123456
2501 123456
2502 123456
2503 123456
2504 123456
2505 123456
2506 123456
2507 123456
2508 123456
2509 123456
2510 123456
2511 123456
2512 123456
2513 123456
2514 123456
2515 123456
2516 123456
2517 123456
2518 123456
2519 123456
2520 123456
2521 123456
2522 123456
2523 123456
2524 123456
2525 123456
2526 123456
2527 123456
2528 123456
2529 123456
2530 123456
2531 123456
2532 123456
2533 123456
2534 123456
2535 123456
2536 123456
2537 123456
2538 123456
2539 123456
2540 123456
2541 123456
2542 123456
2543 123456
2544 123456
2545 123456
2546 123456
2547 123456
2548 123456
2549 123456
2550 123456
2551 123456
2552 123456
2553 123456
2554 123456
2555 123456
2556 123456
2557 123456
2558 123456
2559 123456
2560 123456
2561 123456
2562 123456
2563 123456
2564 123456
2565 123456
2566 123456
2567 123456
2568 123456
2569 123456
2570 123456
2571 123456
2572 123456
2573 123456
2574 123456
2575 123456
2576 123456
2577 123456
2578 123456
2579 123456
2580 123456
2581 123456
2582 123456
2583 123456
2584 123456
2585 123456
2586 123456
2587 123456
2588 123456
2589 123456
2590 123456
2591 123456
2592 123456
2593 123456
2594 123456
2595 123456
2596 123456
2597 123456
2598 123456
2599 123456
2600 123456
2601 123456
2602 123456
2603 123456
2604 123456
2605 123456
2606 123456
2607 123456
2608 123456
2609 123456
2610 123456
2611 123456
2612 123456
2613 123456
2614 123456
2615 123456
2616 123456
2617 123456
2618 123456
2619 123456
2620 123456
2621 123456
2622 123456
2623 123456
2624 123456
2625 123456
2626 123456
2627 123456
2628 123456
2629 123456
2630 123456
2631 123456
2632 123456
2633 123456
2634 123456
2635 123456
2636 123456
2637 123456
2638 123456
2639 123456
2640 123456
2641 123456
2642 123456
2643 123456
2644 123456
2645 123456
2646 123456
2647 123456
2648 123456
2649 123456
2650 123456
2651 123456
2652 123456
2653 123456
2654 123456
2655 123456
2656 123456
2657 123456
2658 123456
2659 123456
2660 123456
2661 123456
2662 123456
2663 123456
2664 123456
2665 123456
2666 123456
2667 123456
2668 123456
2669 123456
2670 123456
2671 123456
2672 123456
2673 123456
2674 123456
2675 123456
2676 123456
2677 123456
2678 123456
2679 123456
2680 123456
2681 123456
2682 123456
2683 123456
2684 123456
2685 123456
2686 123456
2687 123456
2688 123456
2689 123456
2690 123456
2691 123456
2692 123456
2693 123456
2694 123456
2695 123456
2696 123456
2697 123456
2698 123456
2699 123456
2700 123456
2701 123456
2702 123456
2703 123456
2704 123456
2705 123456
2706 123456
2707 123456
2708 123456
2709 123456
2710 123456
2711 123456
2712 123456
2713 123456
2714 123456
2715 123456
2716 123456
2717 123456
2718 123456
2719 123456
2720 123456
2721 123456
2722 123456
2723 123456
2724 123456
2725 123456
2726 123456
2727 123456
2728 123456
2729 123456
2730 123456
2731 123456
2732 123456
2733 123456
2734 123456
2735 123456
2736 123456
2737 123456
2738 123456
2739 123456
2740 123456
2741 123456
2742 123456
2743 123456
2744 123456
2745 123456
2746 123456
2747 123456
2748 123456
2749 123456
2750 123456
2751 123456
2752 123456
2753 123456
2754 123456
2755 123456
2756 123456
2757 123456
2758 123456
2759 123456
2760 123456
2761 123456
2762 123456
2763 123456
2764 123456
2765 123456
2766 123456
2767 123456
2768 123456
2769 123456
2770 123456
2771 123456
2772 123456
2773 123456
2774 123456
2775 123456
2776 123456
2777 123456
2778 123456
2779 123456
2780 123456
2781 123456
2782 123456
2783 123456
2784 123456
2785 123456
2786 123456
2787 123456
2788 123456
2789 123456
2790 123456
2791 123456
2792 123456
2793 123456
2794 123456
2795 123456
2796 123456
2797 123456
2798 123456
2799 123456
2800 123456
2801 123456
2802 123456
2803 123456
2804 123456
2805 123456
2806 123456
2807 123456
2808 123456
2809 123456
2810 123456
2811 123456
2812 123456
2813 123456
2814 123456
2815 123456
2816 123456
2817 123456
2818 123456
2819 123456
2820 123456
2821 123456
2822 123456
2823 123456
2824 123456
2825 123456
2826 123456
2827 123456
2828 123456
2829 123456
2830 123456
2831 123456
2832 123456
2833 123456
2834 123456
2835 123456
2836 123456
2837 123456
2838 123456
2839 123456
2840 123456
2841 123456
2842 123456
2843 123456
2844 123456
2845 123456
2846 123456
2847 123456
2848 123456
2849 123456
2850 123456
2851 123456
2852 123456
2853 123456
2854 123456
2855 123456
2856 123456
2857 123456
2858 123456
2859 123456
2860 123456
2861 123456
2862 123456
2863 123456
2864 123456
2865 123456
2866 123456
2867 123456
2868 123456
2869 123456
2870 123456
2871 123456
2872 123456
2873 123456
2874 123456
2875 123456
2876 123456
2877 123456
2878 123456
2879 123456
2880 123456
2881 123456
2882 123456
2883 123456
2884 123456
2885 123456
2886 123456
2887 123456
2888 123456
2889 123456
2890 123456
2891 123456
2892 123456
2893 123456
2894 123456
2895 123456
2896 123456
2897 123456
2898 123456
2899 123456
2900 123456
2901 123456
2902 123456
2903 123456
2904 123456
2905 123456
2906 123456
2907 123456
2908 123456
2909 123456
2910 123456
2911 123456
2912 123456
2913 123456
2914 123456
2915 123456
2916 123456
2917 123456
2918 123456
2919 123456
2920 123456
2921 123456
2922 123456
2923 123456
2924 123456
2925 123456
2926 123456
2927 123456
2928 123456
2929 123456
2930 123456
2931 123456
2932 123456
2933 123456
2934 123456
2935 123456
2936 123456
2937 123456
2938 123456
2939 123456
2940 123456
2941 123456
2942 123456
2943 123456
2944 123456
2945 123456
2946 123456
2947 123456
2948 123456
2949 123456
2950 123456
2951 123456
2952 123456
2953 123456
2954 123456
2955 123456
2956 123456
2957 123456
2958 123456
2959 123456
2960 123456
2961 123456
2962 123456
2963 123456
2964 123456
2965 123456
2966 123456
2967 123456
2968 123456
2969 123456
2970 123456
2971 123456
2972 123456
2973 123456
2974 123456
2975 123456
2976 123456
2977 123456
2978 123456
2979 123456
2980 123456
2981 123456
2982 123456
2983 123456
2984 123456
2985 123456
2986 123456
2987 123456
2988 123456
2989 123456
2990 123456
2991 123456
2992 123456
2993 123456
2994 123456
2995 123456
2996 123456
2997 123456
2998 123456
2999 123456
3000 123456
