2500
1549 175332929
1575 120682065
1021 827143516
796 529405634
798 81916754
237 574121610
440 254145566
1869 698463008
232 876655226
2015 123037227
712 89077183
797 620634424
247 257098680
962 715743288
566 780835650
1939 288774182
1902 899738481
396 874581919
1179 899626213
1401 306285006
1373 376410603
525 1673879
24 214099090
1695 407001757
2104 992698728
620 511996963
2412 274268104
2490 60959125
455 574629424
2202 907981293
511 538995188
1837 91292225
97 619379363
322 561173832
2162 457575545
776 271694815
557 114374854
2159 942258568
2327 187479482
2496 616389461
964 300998031
310 112838807
1065 169265953
1710 720349625
919 131573651
332 738093413
2339 661768458
306 503054797
383 828306297
1280 25736221
1768 317768976
860 952841634
1683 184951337
809 172360467
400 692432346
2046 124130340
565 592841321
2426 163156805
928 674412920
370 551191561
987 202271834
1346 911564022
1582 913797553
941 828661111
2270 595366387
632 129710598
2329 505888458
2041 129467419
1231 569716326
1989 140643960
1743 898314519
1705 259803455
1429 968459469
582 986630322
1181 631424953
1579 769193407
2128 620760546
1766 38583057
1152 419480383
1612 470546261
2269 597260004
422 533570342
1501 391693985
1226 150200221
546 680865910
185 183090579
805 473237593
376 812860622
2494 70348181
405 260385141
2173 891573801
1048 719522655
653 15709387
1141 711376253
18 495037909
517 68591486
101 410232508
844 974059691
1087 104246493
2499 645196831
1734 472164361
1659 886910769
2450 188444431
251 605466527
935 555381710
969 726250087
1081 823042705
2005 315228838
1560 585452208
1355 488615750
971 879470268
2047 14347460
1739 487775533
1278 820537578
758 510458489
648 313095796
1289 957050683
453 785960968
1213 548508704
1135 879622292
1680 802564963
802 174007636
528 177350876
631 669072307
732 807394590
307 355302684
2300 908378060
2137 894254289
146 336040733
561 81353928
1131 902783291
2138 79038872
1019 100350904
1376 387207332
156 842665489
702 159067183
2112 697230029
2136 209613734
2367 627161741
2430 246911484
1498 153007110
2053 752242618
1777 479167346
221 958199111
788 705082190
2337 495270177
1834 392269210
1971 177016397
1592 64885364
2004 567018080
896 597260105
1770 803114334
793 769193973
1422 170317702
2260 816172956
1370 797592785
958 863511765
1451 924823494
1386 59534064
1634 802439053
497 694939511
1481 573923006
149 299196941
2459 730597613
633 777600664
1516 392234329
316 431411621
1948 133161983
1493 214956856
1356 700583811
1030 182133635
1502 315989699
2127 80532835
519 832188403
2319 330395159
658 976616724
329 568769076
1613 940176676
2085 414940909
990 411224219
1089 625759769
321 150276919
1099 589735382
1345 846028798
131 825065377
1525 236281725
193 313510848
68 1788056
1189 683580348
1010 864648584
231 896050675
2401 430270769
1071 44051509
346 876503287
1353 739501368
448 687914586
272 486228054
1193 291060212
158 417505424
43 597371718
949 760543099
831 909014763
1523 124085096
2117 294160795
1232 468870068
574 8333800
1782 784257538
870 974514950
1453 76888599
1584 432092761
736 774392981
1900 543505653
867 240016445
269 992493512
2189 508508989
246 215315153
395 610636543
1956 249398711
483 72598557
1567 264065869
1946 774486806
1611 774526022
1405 776422671
504 329507979
1399 745125956
186 170053972
1359 190298699
1163 857142285
1848 546711435
1547 217704790
1731 904053778
1522 734133783
1053 345506030
114 784036655
520 12423343
1633 758254282
1589 4105661
1457 855954476
335 694824489
235 328803245
29 254432181
2316 444663150
1945 174284522
997 167671761
1892 990771557
1609 430702357
362 479876009
1035 103321170
1432 47023550
954 13149108
719 684471565
903 273480119
123 422445603
1585 877662248
826 451807611
2320 633559948
1199 934988096
2076 677355128
1265 209707185
398 277568142
2233 747630516
1912 96467613
594 176453702
701 135013321
1294 699252432
1760 131757180
339 930359129
1058 107781866
2468 364687373
1531 297699236
556 182782928
30 715703173
371 876765773
2428 819800045
1670 928145718
1638 363787187
263 565670326
885 726007576
1036 182565114
270 107574173
2002 97263104
2483 159563605
1288 218766661
738 366217181
1706 733099248
823 243651686
2255 797251151
1209 311030870
779 774779623
1838 158147705
1762 877726819
1666 20979083
1573 784278490
578 19879957
1354 38282416
2026 751084505
982 138681357
160 514951023
1515 449314172
743 53780605
1116 777133880
32 5869342
1635 683307532
637 338655067
2285 838212057
1574 791234529
963 535809093
593 422796959
1781 747100821
217 589498216
623 2144678
1941 65465583
2051 313055105
1721 399699599
472 443466197
1169 418373423
1040 795057102
2479 256127985
356 493956554
491 149661432
1896 593304339
536 750398356
2018 112967429
673 130518798
1325 709996427
1624 92760906
1068 581768296
1765 385299449
184 432775447
1252 172228713
1794 415982219
1162 356033370
1261 856688228
602 660920241
276 357100427
44 851187737
1829 931887420
264 51363009
1891 671379354
1161 122999063
1378 54941218
1494 296821679
2229 323758600
1175 42843719
323 266065248
130 102292439
1094 336871980
1172 991200391
292 945138908
1448 474820864
2028 543325464
1075 971184435
333 466565807
107 111640452
1876 832505268
2190 927238479
229 11646538
1672 752628542
1801 921046967
377 869632870
589 654682347
759 293862822
2171 852966496
2280 287258973
1467 864811344
2446 643323335
1069 850657277
2456 864100093
2102 211673454
1557 637854065
898 117863454
1663 283914686
1521 23812463
986 669787527
2211 176907342
1830 157268127
854 551605633
2470 426553516
1590 740511347
368 669997030
2198 143773861
1107 916711692
1029 835976382
1850 336867425
1637 41072533
203 736855701
1676 411029750
1888 137209684
1166 517858346
2289 186865532
2431 227301420
2058 413886382
1512 443163920
2035 170665295
1223 152544811
829 708049168
2356 630959462
1160 425713984
2274 733876985
336 455363972
1827 732050687
1415 324740234
1044 813262858
706 335051091
2487 29884916
966 452160991
2472 98878923
240 634686817
2165 929820819
595 694567758
444 195624559
439 812087088
2019 423710095
138 95606872
1149 35277729
550 868638130
348 501072460
421 482752209
1764 548767010
1249 916968428
787 819654337
1924 728192533
2318 345085107
469 781956098
814 174296143
2010 67463744
1043 764115782
1861 66108920
1716 289792502
1722 762435939
1816 556590947
344 587766866
1472 117817463
1318 827285767
592 649609365
1983 812218881
881 123775255
1042 368435621
226 576377316
2 695017340
1950 343673960
908 1044501
1708 634831200
2258 708581283
1418 413447176
1806 459174634
2210 110638265
1571 256955508
1427 201026218
2392 560120108
2410 452407725
2447 184701351
78 162585554
1104 847321766
681 754595692
304 523957336
2391 908452596
930 92220171
551 710849925
1577 217167751
180 202788586
1570 222880354
567 170264445
624 553323526
573 992778259
639 237283809
192 919988442
1720 366169632
1003 678880471
1239 658963137
92 328423437
1872 628091325
926 247531740
1825 338800742
1138 200323121
2214 16665526
2478 675410363
106 109487636
1085 271218948
2353 481220553
2312 280530052
1586 615391907
1186 766966456
1255 602374353
1323 553244480
2306 726318070
313 509913351
2477 411704171
2373 612483211
664 866610994
666 508478298
1539 367339356
1197 928212385
1313 208344904
564 180559960
580 462314870
2178 598125730
33 952939553
2313 957472553
1109 248032865
1434 825697813
506 435611738
490 558143132
1286 803388558
2387 739453615
2340 966579707
622 344772197
1646 143765719
1095 975394974
1813 315505591
1914 568915874
2103 105579589
1999 942252007
933 651384751
215 745138122
1849 820258368
2096 294572525
2366 676644259
2307 829429143
2022 397288968
524 436958704
283 404885235
2036 930095759
947 589928258
386 949345794
2365 596902108
640 724773182
418 97817106
1009 754677445
2441 385484935
2236 815506429
523 113979291
1000 249201311
468 795897627
1439 363179106
47 483240745
650 309975458
1419 988697518
1258 789568420
1112 256919917
927 397081618
2011 793045425
1779 344390284
1090 558050001
739 739117225
171 81148978
1240 511653631
1793 75181978
2141 720404588
2488 214686214
2467 283283915
1073 445883624
2296 885849784
1855 478957416
1426 785989226
880 142605700
1092 738535901
1913 586590573
1732 141948531
1214 991851401
2385 696371956
1475 993016118
2204 166631521
2406 723939485
835 50007790
159 414044975
1338 986714760
2050 204113381
1185 56100664
2422 66610287
709 502991863
2064 719522479
427 941536332
1580 399219298
945 139042577
554 652621194
153 714090280
1072 430791214
756 880937713
234 732755688
2055 371569987
2207 192726654
1008 239794105
1947 295845531
630 390519920
1488 202073498
2049 222193553
1603 692378825
1572 204315173
575 30789760
1562 266678795
983 397401602
2291 284865042
1282 602069056
452 95481746
717 993125337
1137 371837085
1327 242016582
753 25253893
726 118156808
1440 577014204
108 50214780
2315 166788500
2310 939369617
588 920414417
132 140805237
364 861886762
285 509380779
2455 146935648
1987 481354802
498 847276635
1831 251993433
529 27319236
768 246401602
2395 838863875
1966 964559969
512 562898846
372 56836335
113 398780805
837 349678031
2157 935807822
1686 5567706
2083 981001225
1505 508715827
1833 121874068
145 504431618
1957 310413372
841 959232291
1473 912037109
1984 259952593
1643 475982513
1471 116165001
2482 399644813
1114 421059284
1738 890258360
2317 922374191
1006 797317038
1797 708001819
1215 216627892
195 706037447
1940 10033592
2491 745086861
1086 909596858
906 952339199
1248 93164039
2256 554257336
874 500442502
2079 953431758
871 940435331
1898 237060905
1237 20860052
1699 94101863
937 610908258
1884 207493170
2133 151850857
1934 783088518
2348 760277756
1645 368133582
1444 646701782
1357 884802328
659 978835066
1640 51536676
2457 397561113
2328 693107305
1460 21328187
1202 832194698
830 282079789
2144 265333137
1693 575138215
669 490423845
271 719268827
116 167284776
481 425163857
2206 712685578
189 747357499
857 360950843
1964 988172075
1959 537993533
1091 873176226
1863 473303975
1978 264130041
696 192060571
2448 128076581
34 782458895
133 41995554
973 883914137
679 452251917
500 212082804
905 826261821
676 945991088
467 72078784
10 103261986
2030 640004533
1858 160241129
384 853014209
942 47932134
2235 343591219
275 588461608
1928 939052023
836 664540361
286 142174592
83 374798198
1365 203131338
1001 897034027
154 714437841
1868 613114133
1897 620541779
2212 939970744
1446 541375718
458 321922281
2500 958815859
290 577664740
2325 576699595
1602 254219589
1320 955507677
1889 311651842
1815 263049267
1917 200065701
2052 811895429
869 308632076
1477 88683240
2304 440778284
408 471298677
1052 59462130
786 82549145
877 30839467
783 104310585
1369 717211203
1476 907322892
2326 34799774
932 814400862
1270 539354687
1701 910025846
451 966899659
901 572231684
1703 988447475
1985 195465113
6 59518009
850 214515557
435 235948737
2460 267165926
1409 787281914
2248 595792327
2139 83907252
2016 324239149
2192 332873859
473 926592468
140 274734537
1171 594812334
1326 509259821
993 849485561
2023 946631137
907 513940780
236 210968557
74 579510212
1594 192799189
1621 1593225
1993 922950961
1111 980765913
777 974943170
2266 934185991
505 372593212
535 679594516
2224 472129252
255 506725058
45 137076260
707 390584113
351 168085963
570 73659891
2191 536838839
607 438425780
2184 172700592
771 922321833
715 641035779
1146 113588377
2109 133859348
1380 305856291
1852 825584526
2008 459050418
1082 581322442
1367 120999359
1206 39166175
1673 337366310
61 108700481
1136 748509098
820 686924474
687 483175862
443 566681324
579 998740869
2362 233568485
1437 243931107
1904 911758129
87 734614120
1626 133435244
1714 57294324
2492 721733787
1568 73796232
424 662991229
677 672059067
2039 337651101
2418 896783831
1177 389503863
1862 674081078
931 107351926
1798 705329306
314 832489605
848 412709944
862 956990596
782 977488824
2164 288821559
2097 670351905
104 962549711
1482 441704272
984 79002822
1665 441468087
1120 588006697
1363 209302319
1943 88411195
2375 360235858
1879 955024229
181 739361769
207 785118775
1100 301866177
678 978447207
1774 981805550
53 912894385
476 33145490
14 204034980
1962 575742017
772 601831767
125 344991393
1785 252099032
1304 148596222
1556 729048973
503 195897819
111 509278881
40 597983094
989 872427816
1742 473835187
684 667876420
2077 861665912
1814 133082887
1500 367501252
1124 481578085
1465 797295754
432 24580910
1630 868722442
2216 833567151
297 705894691
426 243347773
2243 155754682
1207 911396100
250 307836008
357 924182341
691 710352115
1362 319390481
1712 927024754
883 625809273
1629 424853742
936 364840216
800 761874363
766 486120155
401 547242843
654 128887465
606 96843168
1980 128279462
334 552265053
1039 17689267
2284 586901706
1459 893517063
1853 533255609
1576 729576802
842 421341808
258 145953525
858 871922101
2067 115978685
902 336107170
278 671102820
988 317264677
2150 555160184
1864 341773892
102 669003230
698 424166586
2149 529665249
2437 950656475
1311 40382570
341 9334389
1986 798315938
1803 81180889
1905 679566880
2271 332664503
1259 177522257
1396 346095631
999 247555835
1654 547580475
1915 25696610
2344 802875344
1004 158243511
162 948796773
2078 928161911
879 119177584
1312 581106356
1821 151141711
2372 54804539
402 319366194
834 241465697
2152 44694032
750 977176598
791 172256703
1696 768341409
166 193302067
2432 322745282
1754 475227083
518 639095197
1291 902475258
1201 758531785
1218 377898413
289 7243034
2113 502859126
608 284512517
2429 353401372
807 407090156
412 916559402
387 225430032
1420 590135057
748 793859060
1865 279375967
615 738645623
77 252624912
100 962013252
338 575963314
895 753885035
1002 419420385
1757 239525840
2213 13085082
1317 552933482
2069 133108378
2290 826094434
1807 189008865
1835 133154452
1558 866764563
568 657111859
409 101883811
2419 141531520
1024 85074765
856 425196302
1180 26938226
2120 265702766
311 278954522
516 179551028
2253 76875521
2060 63996780
1393 928849778
1735 857069155
244 685201138
2017 126719858
1618 214399747
1274 966906490
1110 292530274
913 553738669
760 687911067
2398 860264571
819 75051818
82 610364785
2231 216479495
2396 10507932
1874 653394103
16 483668388
152 867214897
755 29531893
1108 195027818
2287 575928437
2032 152894078
157 458221441
911 392554797
122 627353734
222 826406138
1407 460233696
49 624902188
2230 188821619
2223 23853921
1387 771310938
774 979933355
494 691164993
2063 214217997
293 782572796
1903 313714827
1281 726695326
545 147354496
1023 117026438
198 908162082
1382 412296932
1857 82340225
1625 252142596
38 386165260
827 647788557
1445 790440365
976 63571209
433 596480227
1648 344950323
713 531852962
2321 304572879
449 242137538
1205 388078579
818 848929048
1698 432573182
635 862388657
794 482124944
863 65516736
1641 29242977
584 770374058
1565 205650901
1647 44495477
2462 889610538
1128 634338825
2027 636831719
1342 42165759
2332 804693518
2043 581432159
2350 700127755
2040 948459141
2074 273746057
948 541212007
1484 479994331
2440 686064551
378 469656679
767 89575445
2263 13900198
431 450146684
1411 103823763
1923 371299774
62 685798093
337 860705823
1268 936553021
1404 590076669
2343 347584668
1011 308581310
2245 674938064
629 762618706
2390 330449413
456 728108588
1062 992536755
1907 834433177
1339 510334430
1949 892816389
1230 477722358
1936 238044804
81 820879123
959 617435951
218 463494993
1063 588825808
644 266411067
2242 54873825
1143 783401896
281 684619045
2276 969432567
1870 202827075
2084 222810334
1617 35842787
2388 949642202
544 431909002
1895 205004527
730 77947197
1811 918724497
1334 768700168
13 89461107
613 694298902
1371 16382121
610 127517540
1668 102511795
1789 115765540
1799 171048537
1741 614034760
894 774828322
2257 399465302
2115 377231684
1677 657612428
282 255111670
241 122370795
26 397101787
612 966454993
916 7750270
1707 393043405
972 608097471
407 362559626
1751 931417843
1559 71200838
1078 647194470
1452 58830359
1246 323189467
238 946563946
1234 279204772
1351 873641630
2268 904167475
2092 35474810
1894 722419719
1552 57644246
485 476831434
1747 557634970
667 628587281
614 735882704
1824 994330115
2425 848004746
1385 190454067
655 242622554
888 158919888
1769 416541065
1026 445971236
1296 30477083
2240 435841487
1614 272196661
2176 556571167
2114 857261404
318 401215667
884 129934503
454 961371286
2154 283121493
1487 431443483
1687 421501500
365 87464899
1018 172707810
2158 566994332
1616 501171103
510 311912987
1804 638592137
2101 193896039
2407 858296341
59 532971975
697 913016733
1403 139664292
1219 273913959
482 302947069
2029 219748064
1544 821306690
2232 506060601
206 837369393
981 778083334
2106 742277336
205 282897603
419 197279464
1056 301014165
1952 632246028
1105 721133525
541 610728992
539 814238313
1303 681996927
1669 303784067
586 287348546
1583 775420054
1348 755001096
2439 768890053
2282 669254987
2244 15819158
1975 657516290
810 285054982
465 561162243
2405 826315123
1631 327702525
2336 644598924
2087 5328150
1832 764657335
1800 700885479
1220 638669105
1610 513853015
754 642417901
1192 533683473
1991 713504810
2393 859227963
69 268374027
9 52757730
1402 928114274
190 225092183
2384 118242725
211 476067499
2403 205075988
2445 482315508
1595 103678552
1153 997056549
720 834641944
1753 328701496
1542 124644340
1920 693117484
1117 843031784
2068 40406276
2197 971139903
2020 474395984
2156 430590794
893 773686334
587 113140398
150 704527667
2377 965504669
569 43777086
2056 613858154
2331 32074065
2464 554708194
1435 902493596
1808 597544649
965 446700185
1792 537912522
1458 679155436
537 183561948
2081 125220092
366 728403499
2465 289476193
2166 579742931
2110 612173191
86 47903769
1080 137586888
128 659136522
1341 586190757
825 171416871
1088 721031018
1752 702213826
1190 527986013
2219 567841039
1715 114509542
404 8745961
1285 734688597
56 671622548
1700 897233881
1786 44930183
914 321202748
1340 862638549
2228 685112310
2182 203844441
447 623372875
728 153064103
1225 129850644
1051 695223048
2303 629781569
2014 52394729
920 219256393
1156 410148071
1527 27018554
2399 498691867
672 18096103
538 488074055
1893 847145813
2129 752243898
660 509046725
992 707440878
7 990842747
979 799219129
1587 239026381
1916 736738832
657 976699188
1222 756806060
2196 20988329
682 816082044
721 504605861
1847 805396533
308 86243790
1546 575727268
1103 68903724
549 462087994
600 612458216
2414 942443329
628 724599460
2021 378734627
1724 394013764
2179 410490839
2038 616091643
1678 780340058
1524 527188161
1961 417433042
688 77997573
2234 491392469
1491 124590694
1343 135711550
182 136089988
2148 522413364
2466 786431701
416 394573374
200 503917137
1856 472655417
558 106252065
1958 330470280
1679 149173377
2357 376937802
1486 616343008
2259 266976472
342 747590974
507 88382787
1310 844948357
414 322395184
389 408880219
1157 554389056
135 596737545
174 644386126
2135 831638360
25 257557390
2308 929311368
634 202372263
2237 420970098
115 421154821
501 539016059
675 138748554
619 845325951
627 634385769
2420 632044413
2025 120025019
727 209986219
2484 178042180
1066 501660209
1015 957872186
380 406974599
2374 284673945
361 392612005
1084 889237071
2324 536134745
2121 901403551
428 492639402
168 736713523
1464 679959350
230 71831507
256 946954721
2168 869425160
832 193675884
2065 660101714
328 995347182
2389 751384777
1886 987548533
1931 842966023
1702 830062473
626 561267923
968 798930890
975 551830235
1293 242281494
2170 69755920
1463 260672326
429 326613853
1795 589234444
1174 144163574
668 384999567
1887 113349592
4 775972663
2013 92393073
1279 471502177
1455 704556264
1102 851839482
2334 665221377
177 58455451
939 882048458
1442 334290918
403 170315462
1899 833206623
2473 798139189
391 111940691
1013 397376691
1995 292118858
1755 581174326
492 280877984
1038 501087052
1287 575980210
718 954378819
2302 321339297
1196 938584962
2382 185445581
1027 337516775
252 510739174
437 113397112
734 530271128
410 358671611
1250 225477162
1132 799414477
2279 521771146
845 962313102
228 567208544
1820 177595903
2346 505208525
817 915724680
1682 452920770
2045 440210332
2363 853391857
581 904056480
2442 90798304
2082 641912946
2397 829824738
2169 41080291
353 772107798
597 544149383
1842 903777045
1656 896711182
2124 514530884
918 136872209
1170 6637079
1384 625326625
1506 833838847
808 554099638
1184 760741566
576 535478928
1927 32951313
1022 883983921
1507 219678380
50 166924339
225 46934258
1944 535526462
1684 636916381
2145 696256656
2003 223580977
1520 621409836
690 179619196
2415 192899538
515 417460001
1750 579886817
2252 253963159
555 70970984
112 74217983
651 477617359
90 89261664
1253 490534311
330 191962051
1667 701381570
514 593876634
63 521119140
84 154989224
1389 450699638
1077 835861272
1607 780599946
2352 863739041
616 468621486
2485 685848876
1530 322315248
1963 458934387
725 214122171
2341 415342908
2423 420191262
1736 742565873
855 820633663
445 197520923
1545 435702698
1930 118296500
1511 18060136
1447 3215035
209 215836539
598 802390963
1776 855347313
1478 847131668
1060 729308358
1020 899273150
1211 613550115
1188 593513723
441 618412910
201 614516007
2383 657324200
219 360308755
1784 865003761
1045 719246522
1733 113668604
1064 672710071
710 979572320
1756 888153787
103 935873480
1118 501876499
1529 264734760
1689 982415052
563 506941666
2143 675936415
2194 824795064
17 33021739
747 99754998
1441 86174978
1685 73523125
1591 365901913
2267 281139138
722 279358423
1605 183999203
279 212735559
1597 899788830
532 607227925
1216 765563764
367 318580353
1973 307154386
2378 491493413
261 726546776
1390 621140490
2261 823758209
951 843194118
2386 776325393
11 780415580
1264 958976069
1130 909842363
2246 91994748
1200 512219394
662 369939358
1224 102764446
1718 720496552
2108 655401591
129 730222188
1322 962761976
618 1525956
961 977222176
1504 193440962
1600 161819279
164 629188007
223 816879860
897 224149646
2086 637547752
2333 127267518
291 366923650
2275 302248254
840 455386873
1028 194270910
2359 490660692
1450 51059218
2250 242711374
1922 113008513
381 318479848
1554 227470713
417 614687890
2218 19802055
1309 759348627
1537 394515699
1332 846192291
2118 727576318
700 699001461
208 393784613
1563 743779595
601 300721589
2126 12586282
604 260568760
1974 334116642
1031 983806979
1606 534176047
1245 247018907
1878 365549415
1845 182665424
2262 233263216
2311 82120903
1822 679469054
1212 556825969
1636 774331980
1331 107258698
822 481581521
2075 73700977
940 543774062
15 889372862
2163 90305460
2434 995932373
1543 691644972
2209 389971725
1729 440718838
571 216039869
815 958258671
811 288755474
363 633472203
1005 428282242
2444 806991647
2345 935276289
1937 29594303
508 500083066
1093 236780905
1719 822893591
1421 210448493
1178 807583915
1997 777315465
413 762341385
661 338043741
751 765299219
274 148256850
1627 832879315
2142 941615297
994 977533129
2404 26527338
1802 709407940
875 111546485
288 961611151
2379 562341653
1097 216646760
1588 633921154
685 443856820
861 720124217
239 535967463
27 848409918
531 48644067
2205 38273410
1096 293177238
1474 272483133
137 841874322
609 348995418
1533 630673701
2093 408018114
674 124711317
1938 78937853
2408 195151657
2297 241128940
1344 898036258
55 674720102
397 786676004
1195 62548067
1243 809670175
745 951701218
1295 66876036
260 63707168
746 644492735
1147 795128130
1819 229284791
1247 701399672
2298 315894159
1150 113114596
1746 781730481
1661 310392189
71 179282382
88 283690528
1158 139805576
1358 256282860
1314 25042221
1416 266693103
5 429265163
695 420442585
375 655317413
2140 556107749
1129 644159502
477 865463210
1921 473092833
552 717188350
1273 674770376
1550 26531011
2451 608799801
358 300062168
484 742048884
560 220959703
489 14432154
2048 434492081
12 464993246
1098 717381297
2098 941680563
1302 918849220
1726 999728604
686 356260911
1470 915569902
151 564080388
1578 59686445
1316 25693974
955 187620966
172 424363596
41 63573892
2469 535891393
889 409191280
2174 589256276
846 660144939
327 465504654
513 939608057
2277 673064841
127 94112274
784 768159590
924 955078890
319 960300818
2187 373723224
2177 197587842
434 351843900
2299 913604291
1780 409885116
436 839347023
1397 150915614
343 370466978
643 223646323
2119 625492005
957 2396125
2130 736890439
415 413624199
1315 201183774
2091 743364470
2354 976943464
1538 123698105
1496 163566448
1528 294248287
1210 35260096
2160 760727627
2435 529534924
95 818948346
621 152653891
1828 448766596
464 901266994
46 995776524
974 277483094
139 600433138
1787 702718743
2486 797144704
1070 285073945
1221 278731603
1134 443447284
394 230079259
1381 138767044
1608 457826191
1489 374619601
331 143499006
1037 781667838
2249 232251288
277 859727281
2072 288583743
970 397419646
943 609149652
213 702235152
1615 175366961
1691 951837010
742 360004013
1810 541375226
812 232259143
1561 422614332
694 628824707
740 6387593
227 358656921
466 134770630
1480 516467217
2251 765041485
603 495218499
1383 669413109
1994 106612500
2458 248532417
1121 190231530
2226 380916244
778 4731068
577 728856035
1925 656953929
1433 749688069
1932 799480755
1953 885803968
163 12300325
1970 856875531
2088 420429526
2024 643868011
716 492491871
2123 851842299
374 851301483
704 307419836
1675 711237713
1790 959528287
359 389502985
1860 282074155
757 635334513
1244 12006060
379 427602857
1449 910186557
1456 422733722
126 623319356
2062 389432315
165 267108407
446 312351145
1041 127569375
737 584138114
3 139169000
1653 581599813
795 599644975
2272 767011815
978 853260663
1155 15510916
527 429514257
1723 274874821
2181 315578214
1049 433269027
1880 65023137
2059 230714318
2031 394466670
148 116003303
1430 889242101
1305 340225541
1540 128807218
2452 284024707
1055 97278107
2286 313448321
294 976479337
355 425117353
257 562344855
1632 472929821
1910 206542040
1694 883129305
1877 817069414
1007 380708196
1651 521750600
1655 897243918
326 65143396
1377 626762983
1761 247470672
1826 796732639
1881 300861221
1400 513123239
1485 734995189
487 68945974
838 773013746
892 757452334
847 896188544
865 79322242
2116 311363198
2006 544158208
998 19351377
1297 597135925
925 836587880
821 531884177
1717 70319486
118 558559736
876 926250801
72 749671619
839 495381341
2089 847195628
1671 50754625
1173 338811673
1298 628805693
744 735191022
2301 583861090
1266 208499429
1257 896731498
2358 993813151
852 709194876
887 690459690
1176 562726518
873 768078463
891 726452136
1508 900898893
859 904151103
8 618224090
765 3994977
1194 968876916
2288 319801780
2239 811942214
1034 715594844
2000 721513547
499 58009354
1890 394826424
175 227165851
298 826825008
671 522758217
1262 182738618
2217 498669387
967 284394340
1851 162085358
450 29415305
849 21451134
382 272460797
1518 904801154
521 486894017
1513 631526053
121 238259552
2314 377626279
2463 594382563
1271 72839456
647 397777685
349 8226202
1965 536523780
486 54137516
385 995360681
1619 786151942
2281 788311756
1536 348035326
1191 909390054
1431 94034158
2427 751738750
1883 683799712
119 774917075
2416 369186347
1469 267806058
1299 40534043
75 999625757
2042 958736684
509 24128602
1745 659285427
583 607958686
2424 555086823
214 155116741
803 44483177
2305 519670203
1767 456949377
853 185231546
2125 558001919
1074 269713348
212 128130443
284 322042302
471 940528241
2481 298038234
176 240300634
2351 762707057
638 557701341
534 101997389
2057 414503915
1713 39791425
1495 537604469
233 239665132
1992 48037974
143 359281055
1276 807244821
2264 261519326
1406 52529134
1960 17492764
303 114630290
295 71565175
479 568329250
559 86103194
1841 578875208
1328 733103833
1692 123392047
2283 296338955
1321 142980078
1424 648435684
2247 96520799
253 436920818
1772 362615512
2153 517953766
866 615981528
2480 172731292
96 477565179
542 585523303
35 918325116
1812 108660716
1366 758104759
1623 934331095
2090 659633835
1241 64990354
147 850476640
764 981050645
425 903838268
325 817024729
2111 212300411
2453 504319016
1519 306879362
1148 455410774
89 363622226
1982 568418858
1871 471430235
470 122526531
2347 436654086
1372 808822720
1909 527309977
1730 731495306
909 921104260
2342 539344292
191 301360356
1532 158385673
262 144923966
801 672774535
1976 569811937
890 771198671
1628 822015770
833 105805799
1954 844022995
599 926172325
886 841106900
2070 560522525
1349 72565549
54 258980439
1364 895716037
1454 539287891
1375 34379680
2438 351540226
194 360043969
430 994558274
2199 268175281
1492 985152474
2370 266439804
2355 112293494
692 459435300
296 403275282
2335 124821706
2107 98189016
1208 394220096
749 122268006
312 609720850
953 34197074
1541 69266984
52 343282816
590 741481718
2180 577486954
1709 301792799
1510 205708336
910 41117312
1598 117109432
1398 379223178
723 75900731
2188 594258142
752 197288170
1410 543739201
553 80678159
1728 235937323
493 781717284
824 735514288
99 723081290
79 799152633
1014 22010568
167 217763990
1324 123523912
1926 387759568
1844 345635854
1664 277014922
1443 707458180
1748 833514215
267 618559655
763 761191259
741 9564278
423 328570456
1509 227123862
2147 946691775
1497 494371014
1911 385624882
1101 644409545
1688 996065062
2122 14789743
761 853827176
934 136161820
2402 899387227
2073 637970595
73 512102527
36 616682003
2222 873258426
882 610671544
488 276618171
1133 831017450
1534 217594840
2071 980521432
1277 626203360
1046 444005388
406 517185541
1908 978122494
1462 522407608
117 242066134
1873 250457934
703 332749313
775 893762386
22 834434989
1290 630216317
522 214570398
265 630388332
2471 218581225
373 14461746
94 247602308
187 708865650
1423 930561598
98 838318970
2155 516331295
1251 89112091
301 120831554
105 128520342
1990 196418395
1882 502076236
1054 122916210
248 397603037
636 649701997
1906 882035769
1901 101103932
1379 86091153
242 471281819
2172 589974639
2132 642682263
1272 61255260
360 459508030
1704 801530771
1796 420059439
699 673303595
204 658416238
1763 754876485
70 573008027
1168 969705906
1744 158757992
977 891464204
2454 242598560
1596 40811759
1204 450884390
1972 284054800
1283 268829457
625 673861666
85 52835904
2193 994599559
2449 305337656
1300 653664817
785 385062567
995 298355946
1836 563918001
2495 400058177
1918 356301834
475 978220476
813 161623482
1681 128642477
64 119724669
1227 269983211
352 107154612
1771 217547181
1167 234311555
1737 945051625
1773 599624124
1438 249115145
729 21761230
134 573729242
2203 476804604
1260 586574390
780 783049838
1050 256229500
1885 406292663
420 369997338
762 84579183
2100 129942881
1057 902354318
1599 998609876
1284 55070346
1 700095530
280 731006202
1083 620866109
2364 461511581
1711 70010375
2009 465978116
2221 711499321
649 308472692
48 751576539
656 328766071
1436 53388949
2044 747555425
1642 401692081
93 467646539
1428 838053356
347 97872196
188 210024642
320 69807123
2254 384772707
1526 908137976
169 812163582
1517 54349549
2167 424730836
1235 335776652
2433 208398683
591 455848139
1330 924154038
1233 167473279
1988 199774715
828 93228028
2443 387351214
985 649808075
1933 120952881
1697 415753562
354 433227163
91 778675260
31 332182944
1126 934572186
2295 723813125
1335 765508331
929 496765904
980 461632767
1267 589954920
2007 216412657
769 713748098
340 269154097
51 547961763
1866 997763061
872 16784395
1182 849819922
991 370706685
1256 490294440
1140 868720116
438 885922815
2001 141706848
1977 232054562
173 477597960
2475 49514727
1503 292070981
1067 160239970
1919 470293572
1337 715809690
2200 52469292
161 867922483
1350 440411702
1725 481248641
1374 196804225
1749 920966293
1307 375165765
789 702546865
806 858012354
1012 474783278
1620 522696346
2489 700906142
562 157636892
1639 230934658
1839 743545245
58 134316529
1727 961691833
804 157770686
1361 187297848
109 237696600
1564 947862778
2095 848884001
350 982123622
1408 14532868
952 757821283
1144 318319177
1127 388727086
1047 416059346
392 651099349
851 925971436
548 453779077
2151 855389788
462 952970880
1553 390340728
2183 921625242
315 397035997
878 971857714
2134 406190172
2400 92940718
1593 839612814
220 449162562
1778 915015670
899 474204838
2349 421272123
369 830374623
2323 365757273
1601 408943379
42 122418935
183 147272645
124 909425709
1996 193422228
2368 533897621
938 498126201
2338 933030920
1360 472024032
2474 197790501
2273 941860590
1391 713018074
76 130776717
224 5798061
216 602721708
2322 558335908
1466 375240698
110 59370925
2175 288465565
946 853702283
254 704667439
1061 362052707
1805 179442442
665 972833571
496 248090217
1569 553378335
1269 162815156
2371 18148998
199 571212961
2461 142789727
245 253468656
693 553399337
1425 288875538
2436 844499055
1395 473727083
912 10656424
689 231281258
1198 26264534
196 653297629
2413 534570471
2037 730318257
1818 529039726
1392 649266106
1329 697503074
864 5419389
708 259908306
80 929917808
1236 330777660
2201 344595075
944 221178794
19 524732078
399 687141680
1791 419259689
2208 431418819
2293 928091712
136 159421317
1254 97886501
1759 215260715
1740 748255438
2265 999079676
1490 628547475
170 747796452
1413 995336636
714 351386661
1968 952486283
922 486386266
1032 477072665
792 533245878
2369 903958934
460 24607088
1875 876516728
1969 875593347
2292 110532832
2033 148370294
1823 114412835
1217 96440737
2476 127807788
1935 877202492
2361 367405547
1846 994532296
1165 116817779
733 279533707
1967 945092809
705 409723386
670 562575742
1658 554882011
1079 147712918
1228 262464069
611 696370543
1125 732182678
1017 734396740
1535 15223122
1548 780857470
1119 783979837
1758 565698216
646 766471001
474 922348492
711 741592352
309 61192166
680 952185900
66 336720856
799 690088686
480 473291939
843 376071222
141 488344688
67 831892708
1183 185112693
1306 626950082
2498 359470438
1319 901174139
273 613870464
663 718218972
1151 452459275
526 91533795
1650 587026035
1263 192712255
210 565174300
2054 376504980
2186 612421173
1604 77473328
390 369152633
495 258999797
317 595648844
65 855421780
2227 353150106
770 198308252
683 893324102
530 604683503
868 680865225
2195 731843215
57 348334876
1275 322289310
1368 474607610
21 476073047
605 904137512
641 847404055
904 465082019
900 608254299
1840 675333885
2080 490404093
1566 960468134
1649 81710022
1662 993881305
324 915231758
20 236520335
596 923009430
2034 904190040
1333 565201447
1308 843515368
463 280662325
2161 950775059
1499 74656057
950 464650003
2381 221740429
1025 790805234
1854 233636493
572 386960245
1690 775769163
1113 563179037
2066 736740414
300 158215810
2394 892946736
2294 471723293
960 360953049
142 332703820
996 379347008
1483 291264174
2061 880724631
2185 990839743
1142 644390682
547 387906667
2360 710774141
1123 714462946
345 35241424
1817 395000173
1414 6927162
1622 87179082
1809 34617379
2409 21806018
2380 683796751
543 195765459
540 170949524
1033 772674590
1301 351524629
299 532776854
1843 560415956
2241 408036001
1238 968144799
1652 438394408
1644 283870975
1229 959677294
2012 974618794
1164 767861317
268 246274266
1998 710551544
2238 576213412
1352 922584846
2099 177362932
266 373123967
1076 572591944
1979 131239518
1145 621086304
249 411302132
790 970839444
2146 316782565
731 799264807
1122 992133715
1783 192311557
28 341846029
305 798990907
1115 936869238
259 851370719
1203 506717303
23 793678550
735 992609821
585 678608360
502 521213839
1942 522154452
197 876842790
1775 735578981
243 711212940
917 218984270
461 859891144
1394 978771342
1479 472305785
457 220727572
1657 654891095
816 997802406
2309 715152984
1461 231735405
1154 757925436
2225 44223211
2278 282301342
2376 692151242
60 908608674
915 933273360
39 716132231
645 282620526
1139 437597355
179 231791151
1417 626507423
1867 906737197
1981 963435764
956 579729858
617 177557473
2215 45495685
2417 995213845
1859 146242903
1929 917252275
1514 699625562
1347 408124510
155 181792052
1788 908709851
178 742850688
202 998586167
1016 967949712
1059 439927317
533 17982195
773 251469659
781 429584882
1951 490087900
1955 835585057
393 319540535
1581 203748075
1412 930047327
144 947732712
2493 90449053
442 313659503
1292 475788535
1106 530920033
388 215213594
2411 528736793
287 274908593
2094 681776338
459 817245206
652 508371882
1159 534289653
1388 971222636
302 130808136
1468 310140951
1336 394392720
1660 202910219
2421 7208935
1551 641886013
1242 554509234
2105 641394297
642 651742030
411 780845041
37 261151149
2330 793606802
2497 955463264
921 11547477
120 45648565
1187 892689933
923 334160296
1555 579067113
724 997592139
478 548668200
2220 657582436
2131 218585895
1674 704319685
