200
543249379 901537870
486710759 363019019
599116612 570727341
412554032 514240331
896060254 18631212
171163852 159826769
483546399 722452728
819191274 904748003
650787903 1538612
972673438 340537639
309966036 773677866
384281577 237933263
327212456 732880884
141989648 647753423
80890442 227320730
551826995 805678954
319876243 939761801
622622444 600281418
192974276 921731858
836040374 771210280
355447828 198505490
412220946 955190913
964877058 828669833
251173316 698284446
884728986 481535003
263443138 748255351
480901750 19173148
598549863 981406350
768635166 785495451
901395890 464996392
375101578 312680427
375050609 795121870
934093857 294387618
628322163 373496548
772578952 836152981
105452449 175211150
66528101 458990483
712530600 329712647
938860055 285747059
932112698 876006693
194911732 987725038
922873851 240817746
496528864 107726503
243180462 202802780
122723569 197782852
669917945 777305110
320352802 409929304
913540146 38926328
20038265 420013489
574751564 185665222
142809225 130918005
911614493 978002433
409368299 417575230
258401453 38517200
625994368 375974897
937029081 997973119
16429111 740285744
247402208 397908895
969483627 486568728
451179553 328225525
103383072 449052358
999910079 769341833
37286105 458203040
877902081 210345821
104369765 28638406
565542715 797461950
712831403 828209694
812262647 791977195
507352150 742226365
204117443 379416017
917619060 308589193
951049620 617256080
609762796 852032309
20039861 505243572
909146409 553194430
974209143 417408667
544900779 883042496
359037962 201412036
294538107 925201360
960365160 872834096
986260805 434019379
271937021 461384442
735166467 826237012
582635777 813886662
634481821 153086876
941753548 625843842
755259065 44312650
556641803 44856378
178885478 771049228
80823153 262691833
880909394 274400594
59211953 731804723
825017795 326506380
551304521 230374170
173260505 734281814
478826966 184221708
781072739 75611483
251703037 619634768
428423875 333919475
387178379 738978838
847793203 956952207
226686970 852424348
245082985 249686843
357339771 780222129
370722533 807218857
549584117 116549680
330631053 411298818
809436298 909080406
329626071 527488445
93828099 464121160
130175822 71338926
696261308 166487520
398210252 227828112
274138508 558417271
612261328 712183782
489824680 142445158
651964594 210208717
674810579 37040859
782467551 667164012
921194638 449621613
257192898 471025600
749188138 505403744
113299089 325615715
729012173 186259359
524360525 768920306
46634356 202131727
253030907 178685122
937020534 408591305
471653432 460233686
963812160 475059428
852078593 240103312
161204003 953155574
105211674 804540161
855546310 489705829
810060570 809205746
491578235 273003619
323678401 332669181
904428884 592234003
802773403 383515331
265850576 386247721
942508694 718270628
685198073 284074633
185251667 237241098
71847574 391493466
2184966 157744697
344715435 952546531
809217065 249914797
498450756 644085180
591487587 252357877
543533709 495678198
543031406 91352515
677958609 687663375
297886521 382683798
903193459 179552974
6344921 386795336
368658931 429803046
284748846 57646997
585047432 303339890
350040664 330829384
533709364 157744375
960892604 454002306
707939769 55038317
70016320 527491010
804392404 366023373
834477757 313305546
78118342 701305162
92205418 683786938
558389097 127509508
369328009 126547843
106218470 704039956
139069644 393945262
538225449 173231293
688588789 296213457
698064413 292533282
548202090 258239942
434742226 36049811
901753505 368875673
410456691 935788025
55838833 518085
924070358 26919550
163600082 60495921
585667575 575447821
351702609 470310142
767307995 620691270
785496145 702671387
771649183 517101432
23531336 923123475
299324539 621152273
139466119 424151418
420350078 379142038
935230078 650032188
696356020 469625099
432642958 492710815
771529042 198215728
297699883 889395490
917833367 743447024
90740348 337685557
112472170 808245216
843371689 880136447
455982078 920482632
