100
4 412574160
73 430433363
59 452195672
23 429440194
30 142729788
40 461622931
98 392884190
68 340459484
31 520684956
6 468501483
21 929621822
51 800721160
20 620420218
37 845844319
56 105051285
86 151201483
42 576034298
17 598900950
91 364576698
3 495657596
33 865372213
46 899329089
69 269667906
7 639209101
10 991485122
96 706596896
48 141771720
85 450838074
84 368379396
95 299438769
100 762824334
24 861263909
78 135240711
28 830007931
88 543138098
87 597922571
22 755141108
79 998533832
90 895455583
32 879270396
53 315267489
97 750678741
41 308803464
52 113565300
76 500488051
50 849125868
81 101459114
82 216195686
55 636093796
93 132043680
14 163613992
45 191016546
60 960057809
16 750833339
25 263415316
9 599584299
61 294368058
83 137833733
11 204313448
66 216284060
65 675737580
15 798407663
1 357311854
75 340821360
47 343338786
2 232121931
89 191694876
5 863395670
99 458942331
36 279036196
34 627574994
13 92491677
19 558225529
80 888882878
35 790327745
54 40641141
38 4553435
67 21802879
44 674378659
70 851087400
12 198174897
77 322326519
92 933854379
71 495760159
64 504032966
8 955069621
26 365846150
27 477900054
94 360618934
74 881633542
43 82593387
58 244272164
29 38531955
49 957214620
63 540635765
62 412645591
39 531093018
72 948297147
57 170045448
18 229909955
