2000
155392509 826132032
526023247 542347160
313670290 885370705
871864683 192843198
848435888 179297035
730192485 279860505
168134185 819323404
980460201 35832665
465448922 506335333
625729354 901382534
106810916 212368932
329825571 601711593
903851944 145020863
133439654 517281596
91615346 674176256
349656533 869156514
375124532 828949554
527441284 93568868
520405274 195019054
899193040 1856101
259931016 383546828
757082310 325739040
28899306 578492204
396175545 601553328
855084466 768214173
875193808 473724210
446742909 412602241
311008258 694050098
422010605 973483994
710799850 271715847
28575132 379910354
321016966 120797767
741790726 263083756
320498159 49103874
228623128 865533137
5563116 382451664
132701920 730170939
77431948 649482634
749752994 362029195
28657860 433307571
983490506 710864768
666465230 443583396
970610719 2705979
323143237 381304864
923861606 602516113
863664402 211688311
721332269 844539567
719144030 100350603
753428006 937668125
494625434 458777636
26796999 107031995
558785491 437421044
783899654 397365563
544093971 519377354
82917222 902016935
366045000 80630060
723052143 444831529
878634855 478831607
422228509 404792302
378189425 657333258
48330265 749492596
683128473 672386034
700651804 542405075
518611732 393502090
996142866 875098816
260741739 713514570
541233039 89085847
50279650 418395672
476453088 745271680
365085039 203050331
188326591 459468984
730637982 466365040
538821177 149873664
680049429 903902939
371684031 953733837
299857448 732604982
173933864 210823611
276107523 494253042
768401575 806116183
235368478 904103714
794288651 419733583
978934402 158744813
97307580 266722610
744613880 93465840
749690432 866820554
666379873 356915124
702305097 523768104
310393192 691923956
150104727 593120585
980062239 355532581
197795310 981483583
890419847 860995206
470677563 418327832
633092870 519768978
309105339 247501820
123146988 866971599
748232102 82012879
744862775 222252438
747830843 273627445
382536357 537043413
631631150 66355179
664071082 924601024
737823988 197824547
903552309 851238119
856447647 154003482
308705881 42963088
366608315 752581758
976373763 301980814
461924976 306991347
745386950 421869825
883121242 464194502
244554070 421230656
43360573 26276844
116952400 975923773
223540344 480232683
951521941 942590647
161114122 10221066
147313823 326259875
791047778 87920460
953624308 890822898
658358524 962418868
985775031 993269104
53284571 891567385
716933150 767395741
504758874 389414132
941074566 117276883
70230566 256140812
268726099 28959850
458271997 828968903
540562716 777169891
744576711 30055096
421233769 280509642
57556866 554366307
895431886 226733038
126218689 962382801
953425933 602369969
550336655 565727148
797943764 533328157
382074852 160555580
821769255 118654592
231708058 130407923
854841049 975117467
314137422 894547088
927309292 569802832
468256971 233948541
925131511 62972734
213524497 167687024
362451281 417140004
29979489 475825835
941832276 86679847
867669253 264992531
686912578 459654387
534692030 433144524
987529503 645539094
983377776 738978035
797532455 125734349
101523930 68657622
301258214 232602412
445872820 540868949
227921555 823460244
289944584 772148968
974332265 381482606
849496160 980685450
20141225 896098045
292874682 898740120
84286314 534541094
269016856 42430545
344682923 988500240
301007190 25626892
628654832 175901030
35988907 357089539
416758433 319590798
595648112 750731567
67862024 76147621
243224951 588822735
712631988 881424520
227734445 533958273
327511259 726911518
748943756 729201435
588172707 489175964
905744836 349328791
998981935 205692908
10547955 79772471
110495424 420059444
212960279 440865922
419063114 549330800
200918877 68077313
836732540 980496627
544757030 786134009
615004059 827783189
469211290 802593327
54211708 19001737
40869631 951687988
374696846 884122419
15004094 774615340
448794836 937973711
386663641 582397357
331142208 496844022
907011037 212853421
453402364 370856213
946418844 673011407
683103046 509596536
715465367 175905678
760386736 398340325
223288889 490041541
311102401 819192247
246897278 955866203
185782276 372569055
348611494 685130795
883676817 466934444
305443441 383159008
256020875 76622910
756497743 996102032
698447535 340813428
509162677 501827853
810513855 378221766
555961917 883736199
95878861 265706267
559774944 484991386
197189471 684426495
666748366 503322443
939854664 302948709
309173027 497841038
118629736 151550175
607668292 847611000
405909569 42245787
756959411 855500530
767096064 978578507
70489179 228522725
526553036 1238997
555671470 701947160
793885673 445083106
729774265 920998070
781681991 186660125
789391429 692512145
139649602 624086748
590894764 622025367
88228592 245828316
116674586 690913091
918467561 576472681
704719392 126288203
932361484 84634492
5260187 555870049
433375678 889587549
58020664 466701261
779793659 399086925
677108800 207696498
169037000 249608555
370537804 180768187
904298531 282475189
768039888 457744205
916492099 939013299
906364707 682308315
411353474 472983839
726780099 866284555
126771602 418879993
90930201 616328891
758403127 968656203
559442910 137013471
303753068 418784677
129377153 211970174
214034327 298162414
749230530 266378795
615591037 734014343
549265032 733492617
707677044 627099543
917538137 182894353
41811113 101022581
915635642 63114277
73953501 603134159
250532154 892685095
672437369 67939695
698468602 258119886
547386537 565365278
373830744 474548665
970395474 63638901
573423632 822926969
943304568 997900181
590287326 388137655
560755769 916540447
596600335 324932823
385162801 460935581
650173317 935083189
70952762 316055264
449174138 706578678
754432762 888798278
661526258 813339105
301756189 168173259
764913309 312139732
256101416 792348879
533812222 986166773
961868887 702386786
805739437 392450147
256828797 717715969
216033490 716040204
907882459 137345300
987187072 803817335
902665939 690808613
578508087 551096971
120174106 715367923
410019467 273822571
171497394 643310651
788280236 513841683
771233552 654616731
430821574 582346865
291733318 147698026
247361005 790063473
758111111 405160557
724628594 721712672
177386442 675800108
310500070 479302147
123332582 584870064
688616377 754104842
349134441 637558213
167843845 995551210
451266856 230938796
800106257 861938208
333612246 32154348
942119271 67203470
570651565 887451578
183422177 566159562
670947102 431279449
86475255 225486896
698551166 492052902
103820728 363888890
190610727 450014374
176136170 853270681
288823424 42490177
903839285 85588272
973570437 669159479
532882023 606547441
824050856 839485308
863347509 909477689
650351547 973753431
897084801 975275717
950456041 304220396
701678839 518997608
255196813 689341875
478666824 536886431
382445809 511326772
824225478 996605387
301502819 22276560
361899862 220633728
378398581 349754957
440395107 650019399
320929163 755993519
411986161 928380355
117687631 179381394
706155946 895225544
202438439 149424660
635588818 428418395
711432631 510130736
517353900 375057682
151296319 473829724
17416310 277810137
401868919 751578817
449680664 422371371
173566424 834376824
6713929 428725765
864333805 852527340
495876239 525868303
177631024 532856654
827607029 495847873
788100706 12604742
738048856 397390044
712526867 949734161
91255364 366026375
917772552 177866793
357972337 193099129
628440811 172588480
697541748 463152354
127931939 297780025
487408917 877711191
508472828 585384885
151788754 614381599
394617396 211453082
777749216 403877958
371370506 536655109
693812897 303190727
37234526 947670815
513231532 959964479
395245701 936738578
904175809 145352218
114361632 983520354
680000950 241930354
935306049 505069875
343303967 391429801
758941605 221993890
106560126 293504614
706655713 122815196
215919677 10292759
302891546 732251070
327624226 190356041
782586405 854094466
643121108 257028071
226174692 239797613
5916900 714112938
492508812 245608168
929756788 318986514
876642008 485174007
281071384 262758339
17132265 700918706
154295054 635640228
12352300 838426779
504647693 31957920
203869810 448303452
331886219 864353553
661051059 220898598
619852267 670746682
834012929 735789634
18033637 410277413
233547908 863275868
266246263 125190425
664745189 179635853
987596014 192782134
708713932 558248639
634625525 92162248
682544728 724758641
758074295 510403301
307078670 207288125
987547689 998243066
971035839 453169479
832865329 662776847
298097321 969438336
16450264 982509403
746236900 706318858
939872711 465553466
871501356 485795968
904576962 534268713
121025080 630793679
690360156 208639688
816865175 419691531
217272195 895881748
857053836 254964097
522380070 169210354
733131079 221734538
292085939 759469215
938730623 169230728
566711653 367839924
150330130 767155983
880425699 853339286
524882213 517867284
402970879 222331327
723392271 840204915
235281645 889134403
104681055 977039254
445751480 528950867
934677894 111554271
215691377 192387928
41732032 588411337
853643913 820509784
296127303 808558196
364546824 530020689
561304047 585320089
634953396 665569358
885608826 46123166
957689902 379005629
605004273 298077363
354897330 627394780
761310658 296644473
544827415 593538348
763087995 380704154
830142037 541527118
719023685 888054488
388590850 692083058
886382497 229401421
365805893 432266878
729121583 124695497
983664990 581957089
706557165 707609688
489415012 640374465
28375026 496817400
674974504 566016086
889674645 588556743
1064520 481677796
56799709 836981256
312928378 753329501
224240883 802199230
911511924 352664683
97476098 174934247
762806537 335190493
781834922 514052745
517836688 251915150
76876075 315646648
903511815 387355689
240644705 388006566
653364081 344077148
324819028 401244394
129268551 540676035
929476126 742455988
341871656 384078839
597300445 717699534
799828282 28512155
679146717 360325122
83385826 509284942
263822359 333634379
388749813 782332609
417170553 125279319
357254341 165261730
43805421 864176017
334349941 812119899
68146420 605551377
673649801 666907360
728758171 128951059
201459756 28843079
581548101 866325379
721093085 676904617
968368455 471988367
171113140 46883729
286403123 873835947
441222791 945287797
786955557 774159133
558047760 782962653
428856059 176878320
776209148 788002788
178025838 972141678
607349041 541577784
511575855 265835594
78816704 379897821
449517284 773134127
989710542 150515345
774234418 260191089
881624881 84704098
431887757 639645061
5680139 154445846
287069116 883404429
475434756 615536856
715300582 476987034
853998342 774404776
567706381 812509535
989051036 437061844
792285202 192898374
602247574 330198124
235703116 209063887
400031767 729276100
410924918 438156764
830216172 340933604
859953500 990292190
399008870 411227439
302351068 407721105
424470365 986398918
44104305 341734804
853976997 522482401
637456374 444111302
613801222 707196336
639035282 423130400
602349799 333569443
874943369 662425240
120803900 896237393
868821088 813379842
838541362 548937232
672300863 797076782
115302870 908470477
158339690 799817792
814466380 441846013
178381970 33931507
561236768 519589383
959541996 672292915
93291213 421947458
972825615 938578608
880371671 668064397
760769486 529225008
882083279 192787351
717411722 369458319
695086768 137482882
159404031 758291093
553898850 147958310
888874301 444209070
830008445 395502216
754026195 173028552
423351044 461207061
232721002 764308041
426321129 535607078
225380298 464851254
896788160 192987132
56782902 838239299
211943708 966584979
46504238 132458850
260582455 123540952
807370926 566884475
764072631 989305956
284871284 102109575
275591067 109467036
941172667 279183184
264995726 464479134
176391883 774072484
228865217 682317678
185922379 44602577
648404420 165189785
510760578 522433740
760136591 917881129
589380708 126481832
268837402 256033448
293708320 367408310
602059339 682064937
707949014 418324971
175663894 531791356
319368790 687752286
314388767 488831152
798272270 624985421
273128338 572280412
735144742 711512839
232477413 972527376
425569075 413413922
513645019 614347149
509887901 637490503
166955712 185251475
31430008 513545341
227104814 705741748
716574815 359643305
676029167 580871298
768390213 222554736
323217149 773053233
400231020 839319944
879325777 64362158
551571172 270344039
697397337 250265715
69773428 892260688
309312551 840589061
853128122 690604990
104502417 18417509
795999205 493121865
173817707 950997025
439150477 461858864
585265180 750215446
481847776 397524240
230631365 116451596
884347309 263721787
718720883 374349665
234279549 616825074
356692779 772604594
801360169 967033849
471582476 214646939
764153615 844956365
645367239 145338409
622608278 108962541
422598593 637234721
786430571 891586931
163966937 242135152
874248396 661720857
91331047 422437250
482980778 912704931
682210171 366724569
424854915 758620075
397180249 189935317
590973864 66661478
227639030 658026591
876113967 137923593
27956496 278194860
6609304 134992481
291871567 142027954
488740322 116112975
432389720 771711117
636051036 45859279
274539478 6660325
461462405 334916521
147381300 454050920
587073910 531443851
994770260 242763000
802582982 319022635
120256124 510669892
776200227 14186171
826162154 233968893
454172139 511229129
475632392 859835863
1500072 901618860
573432108 944180367
6545857 312534945
125836685 550271805
556541086 569153134
190946377 782520352
793570345 313153149
535672229 953732230
954148311 822897732
374827534 750865379
52739150 446362466
519779646 241054165
787816276 992204118
152681113 359058759
242619469 144035425
928033038 832171679
783555967 761828941
372248377 865355466
800609415 191057387
430536697 285728530
389115453 441170266
189704058 803435329
715605181 211629430
578906916 462275246
262870163 92665695
543014193 627082218
447172969 964039567
233164262 989239071
884746072 52831499
712682113 925906355
709029373 293134740
316041628 354182801
991933042 939319290
764694166 996164756
308776527 38697417
960511158 615009217
399569255 383338426
189960665 514049470
383906244 497981443
535362341 273162179
63541472 284447455
88438435 391086261
71107328 484348200
440267000 674676365
804275802 12141864
481405980 917847524
699271855 393624827
704789424 663939341
517515403 590357289
611843297 171720380
317441547 119536862
912475386 87341911
326517886 865850189
15108244 536314155
609682485 356304669
2130259 124481765
195707274 754383451
436457200 760097981
939543895 198990195
41877939 270588947
526217088 840502286
517449203 261530778
517361795 300111120
457361215 249148418
771949835 299013296
706152777 210314123
89634822 327515306
600181677 86433853
844011297 977080586
537902185 568956926
75541833 580178167
248268559 263299849
262083816 357119697
163386685 382301593
103551664 455007254
95590180 148670349
77447701 794202898
658982560 117133687
638040901 904946273
966300251 135901086
547598348 792773419
105918350 832202207
326679690 69872062
612186800 334938583
136051389 286051150
478910799 294332363
121090155 617254267
868880247 886672350
814685670 848863708
974462767 883408076
147030378 880107261
963364564 661293026
235204736 197315510
288409845 558763383
295477469 89306096
766199888 986251858
968764512 358343466
270630912 815449404
598248338 399423391
208753920 713529926
88061369 211386320
981738896 729076589
124194611 436311527
602509896 885557559
156101174 735349863
3926175 658407923
135282532 27484024
454464796 477948073
804564149 81609161
916530843 879881918
330142975 284805861
412503558 968339791
634766166 773134079
941296073 862060620
388537954 767190674
791553694 15365229
752797298 815938917
120348350 294765270
506911790 607087794
901847256 852830980
532939268 476546724
753917662 194496995
356797039 722635082
747301018 280174023
263540451 980993338
531508977 236246111
482798606 310097278
266238060 953262554
870292050 83282312
599086853 120553464
301834723 481213745
288660255 263465020
535747827 609453367
683706486 230339370
498085060 568322978
273259540 289417200
292709307 643302126
810057000 686043901
580132055 983609109
540110136 340318154
787484826 731753335
655415839 534108523
141449626 101468688
455138743 406987847
432721208 428519218
426544525 695251354
533598689 817579654
678086447 897373999
423857479 241089954
123868831 733371928
969508952 89254864
124965987 719734052
57944213 511310744
444178463 445688805
55942023 997298475
711316043 387566411
407654798 530747336
916975848 716813893
861133928 815375965
123656565 152804162
572126582 734481160
125192023 432257976
468773657 362213015
624070360 994212439
700461310 59295766
460154722 587766115
506256045 611619931
47995784 805190127
134157171 634912865
320084059 881337980
486977914 341282998
581752986 560993157
277669347 87174927
309997853 773105432
68388870 783352570
961111635 396253664
629317511 205088577
286522227 286483094
899065015 517443470
929773673 969282751
578984437 591612892
67847336 195523988
370449750 314793514
839716430 209296344
795611991 373691679
278046182 278044258
178544781 749027646
160673571 870193018
34563714 131946231
553032274 559468537
53477148 718707696
909725520 488665661
465530843 980414410
237739072 293013967
172021757 391072508
141717002 415676228
475999660 621808833
764643968 270585909
789083480 888901203
221039563 861116179
96921630 26888529
301904594 701501714
398282107 618932537
105442853 926053988
7754490 307985963
812234424 953736482
106970072 341290301
179670136 954510426
131498825 611853993
283765081 65414164
305642406 665590208
168138368 266805036
926057601 762510890
235598323 212443154
326604920 397633708
371069383 547447872
635078930 30618194
340198910 803694295
324551955 213752982
447054936 861029134
660296618 124477971
557933778 620906241
34115619 326548804
40290036 496081807
528670014 356983169
281992710 483079185
644521891 140028544
411686348 463567335
569587670 625016659
677463138 672500057
450154052 922590593
681885249 46154656
373453699 266904784
215697457 135988470
796266230 676395743
230859449 276248532
805476232 544407296
229549244 932520079
381997860 142492012
814001711 283123986
461005448 371921620
878854698 884755936
556905752 616506590
998597832 530980718
466964825 48011282
987981873 882075494
563244992 159753535
28896375 676120450
327268087 264467095
158264882 618992758
258578895 87011317
391260245 928833303
892533101 25170151
61813529 692077692
333563686 195521236
251541630 734630782
532366884 67895113
740761821 504947737
638218375 620102607
59777742 735581293
402307583 919859657
817541361 609238712
611129156 711109411
890282989 895733464
10861030 702631025
613466398 255218703
369014560 742447239
23238070 163079354
154429061 42147667
440123780 147534705
824530460 631593891
86414636 76232150
754334800 362670164
205775619 490608869
821008635 729349880
30585751 661657559
197860753 901798239
995523000 187976854
406246687 305392857
449022248 528082293
232596514 325030238
227522624 173535860
359734072 468729932
186495951 410494133
540802780 441398075
296497676 864374355
829480516 299262053
972408515 471140713
33010725 380310662
966807801 879409014
396335445 341483015
367546953 990058022
131638768 919542251
658455385 929667756
197833788 190551508
427811224 75287722
981279588 485020069
657484287 79900465
994213856 375357117
473040653 256208224
225565178 552264154
32627670 570316525
973956558 915794342
804000326 389145379
777340128 648609915
229688790 882375201
836831075 394134583
529932812 950815771
646592015 474344359
592907257 465547272
187971845 165736747
518766883 359938360
774512851 422840867
237142982 129795284
919916685 564868207
376845119 647883529
88922484 176677377
174032373 982858785
407521351 969116436
976143900 791858391
357137445 948875421
652723434 715321118
221116876 641435769
285380955 846669939
312995855 332190736
228880115 990724466
979985112 299988879
834081589 119866558
23974059 638606903
62646785 634901964
848605872 158578412
617426906 79865155
97728852 587936858
284551652 978855050
341450398 880885005
190983654 965701125
841598803 844747436
335440445 44568377
219413646 232151882
677616882 49416268
827837331 669250858
15180625 906612833
802887261 863541437
211445319 221545331
693958285 165501322
877261995 63909853
30059709 548316106
200242336 594944746
969252344 119382485
749999083 416180307
725253284 490825952
899316141 451187030
706526150 931221053
611953579 148009147
954061142 860372551
138885784 921966097
81091596 541216920
567008289 401688763
370923548 752984200
896382519 484183449
548202827 406271568
86346008 817041961
622102975 694576844
304186598 991490774
475397178 313787214
390221337 296581567
592427930 781367113
980519314 62497483
493170292 45926595
562170800 151482765
545801347 935683442
825782459 902284340
946997493 818324378
452198589 828337096
59476611 223884202
555125170 177762694
33462103 293322223
35736576 401635962
608981543 498356667
914157962 867378275
739926769 42354328
612655766 309300200
210853342 745368109
367850876 595326860
552957233 101334367
369842596 461906161
660145129 697979726
799181822 8018045
655891088 701006062
478149953 338586073
890827515 175331769
714095892 877167923
639718235 892703013
343161759 106842122
450244434 277203938
957226811 274449120
828215962 57209103
469518421 437281106
17508616 687547214
477142891 660204052
768902086 900277218
21710731 125963182
306083411 706597896
725922769 219622195
143281468 4032485
926952185 396527239
391616224 454370438
879312155 835077164
839164195 356944956
892194217 249429185
556232244 121788548
112665969 944183157
227974206 454599471
281924452 192410490
242948083 723103674
797897501 827406207
5613250 786644009
573737832 931690071
526314188 960667135
899045537 184113248
461117607 582782233
359859707 831181769
399578845 472687486
778085725 67902566
649622185 453923492
355613523 712453950
529669071 335099713
211760677 169697549
374702143 45872207
390071395 939685678
478043505 789935583
297550873 281183503
870602377 952553745
892015017 977677613
711951559 478239700
20625285 628900118
156621158 620747211
23152290 241221848
436064611 213803504
419883689 642509727
847798249 89597333
58925198 827546024
573504249 761971393
471696044 773808591
997733246 250593244
886041396 486737304
828842682 597794240
294937642 450913665
516684805 170438951
331800581 510214988
852941819 661435849
983042891 367024955
53866201 39983110
26321097 162806804
225899637 645017507
311642532 550368306
995840282 59304831
901205200 119378287
890795323 781825890
236607335 925838660
43271487 544864192
943888955 453139505
647894038 264478736
243817899 932722412
139909163 154617884
53317313 497892256
36043181 857543513
614035254 956640256
344764440 720026898
218567030 406187507
721502216 800440055
340553656 875227335
481764689 299646157
597108073 785493296
934223059 480843595
221289476 704133090
314481443 657555218
375218478 481402944
726726888 187502043
454585327 759201535
608178869 55835103
35725592 726027023
345090907 638747486
701531287 936883968
338320903 887899494
392223242 815757157
130582207 998741925
793555168 848012697
758249360 429902067
537093744 925544269
651023079 651486609
728209317 709439766
616299462 296682936
814457321 331186471
521835404 301993123
371775647 128096526
786843702 291700865
482436979 411324605
296620164 78313190
672663205 54435018
999614913 150491925
545826590 669458553
546006789 73207109
273146582 621408424
122072980 491230019
854332455 307049901
692796669 215130742
52235474 264886547
905105597 987320382
57561813 366273743
452799961 527402793
16715388 84540149
29749984 719683997
313702260 217780195
175737491 557046069
163418629 948180357
556442047 973582045
950960565 790901431
382369426 643218486
912976988 668802759
920214553 648053597
48168769 150245968
346585581 488028945
740402617 178184129
773406581 923527309
566443150 683029449
329341370 161138609
454338331 868245030
186971595 538553950
197966587 255235330
246178203 645861059
662649618 214052934
384931333 895160420
124544922 66248200
995971333 37940700
220073014 967755449
784787289 625535757
47569903 316702938
984749969 497531062
138947727 551120073
797985457 584092721
456711251 426230766
574414722 970652485
263700707 407554072
313260916 241848232
307832715 917187284
352975293 898421234
770185056 638934472
5418975 531835327
499005354 757117346
451855533 939898384
531650925 523900455
809803384 980920089
662554146 595975402
965429454 712345052
209424466 651825558
77581813 197873544
411106297 938509132
836754926 924088828
571072629 717891182
800305882 825895863
687924737 810925950
905181226 107418401
325549009 616601424
953052942 481446413
152953340 518333925
927694367 970205279
841427674 146689792
946486335 490932603
797492303 145871529
204444760 545597007
110415964 595327975
389618044 199572991
213086036 434170630
19589165 449123304
815804222 209942210
775357435 621804037
888185329 632515044
488594491 425068795
924729990 982488382
53038991 888301227
314681864 335249336
173207658 213685867
644993596 622998880
114116378 830484994
588205129 591387293
5041693 263959211
478293670 341707084
351240296 429576282
725822156 962672320
580448985 98985549
361845259 505324466
306576758 475498570
290020355 794533081
340609746 308932115
24452414 61892838
698241746 266082688
153026398 35720875
464412506 365719354
21557158 121544256
296834811 230192852
902907846 110684433
146150999 14114234
183384817 331541996
241534420 71365593
47508078 215071047
686535989 699859729
377615781 450595758
795358784 948385922
668912534 514395351
808163446 320501041
203108519 17404255
558090848 695370614
671889910 130964535
121034717 98607630
971943442 539735970
193252611 941836166
942602817 463026391
631451214 305501318
839973160 972212188
371791619 592228223
991950233 260585659
14652310 876800363
727915395 140951277
728345907 589810316
744587226 459768636
807709169 608486402
870385581 796237297
987590257 480690305
234977341 209271161
784970906 613366924
313725808 463262549
892793958 852705624
871237989 953159554
547442867 890817785
980601410 16074909
848954501 984292474
735116813 580033683
48841081 926890207
104617855 97068194
680036994 62553520
621627075 840783205
753338529 227543389
823744201 152609411
146094949 691823974
339503875 823023204
566157332 371604331
950709048 682206855
823281162 368000720
669488652 277830248
494405263 606341094
673679532 185582152
439288290 972756172
524142153 580312311
720467578 627910924
981196072 969508595
75692450 315609786
46558281 120942244
510131070 549640330
518931861 72248624
363538285 894109849
213591132 40561565
46215028 32450210
552325040 468912511
374834443 424379043
341701693 431522170
260903924 661239979
162067998 284447185
429658238 685179323
949960833 195225168
621132516 609351473
187227805 487327669
673402423 853474943
794880308 937993741
174934362 917886337
742791472 160892641
607595782 744747375
12652456 616409362
837132140 941879202
581797401 790961142
15002240 964320570
401350737 31357200
77619392 305963763
945811924 326543215
366074428 720397880
959458481 208370952
659989354 696438210
726642332 749392425
627272846 362258739
867921462 307393339
832811258 475015370
796184762 828157527
104917828 50781014
63643088 473363273
311050375 476569457
219813320 217317427
604119724 629662628
18147068 277778958
517370943 137017806
662223982 597761537
160857537 188162821
438686060 583716888
107560727 25367990
135830766 791331134
392921098 546584188
108020512 612600127
7742084 155019107
133591040 449299730
20882482 473539807
27183257 627177698
675285053 830835648
450030563 7225807
813292209 59639898
522356737 495307160
266515986 503237729
86506336 425785796
425151545 646335177
947966245 385184477
861402264 660780517
987012890 154833413
497248338 351213865
307167270 56885574
194129441 75867504
431140796 468821677
547040356 479934645
605847884 371867678
411347193 900812896
284426469 804009213
775829506 834349634
490566768 905359027
875049151 223404932
944279007 297778204
951437690 882000599
328572697 468911732
633354789 330955655
146269080 699702265
477727576 24490888
164017388 472636874
358784730 386163509
172741425 216561279
50605793 384924205
776978760 724465362
380589892 911940675
829969663 697641024
770141360 510835331
896787018 977289775
686266380 358778425
222612790 587619288
475152293 648061633
608664672 931427442
612314857 738327900
603190707 478279891
378953734 852513168
310348581 1989282
548252217 333389032
164809388 922001041
826015146 880004927
324439295 555386120
65703841 167600433
166902489 14189996
268699359 983391344
218281839 801217231
217948133 545531337
985333061 447724546
678073764 450232294
200246921 104363082
866367215 667250111
697072778 921802623
734415165 415734967
961142319 158183601
55036823 935441813
841663559 132185952
851384137 198416714
382240363 961836578
422848482 782886891
644107145 964785040
700038138 638570947
713413502 571682012
303379652 303350266
718800754 587424009
928007373 676281629
971229030 987490479
296576980 446074271
585305189 197928896
161933581 948637545
263122349 642331008
10601924 970662075
945817218 469106148
583930698 496779731
464484628 740452851
306001982 730536464
445288068 989562980
402307394 719931022
486784963 493742054
929292714 461249394
652303542 741335557
869450891 943798418
420352911 924618716
820363312 767469047
392370627 314436860
747198562 12680543
480314457 924465461
453264099 4319986
640187263 735951461
365220357 82321397
916623612 602073486
589382340 278117863
501324307 115201172
399456982 24303488
319363645 570426860
341171135 456611134
690178654 170837507
29857737 313580524
394490898 941570241
963926527 475385769
380303696 919469089
449350218 612525951
664468405 465112000
795003538 930263406
56984918 440662508
724101910 420112652
136659291 901547654
858164366 241516290
890569720 615668571
686045017 109692299
700100433 990276276
103275673 770808170
233261086 516060962
500806748 128377636
132174153 57636428
617614430 585024339
239662079 906545540
352357464 627498270
530789379 722999430
682867229 761015144
338507596 963326362
901569336 120738182
903387832 513660315
582331384 838545814
100747395 324709000
382413193 901333941
897741636 323200457
998653773 847390601
377401268 298088437
540015532 34594
857760588 379809753
965397484 375602343
171972199 763157437
573899463 58757182
47458125 436902038
794820060 327991636
173771684 275775044
687292406 451428261
57523020 644757425
116788867 719818594
474610129 491310559
769848092 553201409
821886570 902482137
626196869 84716560
217554195 363183774
966523084 556815905
787375221 838354512
421746304 311600049
486108136 444667951
302060747 483322044
946167226 156989180
139828905 648588155
16507619 636992263
56628811 576671820
319600087 245201662
848183021 987526776
378891892 20130354
425025601 108304153
515135539 925622689
56769678 627354093
156119595 303467272
796885422 650546438
258121367 30074860
44814052 824261531
532721448 197863250
934257822 721304703
316665728 37928060
20297832 350200833
447116037 29793480
443062049 679359173
603386481 869273295
806632298 645456553
122620190 559062091
81269300 995207044
291099906 984909045
874990808 433660311
167919087 772466672
570210315 658059230
595616114 407798903
962413009 553981505
8663453 884563258
760191971 306456118
923532868 278185230
418894936 954961991
134059575 588879427
348796270 31240044
613485416 3796098
727189907 837310828
556721780 982844041
526169864 832694826
455845512 765981751
704866617 37767053
254615825 295449814
226858745 130923827
684251463 895392852
689699728 36008463
126687558 886948649
109404869 397507632
971150303 623693400
946920088 571390379
234282837 463032813
634683502 17353100
891121973 547533300
655315585 10522380
789979559 124950847
849515516 258434693
705508192 183473839
1422753 76576897
124718938 9759409
214366736 305213945
288795706 600540915
884449817 436316644
546075323 520237024
79518188 471249903
58007337 808576950
99141401 778540397
171468510 37748856
620051894 877678500
68469579 90885146
493865943 771603228
38711424 549112560
733258484 778216584
447919561 841409431
158400029 122173725
257948717 54190888
445255809 629614586
884387481 339843610
494226197 67211125
377462665 969331351
982530141 52804068
397820237 969399652
144150344 665164697
888126807 945430753
215570867 931480508
930803486 383465868
467944947 400705396
688385557 998937073
286784260 711927330
982529983 769490393
813241750 697173994
253631526 555481560
882254280 632453516
229619602 201738112
176376818 549844263
954881555 936784362
688381513 961842870
454707748 230534664
206601288 802055501
668947305 502177711
221535730 120053770
59804949 512716736
675020246 555343663
129492516 50034838
863577535 870359251
648745690 649237609
849916698 928546043
670156261 852069185
679616538 750227710
845533217 114851824
217160262 389014455
96941611 349317927
360403951 563105465
782006139 856692027
683650917 597356479
891782730 26475712
757290880 976835286
934008372 356422310
394152070 660818567
329727281 115634613
402192653 51025841
813632332 20003114
661009974 873520026
757550120 705246748
195364568 141943997
847145031 225025069
123353345 923698368
587749204 394482267
437835999 142358148
225416881 719857312
877627584 741857080
572593108 280564343
561819736 327772482
209496260 81961035
259722018 564717605
315937705 647167158
617211689 195053280
937150661 433231017
120716957 454390366
264489597 62615660
235138504 12901160
70904301 90453937
341750236 574226481
147609722 104313323
582415052 886728593
189086200 503148067
103373676 943850368
239688784 759675029
572136232 581766666
42241778 806271197
955834445 682853205
868788359 513262544
252260545 666619796
820605174 515176754
380545408 895237850
108772352 721422001
812350597 533443219
594786240 928957006
199646415 913033820
417088004 228348157
832108801 783690289
672698759 46514582
66483642 297394071
389020335 32538825
392299695 867888247
381671220 879224606
449877289 215741805
173893838 677287425
15921024 789052141
63423039 413485198
838385683 29509397
89721021 664712830
228663843 716138747
70124189 40210603
22720508 386135418
994470454 755106376
657446531 882219069
121481687 683365973
509110299 770783709
231099611 461879552
368646406 450195767
661681728 362094834
976121614 798521744
817269483 379733909
85683361 278903536
675965369 367964624
185623833 868096508
13773076 751414159
889245811 700030335
765639178 967841636
38133587 230114223
21323425 327953764
575836019 444805316
192683263 688552656
714895101 794327694
192618311 936702401
459928840 886713896
555627765 680766659
359908233 985655031
746371439 525077821
81213724 179989222
586879806 183845368
672343587 568446101
971686390 870066412
804120466 880118177
291138842 777905212
181000434 918932184
922613224 380122037
318691737 329109302
602704397 245037121
408664633 272520418
740277383 870777785
532682257 831016715
982086176 272467900
730046392 781260698
363444077 905865327
907495523 815380581
851458233 808425335
577621759 294572884
159694270 504123457
675389742 774082529
437065365 475517760
97781020 462861077
807672536 665692430
694019050 876442942
878127750 442505980
349676469 490543153
885842782 93762740
827762948 804745416
316318499 275104700
855599841 392285802
984548805 717071919
245001586 752382286
902116799 704188632
766698358 997881992
870069858 299379228
315307414 47755883
861850313 520300063
688892484 372000781
254258602 379525687
298786119 359313208
625199247 376874705
69845011 577256684
336571484 211119657
908797987 170244536
803810573 742999828
342046689 455233017
194616494 870265975
542546120 96661631
853624189 206927094
323788553 832552530
141085177 862345811
40644017 129458819
883606248 684786516
401806698 38462123
318385492 192605910
175418888 944404005
498356504 431727602
147156820 143274742
612428639 843097192
437183528 278964717
934509044 694333528
863102915 933795525
579011515 765204255
200795686 286525234
125904745 747568154
469667252 273790341
807885735 901236347
406693320 914984978
943610014 350751133
481061666 552829369
229715522 45269905
672416864 913137743
337801242 848863393
775598985 971835673
118016 125482421
263880349 799233845
847541600 771990702
852511187 841507817
965749298 193462648
282190662 440071591
429619859 709866468
689294265 3667962
191727808 687142106
312663480 724646924
631990141 595603839
991133516 19571850
848716415 732040662
119762073 319055516
254718400 698083571
740363114 53127791
47812271 761081150
736701760 307074974
172349767 42576906
645313072 394860631
986933768 383024016
999580940 149025717
148815447 961996904
131570168 823816539
326385357 836499847
919880367 736215975
446526656 903247501
535036411 952731673
273469759 612844012
945227250 606135176
66933886 801692498
50452749 584329399
131797776 486047217
86328813 611960553
261235783 304785692
124557565 806738124
228555827 846574086
274934197 465132124
20367238 843174309
532666044 976522630
994314021 831836104
228393770 647562536
242445226 370122448
728206973 897177988
635965928 801738654
552935899 720498072
385329607 423248685
752486458 474149094
115032433 640692280
188876046 462060979
183035846 86521616
12139990 308249053
309837253 854272458
920540084 432916606
166018976 920267103
789105387 356059535
566061609 258966950
774515466 389760799
377291287 517650106
31460013 291623055
291097133 114481980
982804353 423247216
242645218 215785155
87068035 536804505
599354183 897091345
965277782 509162233
441150000 135866934
832243328 821094909
897905922 650839148
397163279 176379248
175848137 661312778
69674652 37728394
370728181 792535917
776687052 865327154
374146671 74992442
935995180 19265088
426728227 631455666
903706294 324618814
658105201 700862129
564435037 590782018
165226487 6641968
668360468 619351569
35490935 863336575
459135673 911586966
825161378 827240717
279412272 70287813
187021147 849033808
435678851 206133534
650712073 374135769
67842790 965043037
509226858 717408323
534498310 464457113
150118124 207375086
90357380 516323460
223261272 752916606
976013297 807493760
930138852 449015765
747653142 571774610
492880109 899405955
787288461 341432620
951534305 988499648
549327583 47631350
916830935 533021792
51729301 882266595
184019470 244232200
69995634 690992809
678656991 461944090
824102634 642982320
226235357 205616462
445838572 424186596
565476378 994843190
572169863 914067073
687310381 789467175
650219988 663893593
388862711 678500359
340050322 35626365
118386672 797433924
849154692 360152025
348094695 173687086
293714201 363926565
954507726 8315477
606231057 101217537
801845617 200340288
813796803 772210954
196697431 310849044
464680425 818528924
913240332 826672795
341231176 104710875
77657779 443897808
345889448 948397010
739091646 235311109
703756243 395102254
706187434 114761519
763054427 755429764
857561689 646066493
854048094 119648132
489345180 855167204
742197865 213160574
389566876 184317790
934930489 646169462
269485736 279802799
621342867 332404259
433892030 22072062
625163815 361127882
967750846 398736676
185809847 54759515
740104150 755776011
407186343 665706577
90651779 19442515
913181434 714562845
731698435 299126085
18435988 871324706
557936750 679119455
791038220 545615440
654205241 41960202
225990941 917947685
112994338 15361716
583139743 202277613
463564018 918446732
105194405 128132070
546931108 789104348
213461497 92619335
637592502 597960243
631200123 61656771
710062315 156685210
738496015 372491994
847983265 776634783
873327775 922799349
881366401 715709626
58922869 620536732
472947976 144503069
213349642 256575723
361898008 389079232
33269652 766821584
151257178 922890155
268154475 400161651
648546082 266221195
647158290 819948062
889665795 920751194
439040800 314046123
68702114 238133603
127445026 49477908
775210489 857520975
628310291 560584447
292434091 313245299
4639400 357574687
258793743 345739009
881141490 125288744
345959010 269920620
985050374 388837106
540950143 216256333
578545215 593808256
797436488 809894148
823128605 780049151
455853754 549411051
270046186 155637141
