100
1 380
2 956
3 600
4 439
5 71
6 149
7 813
8 770
9 238
10 944
11 239
12 711
13 44
14 448
15 757
16 790
17 897
18 417
19 631
20 453
21 35
22 980
23 337
24 554
25 510
26 711
27 119
28 665
29 975
30 961
31 378
32 24
33 159
34 759
35 838
36 91
37 128
38 829
39 951
40 21
41 465
42 165
43 566
44 746
45 352
46 411
47 497
48 155
49 192
50 682
51 39
52 482
53 887
54 840
55 241
56 77
57 799
58 203
59 214
60 690
61 993
62 823
63 916
64 674
65 773
66 973
67 782
68 919
69 595
70 748
71 73
72 126
73 574
74 488
75 573
76 847
77 398
78 206
79 350
80 946
81 150
82 909
83 549
84 420
85 299
86 374
87 978
88 463
89 514
90 396
91 326
92 497
93 396
94 273
95 28
96 855
97 96
98 163
99 736
100 734
