5000
900 893975868
2797 402328739
3852 266899309
4391 333322138
3823 583242904
994 807462314
4789 244666776
1489 99386409
3717 338210716
3506 416911767
493 109981789
260 692664591
2669 358073055
2547 533519986
770 111996529
2187 565054404
1582 241075389
3034 378986482
4473 464161131
1453 205610847
477 990023211
2626 957119027
3384 246932115
1032 204766201
3012 255858652
3915 182061676
892 846081239
70 57210205
4974 432968232
1441 725773140
3448 170343278
676 618984697
896 227335066
2688 469357296
2451 556636750
4831 424688369
1057 713850842
1444 923998944
2614 118137494
3612 546769777
2015 187392719
1327 611843530
4937 429677232
4111 298922270
1711 29359721
3933 125021353
4858 629937518
2427 808272541
1626 775559930
817 401920731
2401 937840470
774 731302761
4928 525643472
643 930152574
4870 494342129
1531 7492655
3345 567838618
3137 601455494
2332 631401242
2846 597224647
1710 287538469
1113 246227594
1465 751465901
4939 453439143
2006 808807293
4897 175137634
4918 991846224
566 285911381
4582 780596177
4445 472487935
1306 801619198
4312 646743665
3318 758035431
1921 58271167
237 551738211
1955 897897525
1193 709359125
2473 636122708
43 799928029
3211 915102514
2031 70750001
1939 300378403
3941 91698843
4528 805045614
830 167121720
1967 543538791
3695 122129511
2147 805700431
1187 266483302
1168 874049553
585 370405691
3324 251249630
3710 771904181
2938 498570950
1030 415360810
4775 702992175
152 648528582
4905 52466379
3191 830952627
2755 97677335
3631 230046262
4275 414246148
756 642910064
120 514172811
4593 389013579
3288 855473519
1573 912497940
547 188797780
2897 358749765
1813 478306976
4627 646340888
4335 451094714
3511 611363373
530 482879724
1272 571966775
1234 774787230
3721 615624371
1971 698285166
4704 907831633
2344 58026276
2708 658583962
28 263407186
4270 332684065
4053 939457745
3870 4421101
829 549607368
2829 537162704
3497 194124939
2054 562204217
4417 695446746
4319 304058196
3416 110029249
847 851427590
3213 945283711
1637 443903754
702 618491883
245 722193703
4121 43293631
1384 74174011
509 138928212
1555 781100228
1301 945462150
2318 244212212
407 471048996
360 688594756
98 118141063
4826 522307662
4425 737770132
4930 259760658
1177 983246506
2594 81165296
2338 809283840
263 969924544
1476 331178430
2781 213480490
1868 716815092
3669 410300786
4678 608943747
4199 65647167
727 516028471
4913 88427050
4355 291252029
2740 102225065
3672 747941929
2868 277082412
1016 999275741
2957 742025309
2138 236189963
848 177055411
2927 387919908
3785 798580450
2163 445622583
2544 336283425
262 634767409
1271 151554628
4437 468549222
1176 418967283
2403 994764125
4395 527100502
1087 859725622
1830 288333653
4296 277599028
450 489336673
1243 643254029
2454 547145168
2120 539926349
688 486327245
1203 397740025
3556 342295303
1995 859736857
2429 371488825
2634 763000698
4080 414097740
3523 256008639
2696 682630220
3230 797264403
1494 910530289
4982 655376910
3884 379391298
473 370300257
948 996946110
3754 568881888
2252 539197224
267 106229255
2405 843791746
2592 597719785
1858 974038607
1163 970291404
4324 200735325
3051 451596785
3642 320737454
363 862273694
4561 507047606
2456 255185387
609 363666826
3314 553672309
741 966372348
1358 587212338
532 830706087
1787 10580354
1819 142232047
2149 571438166
3466 763449543
4606 572024546
1207 375034376
2193 116751207
853 869612407
4572 389943109
1681 222712938
4389 749170491
790 319540527
4740 331974854
4750 266992233
138 915721918
856 632724325
4343 226102712
2441 257608680
4711 959851241
2194 191477127
1772 904501941
445 429361552
430 508712136
3486 339800122
441 84408890
18 859374649
4761 389933914
4098 866274214
4634 157757519
1106 374434772
1537 571501448
2165 441650044
4915 733817369
3989 672489195
4470 41102233
4611 125298947
2126 526007476
3954 318004299
4965 143107849
4340 649861033
1590 786771588
1756 589777359
1613 18363737
1549 29418179
183 669441286
1736 636469865
1000 60039683
4274 990753554
3364 348357343
650 191652351
3391 140930398
2295 496369329
912 908315568
374 297896737
4785 578295758
3315 239202529
794 465391395
3801 2367505
2916 160912005
27 791135285
1544 546763005
722 982948045
1028 682702942
4501 859741891
4402 375798673
2568 636813476
3875 878542842
2479 973263833
2140 904588178
2099 933841126
329 59194285
2810 776409310
1412 130340649
4841 147534234
1486 943972539
1702 267356110
1371 849783433
4568 237085301
930 296520965
1743 615011768
2606 944997015
203 415778083
3618 625399869
1294 493217872
544 205539389
3706 424749941
4581 195831065
1580 193234509
1877 474181452
3864 920556092
1079 1870006
2705 450857804
1147 829668218
3402 798979469
1353 61119373
2573 114520225
4192 996252471
2074 105173654
1221 425782267
1783 942464669
1236 695605536
4390 544124043
1912 789248816
2678 340927154
3195 932472921
2554 925287047
2143 119524244
1563 436565663
4261 951400067
921 912546406
464 801875390
452 834107183
809 212961353
2304 441746110
2776 847271037
3929 684697173
3348 867185948
218 357141489
1063 169289169
1322 134440883
2706 547833566
4005 689534025
2213 210531359
4835 127939818
336 78139228
2730 81652419
1166 294691803
1924 152572847
674 301976855
2195 249917292
2334 625444807
3336 488228511
114 264639168
1933 843028177
2661 227641330
4812 89664409
2283 376795076
1928 330581500
954 439873705
2518 497132612
1295 35028272
4941 418521506
737 498350920
2388 354550862
512 677785554
1082 770453900
4910 819868241
2617 919538781
2191 793791042
2223 214006509
2689 288802276
2680 924612614
3580 633006166
4249 556960918
2917 548357764
446 128170435
1054 657182237
3577 834995590
1222 928402945
3930 533164874
1401 184107198
819 736934189
154 175693471
3250 122946309
895 216091375
480 693242849
3008 751083187
3550 375422491
1631 92926501
1022 413593671
139 754764836
4541 273923817
3372 4188544
195 555682436
2039 340559116
2241 759988318
3021 842443758
3071 539975611
277 975941849
3730 471497576
3293 968563063
3373 738933264
4907 178039223
62 172376018
1664 657807952
2421 334690080
4463 780185097
3128 101520979
1225 651886380
234 688539076
2400 76858161
665 53331964
4092 206394617
1874 214852485
4801 987292682
4763 608420479
2572 499014961
1701 518970057
1968 329495639
3588 797643242
1036 467596481
705 47231694
2605 308887408
2458 848946904
4060 750599865
3424 644702586
4191 759461132
4483 413617210
1678 965104205
3030 555325247
4894 96952653
550 333775599
3555 314601556
4917 811197474
4223 354285598
862 207593385
2119 706766165
1484 804103192
4141 874126192
4976 585708754
956 242518855
157 468941569
4764 429166954
4245 897510792
2824 774437157
3080 70871349
1248 88868608
719 419552979
1963 364620288
2034 52865137
931 565857028
3047 395540853
4639 378612028
984 277443142
1776 970227367
4901 177497708
3122 9366480
1575 418234630
2516 753782234
1126 196312928
653 233101485
776 703537789
2320 492941770
1246 854728127
3353 23878844
4446 485275596
29 561401728
1697 700019339
840 857909576
3319 284401313
4825 930623060
2489 282815270
2130 820228918
565 708608276
4734 486637498
2553 984803352
3819 297436187
571 53141446
1098 911399641
4999 676530127
1414 817757659
4294 577859708
3233 351955222
1145 156671336
2396 987389630
177 524764876
1475 535706835
3828 849774350
1326 632567056
4948 223836531
3746 590553074
624 538242982
3487 387429217
704 468187003
1165 211616503
750 123958238
754 397635708
3282 159516309
3167 89661287
4619 427900263
2645 225550385
1724 459189334
2983 437412266
4977 239892002
4228 546898443
773 31025984
4432 779141119
4394 485339269
1223 553531896
2529 47711241
3379 334438920
1264 152227209
88 600356603
2110 486639827
3981 283848182
4353 43313690
873 36301550
3312 366320171
2080 966971978
2336 621096533
4911 543187549
1922 16293815
4746 663475140
3638 710399872
3317 771877834
4257 887315067
2249 488801811
1657 125532312
1461 368785978
4727 438542742
968 742604008
3359 500153257
4040 113031933
1280 106096018
3957 382631665
4587 753911101
4603 131980418
6 809300128
2679 946842178
2449 761788023
4458 231372070
1047 915162844
2721 679920171
1769 915211699
4663 271459809
2268 928680526
2866 448560150
4457 202314436
3866 442344522
3731 268233728
661 451671113
1094 593711708
726 455354371
1994 318985946
2196 739637666
3169 3104063
580 423634714
3928 587675741
108 232877372
3839 619417344
2158 768618207
4642 396489447
2500 81086471
2752 94246752
4945 935711353
1014 860988080
3106 934639687
3185 848338156
2118 974162943
2181 773511334
1669 376922887
693 826543471
1349 318993560
2778 534463255
1841 416410148
1798 336496554
286 920804291
1174 153302032
2425 619374229
2235 65742120
875 178324763
4957 434649974
2003 974223650
3405 903859851
2270 977193989
1668 906034657
4818 177738359
1934 671062966
2949 550570123
2349 872685149
1648 127152616
4411 728592623
182 729742295
2399 524424169
2731 36837803
1160 942154663
4925 294800913
1198 357883738
3508 755733702
1183 48127846
497 106574493
4666 625819875
3652 292800041
2652 5343323
4904 640262336
3510 844030692
2963 131460034
1505 30469970
917 701957851
3617 176553910
4256 660665145
1244 131185947
299 903359398
1662 943317165
1853 113169667
1974 893785481
4201 856158465
4348 125380269
2105 518453432
947 757876102
275 762812584
1083 657592936
1122 682954112
2597 362917098
2156 527445400
938 684720732
1059 133337146
4931 636399725
1552 135022602
3687 451404765
204 267210322
1667 636506430
4258 742000165
3995 641145900
2462 616431881
2362 558813303
3772 734927230
3639 183733564
714 929494417
3431 810786615
4854 433010292
812 448853276
2805 860685099
3807 918150637
4588 17244982
4557 273291066
1321 14121695
1938 679531919
854 337758749
910 997635084
3627 883262158
3337 399655692
1051 128605051
2564 189043981
439 204998945
3446 141991887
3990 589025781
1943 179266056
557 346797422
436 67419787
4693 18473820
2779 442611623
3397 424731727
2599 761738816
4025 170421424
1399 206580693
528 932313129
1795 985703093
2847 348897585
4991 894986308
1307 191155707
4554 46104125
2802 727464420
297 340331024
4282 38595169
3408 49873092
2107 307486496
2655 763373847
4878 385714461
3845 607237640
4700 931157398
2785 859429368
3533 120162763
1483 599475777
1364 969668721
4778 587170613
4990 787889846
2806 199795144
1870 544339580
4843 330471385
1377 152784444
2047 491226927
85 40469032
1206 23600779
4229 980751000
3304 294158127
3763 784608912
2294 810104055
1760 203777311
1712 557500989
1253 425267698
3354 596704650
3447 696488249
3452 85706639
2909 770359241
4352 138918115
2030 927983019
1002 941497942
3659 540239241
2632 824129608
1709 871849639
2621 283682234
4407 142611703
296 575764041
3142 577901037
2328 140374418
1602 408450488
1915 836863873
3986 660745566
2426 920470308
4872 246317277
1962 220474984
1826 349685849
4278 538096130
983 678468689
4110 320835593
2113 734847936
1528 643678403
2476 838001199
4970 271247110
1941 205430802
4155 782028627
4140 224952180
3809 738435573
2137 275120410
1336 437766029
3376 877973702
4032 628027350
1864 550075531
603 853890771
3146 20342651
168 607033040
3381 646849124
9 187972567
3779 447637321
3088 596404078
3644 843222765
2214 243131481
3880 752258229
4195 455329103
4887 762850917
1062 301695428
484 979988784
1975 828556041
2475 188447796
1387 364277132
4865 729045792
1765 435034660
945 119754090
4014 943445704
2723 823184883
2542 660398458
3099 749083005
804 153249876
3194 382643997
122 646838703
3922 492995317
3965 848849628
2480 464426340
364 367843833
3684 887406244
3432 626297706
1957 33393131
1739 170188280
3704 64295324
2208 150446206
3356 159153985
21 168567370
3709 79005784
4804 242188986
1111 328761690
1670 435915235
4607 249122279
3522 275076049
795 155220031
2703 557498652
3415 14721733
499 873901573
1885 769200479
3613 261042819
270 543434427
3200 236056332
4600 366284337
3334 856480956
3607 687000220
2828 455475178
1148 182869076
3585 903568173
916 27888901
2086 188733355
178 573980234
4997 40029223
942 429994413
1407 126536224
7 652628988
4484 457782842
2507 379324321
3256 6529597
169 188097461
3530 787565768
1426 139099419
457 943876095
1386 205944895
2008 2409670
4385 412273919
4776 867907188
1403 231031451
2556 860608312
2772 815319601
4325 112341981
2848 359156031
2921 629039015
4130 248668109
3752 302338355
2488 209647989
561 301954186
2364 599861953
3499 885764763
2604 115252607
2691 640296402
3149 834007248
4708 907477414
4017 787352605
3718 560920045
4583 483686787
3890 100033457
3961 17960782
2068 648127942
4079 988321436
4290 181492197
3214 694391508
4387 243997983
4423 614956638
533 141483197
2385 903279762
4788 210066268
4359 905346330
1170 606483831
410 54932920
76 517335068
4168 483544174
4030 192968118
4938 411586810
671 645020421
3835 964880722
4374 87512125
3770 71575652
3559 473900688
4808 600853908
3289 930445893
739 36497340
1312 49352951
1043 197206371
166 274349017
3278 554383802
2186 978420049
647 95096169
3358 172040954
3665 643961222
3220 989430748
787 111390180
1072 189192650
2282 755609012
1828 966001907
1600 194858798
405 236401293
3761 151791443
2342 323726650
4676 878497619
2959 536045149
2305 282027623
2855 189115486
2954 349778170
1189 249104914
3974 207750929
4955 881880517
3591 75787759
2975 128833988
2685 972416983
556 573100584
3535 889860124
2001 803687357
92 71431779
276 757299074
1708 360923231
4614 486677395
3594 849082259
2185 876504599
4631 632703621
4973 799570111
3816 587043356
4651 280985908
4701 948605980
3464 941531545
4503 724891087
3170 836546129
87 980983805
1843 730304227
1470 832182814
1233 722527544
4036 769448351
4322 838942696
338 368018048
3357 526624280
2899 723920072
3934 811528626
3566 371996251
2100 744419424
3456 185968078
1208 473804022
2058 53533570
2930 213978443
4509 169316764
3518 629103651
2522 786319266
2625 309886041
2807 968701878
4243 227006795
2514 268410857
211 215206779
415 428376239
418 455655208
4189 265715295
1042 682869192
4542 71292462
1896 789496767
4926 886381855
52 986662162
379 902941092
1138 272763462
2782 343215609
4097 198696836
3331 974665992
1585 184895625
592 621710453
2551 819163386
1844 756473228
2418 111069925
1503 307948411
1655 467291135
2112 299938907
4770 370075535
2026 295927027
4149 65685469
428 898083929
639 882414725
1558 904417279
823 341829921
2040 929635917
1146 193401261
2478 438281281
4687 160849543
1619 164895931
936 127118170
4150 815888100
1879 349882881
1190 587361757
1427 971134236
4418 192239127
1352 328670990
3217 387235264
4244 90202266
346 200001419
4120 230895
1768 118256181
20 232988412
2590 795218765
4439 814375196
2245 887410330
886 787942651
2766 237985429
2734 92610147
4112 424292147
1951 998912678
2339 836953022
625 74437578
4629 286248652
1046 912442227
1761 591625040
2504 587592761
4461 820017202
971 244524799
2607 405919951
57 30326814
1310 989501908
3025 743579843
3762 150021077
4135 253437339
2832 853057296
2287 268498287
2761 493190180
3023 489609985
217 593383834
3002 464464971
3931 159648202
257 704707405
2770 244754560
4515 772783278
2081 376326769
2014 892553621
1643 500338367
2906 269643832
4320 305148408
272 841930983
4357 775193240
4142 249764965
1676 839864378
389 984653223
4341 330971262
325 184375382
1836 253081754
3340 46481961
769 931352805
399 29305149
2694 671349968
3622 798731691
3441 209935306
3444 394814673
1416 294412658
858 633146164
3488 372789584
2894 450796291
618 526253090
75 86135420
3463 916315835
563 498529862
1720 91761249
4645 242137645
3703 410473954
2288 948234699
2907 44639231
377 878791442
995 586113831
4605 130911919
3239 839954691
3471 994019645
17 525170323
3404 61292850
1499 128134767
3067 947184819
572 360545114
1379 517757755
3141 357582358
4237 101846633
3504 793168865
1647 859522618
2016 566221483
640 599816587
1329 994093827
2950 769396993
1630 642809596
2586 474199698
4010 234527179
2747 312516289
1422 182422470
2591 296119318
2125 130201548
3161 353973047
4705 930053995
3207 807780912
4522 550346514
4533 371787689
3057 858642606
4179 712119558
4848 406138081
3806 547131179
4535 819225573
2999 652890036
4304 571303083
4574 474441838
3428 11586595
1666 278319807
3294 857619363
1825 51522845
469 814948065
2264 10590728
4414 795922942
4739 804141363
3991 578874584
1553 328457011
4222 964054548
697 89584600
3199 978005382
1886 774163068
2681 680780287
3960 392703555
111 395732626
2658 594307026
3782 133774336
3105 478725074
174 338819150
1229 625812750
3307 736371169
801 432623737
4868 126102408
515 906414170
1479 825609776
2536 452400549
668 796398946
462 532438192
4084 507098756
2900 145313247
4405 619473238
516 958405422
1561 356836424
112 568276452
3548 760327786
3663 557435068
2060 215057775
4379 474989717
4146 611509867
2410 214947848
4618 87246491
2982 519616688
3295 664637607
1144 842848820
2872 140012825
2373 97265966
4094 767871628
2991 400785201
3164 529732801
1428 178798828
3100 76696091
3026 975549391
621 549730298
4147 779806220
987 48277478
2836 905419581
3102 64424857
2732 317824213
1947 805232120
1090 526842432
2850 695588974
2933 923691087
3757 661164413
1944 338620202
1265 706158203
1925 667652591
3285 942229557
2887 927543818
1588 615428377
1360 397724945
2063 973423695
343 185284225
2471 830017885
1519 946240143
486 116081463
1872 978189912
1344 108054306
4539 698681952
4802 598823454
857 596772800
1855 185840500
314 319020546
2595 37713869
1385 969086130
4264 748343486
4718 309007096
356 430065214
3296 382480152
2422 346161158
907 307474790
836 122904741
3572 722541238
50 965590166
540 66113926
4019 606032629
1605 115441345
4987 15476618
3186 758326041
1645 797852613
784 72410178
595 117673761
3937 930263862
781 488365391
2266 969560200
903 116352222
4482 439221301
1821 206519526
3848 908229046
2722 975638596
2940 280439958
2321 108862016
1158 225848937
1319 101492803
1325 514778077
504 890648555
2784 914619000
3443 697135241
1281 222563503
2013 588513575
3958 498926514
3699 359913652
61 872016185
3616 127239122
656 786332630
3557 118700866
514 313681783
4448 559128534
3066 270825997
2378 178187103
1948 676498981
4879 923505999
391 334775713
316 750417265
1929 966018746
2505 579258026
2628 520528765
2882 355576353
3351 527960290
35 407255086
1026 455165532
3332 552518692
3168 892536040
4998 838423989
3513 12071927
4984 403702096
4563 222314154
779 157907141
974 23990839
4920 789234005
2238 64002508
341 797516538
1764 892250886
519 302370430
2842 462035609
3152 853367241
3091 778656218
2059 999618389
3939 724178110
74 910549047
488 756305493
684 802898791
4730 485171209
3313 312951298
4234 973326663
2577 444592655
4095 880558982
2839 626119980
342 880208359
3055 892264238
4364 869007266
1508 976756646
4162 387674425
4055 176091705
4206 17568277
4547 724366898
1904 758441639
4316 134482696
4837 464617588
4489 592919845
4857 294758566
4157 646568245
414 764593685
2715 433580351
2566 330842328
3014 294757433
1547 526086640
3173 645363019
3006 468882137
4158 559904926
1794 873681236
2073 836302207
3838 485470993
1625 897271943
841 47672534
3489 131735683
1088 78126466
2830 29144863
2356 911227937
4637 127407724
153 818697528
2942 255812142
1320 588437281
4512 947766162
567 253302356
4109 757832
1675 138399022
1534 278293057
835 392653724
4647 971518395
4175 366513634
1070 611601304
4045 15192622
2171 120520397
1351 339997703
4464 650509279
747 166880171
1831 199959693
517 472390841
1432 434068118
4474 981988031
3648 660493535
541 913510052
3298 107780086
121 726861985
1970 514961537
321 686185582
2750 216423727
4589 357285004
2457 547145553
3570 690937986
3451 812769474
1981 697502672
683 460717088
1273 723929518
3117 526426586
1498 390797806
2106 141692619
284 481412314
2161 723762508
4728 114220434
2036 730360019
1713 282744528
2973 413282797
1961 960806422
3297 397545327
2357 717611935
4979 66394981
1650 504789238
1983 314455528
4239 663285846
1134 782978140
2423 148319505
317 363027367
1363 265484755
1682 206099285
56 242350559
4093 608308254
4504 797902731
785 932212481
3352 99158301
2142 845546895
849 809818007
3478 200196332
3325 969205220
4117 469045270
3268 773862083
985 63712725
2826 295266279
2123 158981073
3078 314756021
126 651376519
2701 343406861
3201 879182380
4347 129589095
3462 918481360
3647 866697569
433 29041681
3601 743324883
3741 548421067
94 381895333
4753 465992660
4468 792880833
3602 428274307
901 100396194
3825 92072108
1241 758886804
2844 333002703
1596 636379017
708 343476028
4703 905270261
4057 390501416
1003 331436326
1235 227788000
1105 435673247
3590 184247924
3712 161280208
3787 841882373
2032 725410714
3545 308185926
2602 937761393
3799 735959678
3261 992282827
1389 529001716
2744 526087881
3795 133647548
1021 204105808
4617 798910324
2205 646925275
4662 904557307
3565 487562410
3347 335693458
3367 695376581
80 887895632
2428 992045733
1442 907598876
3174 802740520
119 127178703
1398 853467635
1103 854161249
1532 163129399
1750 813252592
1814 988977173
685 644411088
1778 981293683
4106 183380915
659 271265103
495 510777357
539 180575912
3921 181530397
54 305195642
3956 420327162
4816 136970523
2286 905706825
4113 490971716
4305 77566448
2132 816278889
1754 214380333
582 725677765
2563 921855027
4942 243956600
45 774896593
3234 265964405
51 727114344
2255 144179337
385 239613039
4033 296903226
1982 138115966
4927 41589886
2303 622424436
2711 586610680
2737 601086140
1267 844958112
4692 361901317
1911 905380426
3901 490055161
3667 572264785
2368 211416636
2382 956599859
3714 728229942
1860 161262515
4961 208644016
1496 73311389
4280 848687205
1815 300932548
2412 457926527
3936 372004795
212 488404171
313 64675014
236 301048470
3716 337391246
2301 978203302
4498 28923425
3707 980999159
11 468484185
3284 835286850
4667 489562415
3482 576852203
1242 428220407
1820 586377881
4716 132350412
1437 554049738
543 103468537
2618 889180892
3007 258524770
164 26045507
2207 623549588
4668 50072137
575 253847281
2767 227656213
654 362708
3587 72635499
2749 374879378
1473 758261177
2675 776100322
2902 884798513
3228 786190626
3118 511879252
4548 684021636
4922 456064643
3573 618822717
322 5837417
1341 6114479
2159 176650349
249 323384700
4890 299617943
392 217381297
2293 623891374
1786 494036234
4712 765358362
991 463981418
4669 926316846
696 247981096
3075 601030413
4371 232227509
4850 383203924
996 790001641
3767 294965111
3786 526015586
834 370776382
2432 197789740
3681 425206074
2377 445852923
1530 700077953
4077 48806748
749 50747535
4197 368501209
4655 843937126
2665 489092305
2773 970250924
2198 401853445
1811 17694093
337 829373794
542 273772910
2302 503087513
1641 942403367
2493 900558537
3881 24842812
1202 302042816
1488 959745489
240 28835878
751 396713722
475 836522546
2837 873814458
4227 187624156
3662 963320922
2206 470160866
1856 489054526
2953 122018189
3500 973278121
791 732059299
3280 235233288
1905 242139434
437 943742637
1482 393694069
3619 76465449
1691 23644300
3976 533376180
1569 631563920
4314 923983745
2092 546561466
1663 790548613
226 164821890
2072 181450184
3343 900011393
2436 947504128
4378 643108176
1977 187338780
4302 37623598
213 69093902
3046 73353075
4751 248564303
2955 442483073
3058 561382101
2227 248224510
3412 318630578
3863 416729866
3883 383345940
2533 442510376
2308 828749754
1323 971094185
3736 362878116
4968 748305231
3674 175739816
2415 151756957
1919 445981389
1217 362264922
1297 676632544
3641 621595506
591 319026528
2234 656402165
508 724136013
4218 727220878
3745 776757933
253 831863917
1421 458043878
2841 365764943
4953 8653644
427 480828401
22 630614954
3360 159517318
3849 260918189
4426 170654345
655 376724677
4520 528583093
4099 234337730
4544 864485055
1816 644981360
2083 620905346
3856 44303425
715 817848156
3789 719709014
1424 970539753
2065 710151228
2239 963717710
298 973703234
4745 973916862
1245 744316530
2581 87970463
3940 127661140
2664 163573650
2004 115374003
958 531319336
4214 790261941
3626 411918634
4269 70064510
1419 634842414
2189 979078836
1716 568580858
3387 364451572
1926 503441908
2127 431016398
2233 672274236
4855 80049356
505 866041060
2269 944380374
2371 291341447
4755 468889495
1518 799275756
3107 992553060
118 791741401
1018 617595747
1850 460587748
1749 876916746
158 62633235
3032 172364087
1846 753526093
4398 600791931
2440 335281612
2640 614214073
2012 748920473
3418 140030611
1050 777913194
3341 400018829
538 978294239
4661 44913555
3252 66837052
1574 81658529
3417 874135902
3453 282087364
4940 432711391
4540 379902414
349 740537209
2466 417788284
409 302425276
3472 462055366
2175 766241391
2881 589642237
934 756290772
876 708113533
4608 729856476
2811 264700598
2698 898543777
1882 149711662
4252 856186158
3655 789717754
3599 971065270
3826 548717741
4129 751267489
444 262702586
4697 195637397
660 235683947
4188 926359601
2637 714775505
3904 436507644
3178 988283356
587 734066361
1978 252100264
723 330939686
1348 776969104
3682 91356590
332 143260635
381 746513463
1615 451593855
4609 239569724
3547 915863519
4523 985565914
344 420710104
4706 709235927
3569 379237873
2179 141499378
3979 750318727
3549 856454934
2528 267244654
3973 268693566
4421 344928370
144 993249350
4636 235079806
2580 750189469
4436 423023635
3085 791419672
4082 719141051
3385 866577474
116 52735406
1802 464673628
966 198308354
898 922952132
387 729630331
3111 789466275
4027 818646361
1037 764354218
1747 427120718
4532 588586535
1284 378039236
2520 936209578
2424 75763091
506 307332533
2182 331815480
2173 246655898
3249 21754675
403 166705226
3944 226903255
4250 437993804
2981 321304925
2660 64501738
2532 855190802
49 820133650
4007 812037351
2638 614319268
1370 409390207
4726 576527772
36 384229712
652 653023281
1117 848271221
4465 24502992
2538 580456484
611 943869729
3651 762175307
3481 202879009
1254 733606463
1269 236164588
2871 539103321
103 368687349
578 69442065
4490 821095510
1679 659463759
1629 421249971
2540 970394666
307 105138925
4585 973021867
3750 944464457
1734 713110541
4486 18709087
129 454514082
2972 503755806
4567 131181711
4001 41552444
4806 655311738
4864 182713206
117 734320683
4102 358972919
1634 142782732
1726 419888379
3374 836094602
2253 808950323
2345 989858642
1472 536680227
2470 682784563
3670 279089896
1411 860326850
4447 868042773
529 410557126
3300 640529569
2439 797000467
3017 687219549
1845 469515584
1927 722113333
598 528861102
3433 261229463
3393 937290231
1191 20904725
2852 819551095
1890 491427702
1004 475821683
4656 652889017
3035 669410593
232 387725162
1458 690101436
3715 74446648
3892 22116493
3924 461232895
3610 846715267
2333 855719585
229 604820166
1435 45666939
125 812815298
2220 561984359
3157 948301546
1835 225154110
2231 98983744
2803 197576723
2760 844393673
4883 881202579
256 681486853
3932 614549743
2347 156343267
2961 333650611
2317 578247177
1118 860987016
1092 787771132
2144 662631916
2387 825684230
718 345908446
109 645860782
2809 732642844
2946 230387159
400 600682848
1827 887457726
1733 259447272
935 364174791
2993 891700064
3272 871981818
2075 385695984
638 342757145
3005 6772620
4975 799402586
467 432681042
4024 123352689
2980 988542599
1807 79002729
3833 277074969
3232 981387159
915 352164817
2725 622933961
3182 34729136
2052 643542799
1990 773937703
1438 402629061
672 683597558
1887 423640887
1477 269777586
3273 14468179
4241 449321113
952 153588569
55 146445188
2765 879279430
2352 516746618
1593 228710117
1956 995765774
3423 682222391
328 460938490
4008 783334362
3847 312006751
470 686411227
2905 350043223
2569 128863372
1895 464101182
4238 670140913
3749 150409108
2242 570413043
3885 305695673
128 617200889
4399 861805076
3241 35581113
1226 363916196
1859 797904659
471 854015630
3202 189248075
3042 411244065
4846 557937162
3112 77394292
3593 449629632
4859 36385464
2216 672951548
4570 473542942
4771 332294266
1467 665047517
4875 591963093
134 345050461
752 76164151
3708 10072872
2494 273691320
2934 267246596
2741 792790210
1578 822620382
3165 484339267
1594 90635456
4047 29559291
3993 857885621
3987 212195205
1201 478085471
3975 245655178
2291 620050350
3872 198698936
4530 209128904
1029 24523302
3333 710805224
3490 319367936
3355 903832285
2971 180535797
2796 27479183
4268 336250163
3125 477178166
4779 802355704
3532 804918163
3658 51143442
4078 424653561
3683 343258039
3905 655205421
4161 523460115
2300 394703534
3129 240560537
4375 860416539
4654 122555055
3266 445969605
4811 622992577
3948 167121919
3656 88716400
3992 582617202
1292 163868050
107 459070250
1799 496754578
3597 223824324
782 775823277
4502 890679051
744 512882241
3148 391781295
3748 444774410
4131 63152962
2 208058164
950 439357881
1023 520880445
601 449265036
1309 175562503
3608 971657423
3150 656009273
798 59062442
3926 707906166
1987 630665951
4949 647629815
4286 716006663
4847 391586723
852 878399446
2346 882505614
3274 329419117
3894 582041527
1256 336020526
1689 519230445
1157 184652759
4845 268474823
1205 511195840
1423 515514840
3306 395348377
2943 559769286
2057 128694499
2712 504883706
2370 250824657
4054 770901984
1216 478939399
738 298834449
254 543154002
1810 730162381
83 885454188
25 640387753
3551 843088018
3760 759898847
2831 418058812
2383 161528482
911 450904285
4487 592976904
3729 911220379
2643 28274953
1959 788991445
3303 757383970
2188 286417741
353 298388142
3406 148339104
2687 233575369
1409 327631687
3820 139601301
3335 231750123
2209 677966446
3564 921769845
4741 366959637
100 604493471
3204 967589950
870 791202998
2296 893565533
442 747094218
3509 182689661
1998 134130606
4337 64019780
957 440505695
1266 10783683
4430 725904650
3507 364952233
4633 952115406
4363 791891922
371 369014165
4198 283566049
34 784284170
4207 541127628
1500 538952202
2284 49243158
498 298542233
2915 578475961
554 425116494
3562 524384269
2825 192740461
4737 311541091
137 982678310
1737 563460709
755 207517388
2589 886120703
1365 831338177
2141 726014698
1909 233070585
2851 164799881
1010 969810966
4037 645400013
2639 638556015
3643 387498717
3582 681977036
1651 450098232
3498 21743686
4052 30888588
4680 314130442
3671 675002565
2895 828643184
828 50260392
2178 647118599
1535 701274313
3878 669422294
2289 70483713
490 293971150
851 746959996
4792 743171077
1985 969934789
3596 625803284
3702 829300267
3192 545100064
1011 153512755
4840 5454208
2952 739882538
2798 42952820
2414 279681409
4733 197685917
1789 962902906
388 214939759
3666 871234238
362 228557418
4388 867040284
3600 936946981
1818 919579405
1686 958501687
4650 242854554
210 229599259
4187 235260317
492 690275953
2486 478902718
1833 743455401
2379 393590801
2717 176325784
3768 464557803
2199 767227577
404 994912514
3227 855138534
1035 991604339
3563 388335706
3813 357052107
4862 871766562
2929 781196626
4331 961642277
3158 308468618
3222 84191443
3581 224937016
3270 47283218
4151 427533110
1510 530674694
155 442686779
2049 647454283
2736 303141338
4549 765708302
1784 546781189
1071 756235228
763 333304463
361 136499565
1274 280357375
2555 532302723
1644 895873872
3022 368664375
4796 782534302
2502 904263575
943 64765228
3802 54310904
4070 400193828
3044 279427466
1288 865891790
2483 937202972
988 416188400
518 320907388
2932 746643623
1446 603422615
3076 309826534
3696 312196768
3889 819151458
2865 702587628
171 107268358
1507 85123993
348 593164852
1220 433677113
2232 944656435
692 112571104
4893 110130683
2926 56282431
3449 691665130
4966 866738243
3260 687631155
3719 430743837
2174 292258106
2495 885552029
2251 172676329
4790 303220462
1777 809079895
893 784455295
372 991487848
331 107024700
3276 293097559
3842 997339066
4935 766055970
838 717412309
4649 54370020
2753 790016526
3183 371382823
3969 614230952
2203 270205389
1692 875007664
2751 954100403
716 558665778
4251 141552243
1732 982351278
3291 334531632
283 775455797
2819 931356485
1268 14492863
2098 795767315
3840 760099168
1305 625061847
4969 459282776
2642 685918750
3579 418400788
1719 799124530
3090 149943667
4954 362868285
3180 54382503
2647 788394543
4743 105542862
259 665494105
1848 210216095
2472 34816999
69 293596450
3917 864336172
487 773149780
448 273694312
46 235502336
1842 23924552
2600 87345088
626 593880224
4765 873482254
3048 229482476
303 349515505
4039 524099534
4442 176924767
3460 157675704
406 121364480
1124 738561124
920 41332569
2988 992637943
2218 482301451
2292 472643886
4236 136597617
3081 967392472
4090 480742246
3398 472314162
2497 313245511
4479 415717401
233 566986924
629 651545028
3492 445904152
4824 121462831
4757 218783232
2989 172135749
416 361763571
4877 11311563
2069 667316071
869 563831113
4435 545645733
306 659052038
1109 135439442
2398 761771224
2222 314608257
2720 558372631
82 272493730
3215 865609715
1001 901346674
4260 641716681
1533 39433693
3871 378810945
4615 792633857
1878 813737623
1383 516129125
3657 199868653
4653 365920824
969 56169435
1803 607266571
4958 538696570
4871 476736826
2276 354391741
1705 148447380
4767 727997715
1707 22948965
104 560518793
2150 553210565
698 588582900
2964 414377225
188 758710571
2603 345916179
3907 320241482
3778 214021952
1584 207237978
2244 989660221
4182 819170176
4409 178420048
3913 420171043
732 486073989
588 530679428
1085 794765025
160 512850857
889 263808292
1809 27766525
1546 146429079
489 44883371
1120 242139284
998 748673890
1704 123048509
4342 930523302
3546 876963751
3796 866235849
81 985098113
3019 332011160
4766 48967887
1110 989877734
648 499173864
4478 574584788
3208 417867783
2145 530340401
622 879389225
3386 143290550
758 775368854
525 455440413
4817 631145961
4370 401487093
2262 472208607
803 662563229
4621 387565400
975 15203407
3891 575278007
3469 845650265
1392 51675502
4152 128078308
1988 687616341
3485 749277404
687 746068202
4163 687046494
4210 371405896
3049 779088506
1457 998962032
4213 350189447
558 826626993
3914 809643300
2420 374466551
3221 480788509
1116 771666549
1180 642792888
4591 58947126
466 567700216
3832 556934471
2653 111920628
4310 886145829
2024 507879531
1343 716496319
2431 383923674
4772 343411201
4088 451019741
4521 882547194
4373 20802997
2682 948005823
2656 50183942
4443 3263250
1172 950482736
4429 485436102
2361 547047586
167 271527711
2164 549323418
1950 541786306
658 949366787
553 835696243
290 273552856
2124 133556199
1606 239800113
2136 533096216
3829 199076045
1849 682315980
1429 555221499
4451 765169335
1966 422927344
4684 137349614
2654 341008745
977 243683147
913 423954675
3210 779248896
778 336640972
3362 974719554
3279 287268935
3229 580377035
2870 929757449
1493 928669377
4246 754185489
887 829729658
2157 136441977
375 869202330
4450 259054312
1064 683739585
2525 299740382
1131 659722308
2088 835091738
1674 609541779
3154 530107990
4233 871310759
2757 684893899
927 763895816
4962 466558560
4393 651207422
3383 980840650
965 913997217
4420 250899492
4936 16605711
2800 710452036
2117 922766988
2366 256299289
826 974811289
3882 610876207
4444 779936475
4172 765774561
1595 266213529
4732 362442354
4321 306301810
3503 126428598
2644 147494517
2707 504703568
3637 308339170
4525 247435443
4769 277430251
1577 99321011
2275 22472900
597 199504619
3166 38684494
4334 426966684
524 44650900
923 286898064
1300 258815609
2464 736739787
605 877425150
1685 44083731
208 41468622
4133 397024581
1171 712441030
1889 595284646
4056 609040324
350 740329289
33 200752084
2571 434740059
2762 247172438
637 399438309
1875 499014165
4235 491242724
1688 670319371
4440 324066698
3576 557163847
172 327001576
3994 514281892
3110 858730166
2670 756663820
4560 253388864
822 827847399
2236 25669290
3206 725765593
731 302772953
1730 351358299
1616 774042755
4170 75421344
3525 962771054
1199 815316048
1076 797747028
289 981170171
3095 719481221
4481 650391573
3685 406190158
1025 82141635
476 640383509
358 623833594
4580 762821287
1431 856261700
3477 643127167
2856 694906457
2278 231038243
156 437995047
1992 992375641
623 843257233
4330 389239957
2384 624734631
1249 610957784
3322 394106723
4428 543021783
1997 302511104
1410 883831242
1898 25462891
4768 395442590
3897 698626284
1425 334010777
48 675779485
891 30212746
3668 824191896
1162 280223482
537 696671651
173 109133275
2801 997485974
2880 8113387
4273 164722908
4034 67452210
3722 48810841
193 963225619
1224 296342973
1903 727097491
2684 601538783
3455 243878957
194 47116799
4646 896250529
1178 46863000
2350 317681376
576 680370211
1315 714002125
4452 115098969
2319 221707150
502 378789460
579 217104855
4882 379167669
1259 329005624
187 901892296
2651 118029751
2890 370576698
3541 925859309
4738 111705296
1731 12701383
2817 812623444
3153 970868473
339 498126876
616 786559545
1350 232852953
1342 516711000
3903 493289188
1509 302123593
1452 659190583
432 322645600
294 129097252
1185 87950017
265 785466156
1261 823917559
762 234016929
1211 235565306
4419 518487763
435 961314131
2623 549927149
690 361237550
1996 352800955
4434 128224738
1169 800426359
599 515165070
4089 793193737
1991 594307389
534 192224024
412 122358695
3694 956178276
1521 401269888
1745 959481643
2183 221617659
617 702376567
72 898921333
2417 692561375
2918 140224228
3327 800970250
47 298843288
2315 523338350
4673 963271370
1175 71139311
2726 672448123
395 661699913
318 214553051
2197 558126650
1550 374495142
4062 100969876
1084 178795213
2229 122427730
2584 80435664
3649 316269211
4015 475994510
882 592637390
932 49525159
1964 525078040
434 535197758
657 2154227
3016 714553359
3971 47936957
1314 217170056
3302 293328288
4344 438570793
4190 294836921
3950 226513447
1834 155079177
2876 291097730
1181 379400618
309 270648988
1055 905085937
3524 906727767
1296 713444256
1722 387528148
3065 445444586
3196 697681665
4295 593207121
3797 763897783
4780 727016180
1717 541480981
2041 385204092
4511 355099634
130 777608276
3664 770224162
2745 54481066
2240 863913081
420 81420486
1089 785239361
2583 711026765
3470 144920715
1610 4365404
843 800818941
333 526232864
742 585618398
2256 672624092
1492 766162717
3083 303434165
1908 147676093
3126 390842985
513 183211508
3624 760339925
3925 957252580
1291 493980643
2011 620360170
2097 901142756
2699 637139201
4043 941917452
4183 97592590
3382 890292355
1053 729555930
666 387022770
2908 186734487
2369 378040227
2201 515970340
3240 599290716
3133 353559530
1897 697927079
4679 790650045
221 68511722
2434 435502881
890 457723713
2050 863914812
97 887475552
1891 61451225
3567 943352230
4869 739082573
1893 929328631
815 629087867
1107 270561572
105 779015437
997 727590474
634 291380932
4624 617386310
3244 3440843
2067 602836259
142 827539662
3445 319865581
4986 968548066
1583 999485598
4108 613557623
2565 505501182
2845 242071371
1551 594435046
4919 245829759
326 755249161
295 252095620
4226 123202506
678 822968104
2968 427605183
4794 951828814
2450 746067452
4889 328681437
2733 779775648
967 488119747
4638 372486277
1313 461979445
4860 241671239
3184 663764411
3794 814688372
3218 456038228
3650 874760188
2048 114780432
3568 695907168
136 87132132
3086 666460930
4628 975232725
664 861151507
1130 707011905
1635 196484298
3253 783734741
3060 968517645
3629 440962152
1916 750610440
3843 879558989
474 291009885
1048 769121954
3009 325904253
4786 448529822
3476 807553807
2093 297144938
291 75480954
3574 444054135
319 122261954
3029 894874836
3175 515227511
1282 183703718
4852 19681029
4185 848254080
91 425417570
1881 539171549
4259 655214373
4709 503391143
4491 560432691
285 200980113
4891 141976299
3246 355213119
4193 785179611
559 502932576
279 180959083
711 463286384
102 267991609
3305 486923329
4723 880168304
689 636575959
3483 217756497
2771 202726929
2548 582656757
2005 655489663
4914 329687922
3614 757787005
904 399577816
3366 20614102
2951 33872782
1251 324412955
990 442960304
1529 966079488
3998 853431762
3380 847703496
1114 474721810
4013 202548465
4749 351669855
1762 835565131
590 144518385
2444 848064133
3798 765856259
703 89072040
2768 154834190
4180 694532557
4143 886035548
1592 9329795
2280 848858384
569 131465780
3395 818339420
4224 839341382
3945 772552525
1740 124666506
3292 657366532
186 716740755
1045 588180999
3127 724889019
3388 850028289
2892 699193647
3400 91794772
1559 791913671
3900 335587658
205 80121992
1034 655619095
3094 718292705
3571 670126233
1735 957732887
4308 482330795
3536 883294083
1119 794450870
4759 359570354
1536 881430381
863 10218464
1913 514862736
2896 58527119
2046 552787788
3084 519354940
2578 125900453
4625 111164085
4856 159237330
4350 341472202
799 757911846
4044 36744826
4881 348634691
4527 36929428
4085 328821105
500 194224251
2567 545557974
4171 714020271
788 591671723
1184 219081611
3346 707060146
2009 194437948
2925 736479796
1100 875054438
4061 8377432
4287 15595767
1058 287911239
3923 653742817
4597 537623832
2337 921381668
4820 985657724
3765 28785218
4144 163607254
4132 204978800
3739 979872000
1161 974448449
2153 174799950
447 578410810
3203 328872309
1298 994680546
1481 660799342
274 481216815
3054 133801186
3136 728420506
1448 136621037
2545 645639233
2324 828691726
4839 359812146
4569 56260857
937 34214399
1973 129062447
4177 787777638
42 628049943
4810 163263191
1954 765740853
2610 255119628
2290 288048634
872 171812743
2330 594975198
3516 598640429
4715 419478627
3179 111010604
1748 709757047
4641 476575540
4125 948830430
1396 93044471
4493 312179943
425 372686970
4514 586050695
2843 694046966
2341 336413538
41 229429767
4028 33128490
1361 856475845
1618 89519418
393 716532035
3727 89308963
4000 669833245
4694 632687239
3830 974674150
2447 232356721
59 954258550
1863 344213630
4565 310738834
4400 160376919
320 64296834
4299 701072903
2154 906073712
2923 638308320
4838 329044282
3780 17687029
3771 875553736
1554 89695481
373 706290075
4071 692699949
3519 641218310
58 934912516
2042 404459401
878 774294592
4681 70833658
2898 748928879
1579 328550205
2994 401019213
201 727177737
4300 133303559
2166 263307639
1024 136854931
2498 34542433
2874 334947823
1517 54104966
115 72935710
2601 307493571
3784 123069317
132 449743093
2537 913816301
2102 814767367
300 387076624
1413 146723181
3953 165593598
4575 243114291
2891 615050688
1125 748851635
1017 336236218
1463 489988948
1806 436698204
720 950650981
811 375550603
2904 868114918
3502 150535063
3808 625561554
4068 946661399
780 121445343
818 310594526
2380 51371867
1228 933909887
1671 73004203
1375 757181215
2969 166613245
3363 277710191
3013 178319284
748 645711786
3531 700150103
820 918819080
3130 639125392
1568 1110561
4323 796622609
106 943994499
1355 912509694
3636 713097381
570 243543496
2314 539572855
4 694723886
1007 866369834
3534 89578705
1286 51896017
3837 688752816
2459 788304994
2392 556647561
2461 408793618
2716 731969641
278 373782113
833 989952370
4137 408405763
2609 104726207
4906 448358806
4959 934868038
3947 569773010
919 779818950
3810 166311827
3442 505006523
2667 616854478
4781 640004957
4500 666829000
3660 595915167
4994 361354900
4944 780816369
3501 39165968
4552 932794965
397 59095542
2397 7863047
44 430806377
2437 289799937
4586 857549946
3056 836821552
1620 969897143
581 12722360
3854 995188192
3425 390438510
2375 14007003
1128 4553513
707 627189872
4665 472291855
3437 725967297
4103 352207078
2482 881246960
3429 741694988
4267 899716947
3686 763063202
1883 971374786
3422 725232098
3121 139727976
4814 205826476
728 25732874
2219 346854931
4328 516013438
2945 847710963
4773 761176258
4376 537712800
301 966341640
2613 428015604
2096 69152499
1238 104641577
1227 562418368
783 677939213
3867 509400985
600 523397076
4383 678117442
4932 216640588
398 700899058
2869 995973781
2818 274961134
4971 408222996
252 797362045
2922 252895464
2690 435641337
1920 151384993
3181 58077731
4784 630048330
1520 894268050
1459 770417655
2496 95752611
1822 258960780
3438 550671480
1382 374607710
4909 21838098
1817 692671064
3079 498803804
1501 898743403
1060 974570164
3604 771891330
789 634930873
4262 616605014
431 668017198
3919 575376559
4686 773287989
1214 940191631
4996 228784231
2155 575600920
3898 417589509
394 385094949
3299 63535547
2648 535621291
2299 967198780
481 505349023
4413 160181948
824 635796793
2754 861598360
961 369666006
2051 767386456
646 724557309
992 318032692
2515 335253225
2381 329251787
1695 986379802
2316 711133691
675 32347380
3321 327120225
163 442458417
3688 46630090
884 959612677
2724 115274079
4519 805977518
408 508090275
3245 807030297
630 849877334
959 656677014
1599 136528511
3943 856077995
3902 476612932
2958 722925507
1151 389518623
1940 587533432
242 159737836
3776 223076411
3791 339100092
4550 111959266
2104 662646137
4946 870411172
1061 988747882
4454 554392753
2327 334907251
179 123867016
3369 868108946
1433 535702487
3528 276458862
4967 347926066
2272 155935853
2858 904734031
2019 462381880
3628 424508362
65 779780006
3633 919801167
3850 705593889
1356 417695107
352 667867242
2210 824685697
4916 186925323
2889 112872524
4318 355890371
453 206943114
113 810651888
2558 921930345
3435 264842154
2101 898128754
2018 873637045
4496 579632230
2389 121509422
837 523693822
4809 643018380
2728 427530016
1609 128998775
1289 118208996
3059 586513022
4508 432352120
4895 191581390
1680 452379983
3909 18911107
2170 673903032
4221 162510807
3396 188504497
709 319049182
3677 837336602
1862 364642398
2062 94714346
1237 174559863
772 114918010
2487 919404037
694 955762170
1589 98308148
1230 113436243
2530 679258473
3310 470462993
1173 980100554
455 83741434
1824 399982648
1624 503843546
877 361444967
1137 800529494
2230 813749673
964 623585689
1123 753741263
176 190626744
670 197947416
347 168926424
3399 196551763
2627 118142176
1219 326433067
2082 471122978
3235 241154940
3732 323550807
1591 402206755
149 175404321
2146 595220734
1832 787701628
1406 586497862
3544 50950773
3726 206939414
161 571420674
3935 572280195
1316 805963181
3159 391492002
1368 208533999
3583 958217056
3773 825937828
4964 374030711
1394 312338671
2788 749735378
479 148697287
478 649488446
3409 434563221
3725 535722355
4556 267887567
2135 970586450
1135 210370418
4416 530378134
4644 884707071
3691 489757832
2312 132240570
380 631382569
4272 339169865
3420 135585629
304 255130047
2202 637980623
1404 413375833
2109 567700067
767 96003557
4752 965383861
3370 692842701
3584 448850314
2987 636838954
1067 824667252
2490 612112525
4297 246597036
1586 590743803
800 550983595
2769 977259123
4791 864769188
1346 851853365
4933 226438327
3632 884248278
3805 959510810
3163 523180679
3496 21437113
827 323735381
4754 765937202
2323 625600573
2021 40845185
4336 409184455
3836 166325326
2002 515010202
396 959148723
4853 171997526
4050 853585754
1121 757252411
4518 286697964
4485 566726231
1937 437572136
797 178768795
1892 205668122
4934 348508938
1257 251640044
4993 916882478
2662 722145644
1104 34598177
2204 499670066
628 259153280
549 408190854
766 293054108
4799 140142949
511 116444409
4064 790353781
4807 906584291
3101 223718759
3737 845363518
4747 835497729
3421 957995079
4087 623549952
4793 372479684
4834 803223975
2215 284822547
3467 76533388
365 941399704
999 57185112
4874 299930087
468 763426505
2541 980455885
255 538117661
1775 717895997
1791 492120596
424 306043595
1182 381950837
310 864994218
3403 35962984
3911 113740673
2111 984646892
419 502605704
1632 294166955
3553 552702206
1718 515071336
2901 221226611
1400 206573931
4381 61435582
2673 98352289
3824 1679170
1462 961705959
3264 212081636
3586 909070819
4652 184872110
2329 103049261
84 270633056
3740 885095378
1451 404949370
4023 670499180
1980 119494442
4798 258665281
4571 782859506
3389 991179166
1604 441454127
4725 748139915
2867 420509026
691 308762997
662 679039180
4248 139394980
4022 444978798
3113 922851870
4384 785015918
4366 634791787
1430 559098591
3138 453667068
3262 428865571
4832 402851634
2419 30374221
4516 527830945
4369 584474096
3812 727257775
1369 853495609
2913 286792968
4164 401392095
614 291319256
1847 772658490
2677 786065558
2738 248094386
2956 708326472
4584 264037678
552 396925701
2273 937702004
2979 62004972
3197 256497153
4815 678140292
1949 780034079
4670 705276622
4011 108871152
3018 573599858
4590 355990025
1902 164295356
3777 897542006
1357 880679515
522 379703100
2739 784728812
2485 935346189
1839 189436944
1869 209484285
1656 393778663
4577 965089563
4459 527300306
2402 403253218
3301 882153844
3966 220641960
23 965058606
1474 153094706
855 322710964
3027 368267245
4073 798742044
677 329485604
3916 895344037
4672 752951525
2258 40030813
4598 632917937
3089 205890148
3858 195080485
4972 383021683
351 444205221
620 936815973
4315 798416132
458 377601458
946 488621590
2445 664543621
2984 820121365
1367 600671766
2237 393109349
753 328773949
1366 4519184
1792 906552191
3896 649495861
1614 38043824
3430 733802809
3144 926173738
3999 812424908
175 617693057
4594 177021017
982 431424474
649 433396092
3365 467141547
151 83230507
1560 872754278
2774 760810944
4578 530775367
1910 56984976
288 57799535
2358 998906519
4392 280286985
908 797870682
1153 309105066
1141 751366365
86 850046902
4819 159818888
2084 903321693
2274 938714562
2078 720681071
4963 877108785
978 159942749
2510 996529331
867 611798238
3491 254203881
2261 253641552
3155 246125925
4546 583987743
560 169572938
2813 817182220
1395 777323073
899 190780491
4632 687370330
1623 551438772
3320 36240729
1999 475749828
3769 659550473
1455 5006883
2354 317851749
282 960204606
4051 299735552
2928 807489616
2517 657212421
842 964021495
4091 598399688
2524 362857698
4029 787156177
2612 798604523
2310 846641809
2217 494270129
610 778982074
2056 948757300
4513 140987167
5 802952324
2596 547484283
3910 379940937
4427 970021185
214 168230177
2657 268578996
4524 448298813
220 157303173
3459 131495624
460 221138207
814 150841793
1952 945158634
4020 251529657
1693 515583532
2311 484972564
4830 441537827
367 187051565
1851 358225719
1347 279097026
67 330880816
3139 709772911
759 326656598
859 358853819
261 909786871
13 456580971
4517 56810755
2512 234149177
3679 471874643
4978 126319650
4166 639471906
4181 487627561
743 625148038
1285 687738193
4361 872474642
3033 482916824
981 752180840
3860 682063838
3646 64820723
1527 992043896
2038 140008048
1372 187041753
2263 231873112
3893 477373298
3774 140892480
4576 905368643
145 540845282
2574 809888356
4699 157605647
3223 587818111
4536 942393518
2477 269752468
4696 502676031
3800 66325981
2000 55630360
4827 53180810
302 126221375
4648 327822072
4339 446872451
2854 811355476
1865 717053434
3457 145123532
1969 269014688
3758 672313429
526 413746701
2053 493515370
2735 223740317
2162 580917677
888 457893479
924 398490641
1773 322027114
3119 85886245
4301 767982447
4951 227055694
1332 865099073
4075 409957406
1278 348697475
1402 120253114
673 505261881
3147 800305767
2355 999180101
3255 478588871
1763 309158956
2822 228788347
330 913861631
1873 726871832
4356 693873743
1721 480259524
1068 704614475
4995 277788357
4735 419310711
4205 595394899
4721 307709380
3087 261155755
2671 602000997
4396 30463396
2557 796481337
1946 347244790
4424 103284225
4309 80993982
4885 173226315
2888 882142023
4460 275593296
1140 399678990
1514 409028018
2939 557231186
1093 72641636
970 989798418
4178 301604125
2508 974836616
944 951589058
3001 432333042
2582 588012117
2873 214100979
1525 264262670
1478 179613769
2713 181970312
185 226983924
1232 744631316
3949 432621501
4284 626526034
2481 752745231
1636 762721983
2549 815652311
4285 846302300
1652 86316576
1167 882736997
3015 309761081
972 205035488
1013 68511662
2023 646275543
596 86863164
4989 590666986
3575 734081975
3888 640483258
1539 140043469
3862 192280445
4263 225507954
4358 790997504
3654 739414460
3143 575430285
1497 793798644
3259 968554983
2406 761969071
1132 956832275
357 802184226
3857 739729849
3927 827128859
2862 215876464
3589 366952973
324 367561149
3436 486549540
2077 603793559
2248 209814188
3484 570862984
1607 66025793
2827 206995195
2686 576539166
3515 528742397
3323 303275546
2997 710004424
4783 949714894
2442 896760477
4086 92255845
1197 340664898
3859 777933320
73 579329927
4896 200742280
4664 29081277
2090 242658188
2919 428469743
4126 621988469
3620 195066156
3561 544965040
4595 356084299
3521 963278506
1935 226748695
4564 892412783
3680 880530503
3980 360849554
1989 275473739
2033 699302293
1698 495320069
1099 537672593
4626 540182156
3041 346161970
1376 129031313
411 817127111
4368 80680289
4114 241032217
3529 519436820
2546 330372270
1598 819280979
695 78108172
1408 774421566
503 176270994
1661 85870980
2281 297115373
2511 307733877
243 211954280
2061 601075380
2271 156109873
523 562754214
4176 511988039
1279 942464069
3000 529659418
1260 998359055
1317 456181888
3426 94353079
627 558301144
4497 145723958
2756 247032386
1752 420193808
312 357423440
4194 67982972
3135 87692432
2710 46373732
3783 169080686
1703 862476271
832 113143609
4690 952008515
4069 734010439
2719 404631680
3606 508481268
3942 928398786
2794 410571124
2177 360554839
4529 382229461
1299 466731193
4449 749470229
2359 753269485
402 130234689
2340 465189859
1854 745407081
24 468519191
4849 363948956
2172 403717488
4471 919312418
1108 524637890
3673 886264401
110 568672875
1742 428210109
3640 193534438
4956 815379735
264 231510731
3634 41236374
315 519932383
1378 437982864
4685 509212809
1506 833150909
1330 444678429
3368 506537889
3458 141934622
4526 227364855
3701 430166692
1015 430382636
2331 438720819
786 779107493
2611 259553604
2978 605167640
4929 644171266
825 828608148
4115 252263073
1976 936112653
3661 943271140
883 666377793
909 785089836
3064 253678692
933 861982305
4076 78630587
4886 536774648
4217 497352119
4410 616729960
1447 433947401
1766 99591685
1255 130362395
334 542974398
2151 580026116
2212 336595931
4829 928838126
443 147869981
1960 646846161
551 422010678
2313 234911455
1638 576254620
3734 894929140
2579 673518287
1677 833278114
2372 79262789
1744 458690018
2775 699877460
706 200847734
1 34433707
894 759177959
771 634296889
1209 675126622
3419 600865160
2992 947223259
4823 847551962
2718 632301301
4866 566040692
2764 222707466
721 124788515
4553 224659333
3427 985925838
19 895570931
2668 171003059
3873 68227264
16 805244514
223 470233396
3439 35260673
3349 277820962
3735 588184626
2526 930733617
2468 211849884
3603 31424282
2879 323938634
1434 48980447
733 187597436
2631 519770137
4863 976177724
589 190443448
266 873758132
1571 746594203
1861 175178449
3308 736550601
2863 121401277
3693 881519183
368 701023703
2552 765062614
573 773827797
1837 928151081
4154 401280170
4397 169796213
2795 946553540
1587 413449571
2506 9685274
2027 860544210
861 756113274
2884 777557412
4506 171756649
3209 481575278
2633 380460677
180 946615223
241 911104217
1200 405811697
777 270230568
2620 517016288
682 733864969
2211 502034316
2746 215375695
3912 94460979
3970 422355140
1215 807474431
2763 622796393
1687 511074655
3959 458047200
2226 849232729
2116 924980199
4675 22617392
940 113496947
1871 799241405
3720 98220275
1487 472490949
239 619644176
1522 707215285
1829 274429045
4382 288975197
606 52303010
438 465953708
2064 83657925
2045 129374977
860 773925977
1019 905197867
2435 195873724
4415 676046368
2134 248128359
4255 986688113
2791 512642083
3124 827319664
3238 45336911
1485 252331366
4707 635961301
4202 803707317
3526 123699713
4404 637357816
2025 534893688
3247 355702030
269 288350976
4123 754218934
1564 393065083
3410 289349695
3043 859458182
3311 734687913
3329 550909186
2783 618757403
871 402441899
3401 904377343
3474 710952048
1277 965375539
78 235030359
3865 9920900
4211 696269986
918 215180106
2279 488240133
1790 949118406
1945 753415885
3212 345154409
4867 351995447
2674 674488778
4833 40196675
3742 748890846
4510 605706112
390 283114071
2883 217611835
3846 84925408
227 703542405
1782 154381118
1672 320248337
1101 537218013
1374 725868162
1179 373004815
1801 996508609
2860 822754976
2448 359866459
4537 777162436
2325 874995224
1081 606686134
951 997872391
607 958832915
4386 923811908
4981 937873091
3450 827758538
1953 480125299
1556 555444672
2307 929507817
4006 835322108
101 824705425
1755 260498870
3309 519368659
1876 900950260
3123 445000801
4623 255656707
4317 820954420
1979 901010721
3407 257077307
3514 36464574
4186 11956139
613 678270002
2257 743882595
3190 225141888
308 339554982
4813 483387084
2007 514827392
4828 35593369
850 44129254
1303 368002617
3038 101273106
1728 199823010
2758 908095110
3527 171654197
4924 486108610
3073 927346248
3558 18061306
1196 917286632
3131 266993815
2521 923274145
2624 15738526
2509 137557119
926 332198511
4329 727197982
3781 606060396
3821 881376467
482 887845348
4220 956568994
4338 335535150
3286 649447637
3692 254888996
2823 648421889
4216 903068269
4900 189212287
2416 650738115
1078 314059253
2527 848640926
4660 412240627
3517 253519717
1142 367308781
4677 805610363
831 202543999
4004 714997997
463 902361220
3263 748908035
2986 41631663
40 37328329
2374 256458906
3592 177888202
4101 31289749
2683 715749396
225 217040118
1793 896327655
2659 837231455
1888 768383104
2438 127144714
1005 319872673
4219 937616108
287 664648966
3411 186674506
1936 924461876
1658 148082
235 541732705
1627 435250867
1044 261259974
765 201056053
594 730095409
2277 219803145
760 763038884
3983 92733158
2430 117505919
955 709585381
3494 452680144
2390 906783725
4719 544625649
4774 429534986
1362 521123803
3968 106057274
1283 82779576
1738 774188346
3578 721148963
1333 497864879
2455 255631862
2630 900708696
4441 300967909
3822 90921442
1699 176829611
642 343205116
2903 645751960
4722 456923146
293 946091039
2433 864461873
3098 966406450
1557 704256838
1212 216589912
1450 977638892
3062 138787401
2585 72625994
413 417707238
2789 796350662
527 643233690
4821 65580400
311 118476449
4200 824570669
1480 610814677
3 412925174
1931 371593082
3011 263691410
4240 928874748
251 111561673
2247 955818072
2408 394607665
401 679071708
2114 976598209
4351 450265637
3061 75040970
3145 247775279
1640 476226863
2467 117432853
764 97817461
2910 986661751
729 433814165
1027 50260940
1133 620968120
1436 653525839
2322 412654728
4074 330628920
2912 3068890
928 523228706
4803 908731727
2108 651035046
3171 835173282
4122 397479902
3543 633574645
4173 856246796
1393 375577456
31 831122110
1192 614430683
4729 667524553
4313 805938851
3542 971998579
3037 250298886
199 391842967
4787 388055645
3461 861825968
2561 226420807
2550 276121046
905 725461850
4003 338042308
4081 536592938
1758 293968305
3254 901105483
1012 107776229
1867 248495356
1567 569424064
3479 471119519
3156 520461558
1694 160876862
4242 117818324
4231 763939882
3775 488294401
4067 847643250
2404 961073625
1727 350666304
1673 88214127
4921 254074582
3964 151238610
713 454474633
1033 226060086
3869 884006231
2326 482224939
198 955075537
3350 669094421
574 283365012
2962 811285655
2367 470202892
2224 468453490
2914 859196104
3316 291462495
2570 774911996
1884 134529047
3216 693320691
3281 549481416
1570 220645583
1073 783017366
4247 360797789
4555 621280535
1852 245337029
4992 906420674
64 324927103
3876 642482871
335 606148948
976 934567206
2539 40406764
258 197970626
4988 186770214
3251 546629043
3831 903083576
4412 269621484
383 691787557
4876 301251332
3512 747750940
1331 891077949
465 568243186
1958 913026893
3267 569065737
4346 58006900
496 754125413
4551 550431053
879 768637991
4266 772277768
3052 389054739
4153 595809935
1495 445247882
1608 784183528
2228 59841000
3375 617531711
472 757924387
4104 728115849
4923 778481236
4610 377269914
2160 523315066
2840 701329761
564 275789791
189 112282959
2531 937334510
280 278240609
2804 567352325
4362 750389778
4156 846570962
4467 786546584
2452 274563708
1899 994173598
3540 226341999
4599 414503535
2139 500414148
4345 470135815
305 824836959
736 167208523
1767 76495049
3104 481826503
2503 669016140
2474 851380398
4431 128613425
4943 158321840
1538 865905217
1415 453960666
3879 44261450
3728 699838648
813 705476189
3751 943685531
1812 914775685
4016 292949033
2395 326179619
4688 385466598
4466 826203451
4100 644657736
37 770123117
209 533954435
3010 976080962
4960 845335286
3225 101167577
1380 290317938
1683 128897032
680 704324824
2622 458147021
3219 370682555
4438 790347026
4805 356350461
3997 674420211
1788 896471964
327 891080514
345 951519342
1405 734277654
1751 693729065
4912 150429349
3290 445811624
3841 571753647
3277 648851737
510 838095146
1930 25770197
929 382016896
1700 350869064
2562 908058948
4306 853898686
2576 325462033
2254 84820415
2976 585519695
1041 542747340
3132 102927894
3097 696860485
2996 597480048
4742 522524775
2816 133287767
4562 130939156
4159 474294881
1491 722594695
2133 985488934
384 412373330
1149 990659881
271 190635300
494 292219407
663 939341108
32 837167482
1774 214561674
1723 366012013
4488 257697944
2190 240948185
2727 627396534
2835 127948838
1524 790194525
3205 644660786
1942 782125368
3853 552468643
202 780299570
1127 804473525
4230 259363597
2947 790471634
1213 686745609
593 82040992
131 631174890
4720 15351040
4950 601521639
4169 611715413
3082 643266819
2787 690028827
2833 689372696
3237 299324805
745 649119579
2484 206427826
963 660879212
2649 351210739
268 745864
127 808945468
3690 464826173
3635 73226059
520 127354112
4049 976631174
2780 71549999
3413 768416715
2588 236773384
1204 222997654
3045 686018402
483 675797112
2129 705085135
244 689726724
2676 545374701
906 68515388
2695 74067244
2391 792013189
456 521368990
710 269650666
4283 941604946
90 737048762
962 515235346
535 887220224
3068 92105108
1468 769953122
1566 917225652
4311 690201926
3605 924544110
880 86044362
1838 740825662
902 512742420
2022 859481470
281 729199183
1628 272668617
216 130876761
1906 589124539
4119 557426961
1576 536180326
2491 74714672
2709 296530402
1781 467134734
3982 501354648
746 58089327
2453 419071078
1339 61479983
3908 331817073
1049 969077706
4332 916509558
246 240491157
583 693636601
1337 700964499
2924 798850593
545 108523147
1770 38329109
1545 666675913
1218 686255800
2351 975234404
3269 372626045
4538 603003593
2857 18044511
3985 463907537
2838 844927861
2821 669775749
1302 797910929
2221 171249901
3938 704896762
4225 385799476
735 577799449
4702 708204187
1095 20559865
3595 130394709
3851 804196502
4892 430737138
4327 632061784
2121 40242731
1512 436993809
4888 149850469
4592 90934382
2937 576555553
3103 963217008
686 439862528
725 851291491
4731 585045025
717 878813448
1250 709401779
3988 565244903
562 73164266
248 541584625
3790 301934402
1914 515985526
3188 963420261
864 167486770
4884 894148789
993 922272694
4736 211913714
2259 634458940
1460 908846688
1857 326133778
3967 485337055
1390 785179244
619 578516999
1654 942205644
1359 287773768
4635 909588459
4204 110309935
2742 73501694
796 904646033
4952 668712907
1464 804839440
2071 70937704
3755 376684233
1270 459134473
451 843911525
3955 323142622
3454 233873826
3140 996618618
4031 845118224
2152 993795898
3972 622959169
1164 760476298
839 183215061
2990 566540378
548 911055697
247 559462888
1252 358878844
231 640872792
1258 597087636
1621 226559139
3906 990493874
4333 530622212
273 818031706
3338 576092935
1612 915533942
3676 659793587
1381 604555902
2815 499160735
4558 52431994
1290 202914831
2886 868110365
4372 428633382
2465 678713966
26 828516657
222 742562258
162 704844315
3414 272723532
4714 224443926
1154 687803037
2079 641729054
39 575452737
143 901619950
3109 685234848
3096 564425924
1020 962486503
3342 952704530
1601 955936624
1797 657830514
1771 790770603
1420 186602683
1866 558845786
4616 983330413
1690 667766234
4406 526578968
4477 278280478
4232 819700860
1038 42433533
4298 857613265
2035 23861889
3063 995410940
4657 945859540
1907 774685044
4689 326363358
4710 44421041
3480 459598185
3134 19193933
922 22278977
1917 683848564
2920 818644929
3198 547316060
1696 405227918
810 776641469
1805 435575119
2200 593157865
885 306180088
555 392558950
3753 397662150
354 3862669
949 51080386
821 172041782
3116 936288367
68 288250592
2598 837925773
667 69041317
1684 702857681
2702 480211883
1075 396415076
4271 972978959
3070 539798519
4253 607071819
1031 262985928
2446 756565183
979 181973549
4291 872679751
2469 18636721
960 523276737
4507 852549657
1449 182404250
4800 204688549
3844 315668955
3392 831080066
3792 662952648
3877 485952744
123 498231886
3326 968085702
4281 49816654
60 102768460
2936 656771598
2977 93466491
1052 695544936
2443 607036354
3539 898265338
635 844657208
14 389632419
3560 710553031
1617 687123308
426 566140217
1388 535653909
3918 839631058
4196 348104036
1445 769030184
3951 19245342
4009 945538608
228 835674108
1502 629974717
4604 242459064
844 893831345
2297 802868527
3053 511700360
2407 292724687
4782 370315480
3226 752090757
1665 19646549
2243 373350618
632 903449081
3744 887910466
159 551499988
4433 57445547
2534 991656171
3793 348066673
197 674242796
3818 214601076
4480 367518555
3538 268331929
378 744615608
4026 721645688
1780 701509765
2348 639108188
3827 449547737
147 703874192
422 255912405
536 522283564
1986 144242934
4566 801620037
4947 968530586
2587 580279731
77 885347110
1800 306371957
2941 890668268
4038 586414378
2704 230814959
1440 736517019
224 419261444
4762 682093020
1581 236131501
3861 52792404
1311 854089617
868 770786251
808 972552007
417 323423964
3984 634885349
1466 708212451
1633 60773967
2931 53499906
4360 812072422
4072 703755033
4208 653594815
3072 310940463
2616 939327064
4184 480521249
3258 226221851
1077 895466135
4691 454140819
4758 729393780
4899 940747115
973 722429102
1112 755393234
740 793627410
1523 278678425
1239 366744435
2714 789690641
4083 369069336
3552 799071268
3003 438751911
53 543116224
2808 855783728
3024 287539597
10 246494553
1741 391681516
2608 729563758
3678 513404315
5000 717277374
4215 567374554
4902 319271905
2306 951377822
4494 322691686
1562 911114220
3378 48718217
2523 928529162
2885 437836804
1263 191606466
2893 73514418
1039 546470945
2094 640709142
699 364973612
2360 928611193
2131 185351500
2285 369998033
1900 640328676
1194 274156474
4160 388518601
1639 748084550
4682 473052597
3160 848296662
2085 316849624
2010 456225434
2777 36436724
4035 952498063
3520 576308811
1308 248235716
3713 413831820
4277 455139767
15 964122628
2878 151408015
2575 613016522
1096 869553385
1840 11771807
1040 388417189
4048 91220148
461 454901693
3630 876710315
1548 433260980
4138 262760171
99 425400812
3162 187640252
3115 236884088
485 631949420
881 733426508
2965 879127664
4401 72601425
2463 868754897
4303 31784023
1965 755713066
133 104860228
761 110185928
206 590133076
1660 335124990
3855 411995296
4695 697451522
1456 371735152
1143 804880531
1611 674979193
568 943059870
2635 158750732
3339 844697918
3952 630389663
146 6017392
124 269471046
3723 907631792
4134 576011858
4713 180312814
4167 102470947
3224 543236115
3946 316688524
1511 477546449
4844 730333949
2543 451708749
1543 215109378
701 290952141
3689 62271124
4744 39377415
4254 326765805
3248 47755266
2853 856862961
2641 497259440
1139 101412979
4292 32974273
897 955043838
2966 971357040
636 356029503
1293 134401403
3899 390469013
1276 966108030
4453 608972840
4462 788399712
3698 926982212
3697 977091288
1115 472266584
2076 78946544
3283 967957101
577 131119134
2974 128918132
1373 739463660
190 818493400
66 326476427
3330 533943749
140 902169978
4596 139083691
3036 863777285
641 764092543
2028 366876251
2519 758266712
135 305336873
2729 421507973
4658 336555609
2225 314246431
196 687326574
1417 660504984
215 873606041
757 5199884
3077 924807665
250 992299489
4505 335923692
2091 999443548
2970 904730996
3465 747695769
181 862938219
941 91258440
1779 760697109
3756 37220891
4165 203837970
1526 121681020
1006 3462089
1972 929427899
386 578696244
1725 92314216
170 845875867
2087 486776631
4293 674754126
3724 824409002
4367 642848754
3868 547290795
3811 234237025
3344 223306981
2169 55026203
1340 11983357
807 975839986
4105 702170874
1572 489519116
79 564412618
531 661430740
1334 216122244
359 189655950
2501 585351858
4136 898586312
2799 40615039
3120 20723963
4717 606011148
1009 589017189
2180 800551439
1757 846346127
3287 918679147
4822 226509649
4851 517048043
2859 623344504
1195 410428489
4640 162161013
150 688890007
1471 949903573
3495 598267480
4288 757972183
1304 802069237
3978 875150392
2672 854955418
1504 933827023
366 613512225
1152 764978527
4203 521100857
3176 364906773
2629 369139556
141 31456191
2692 37783094
644 710460729
816 268988187
1746 847875944
2309 961835973
3554 936622807
3834 633711510
3108 476222675
4365 109659360
2055 226845419
2037 218913792
4531 889819242
4326 760750052
2029 168133792
2492 672588222
866 381954257
1785 449762004
2265 796386879
1338 981879016
4760 961603982
4499 199146158
1156 980406692
1069 412057665
1653 790614872
1065 765713099
4063 229690949
184 32040140
633 490590852
3243 204002738
4148 771885623
1565 406809607
4534 743605848
1540 185540988
2593 664522820
712 319425462
4349 76156408
3598 294840195
2834 193172558
2386 38437230
4559 223624600
1804 794820896
730 971227555
3231 228494206
4573 90272676
4145 923181131
3028 575098251
4174 2527042
2103 737608857
2250 16814233
3390 879990007
4002 933682533
230 887556512
768 151597069
2122 165126586
3020 366514365
3151 874525690
2697 821861619
3275 255440497
3996 776581131
4408 862133436
4377 656796120
4698 761118624
454 680730776
1324 333042489
2095 906205181
3788 343385296
2666 257111258
38 91686308
1231 47652292
1074 683869011
2070 377175460
2944 730896088
1086 461847862
2044 863961411
1603 337042098
612 975337552
1649 673118285
165 636773888
4674 190171061
2535 999170200
2998 129431858
1155 217542764
4107 549847302
1513 779919376
521 386045289
608 425410445
4622 574835675
2560 169323199
1932 298519081
4021 369796345
1091 702461329
459 821792275
2365 280918682
2786 64728250
3747 143800981
1102 957869737
3371 432023734
3962 937823972
874 826117288
3394 618714433
2411 725169518
3804 560527003
3895 43622055
95 723378977
1659 443868581
2814 508855996
1129 298325932
3705 245554076
4041 236591991
2298 360216436
1159 650421663
1397 402133873
4756 484730624
1542 273738293
2948 931440985
679 230609492
914 418038292
1729 862402443
1759 909834827
3189 301062376
1150 889169854
2393 277803422
1443 678885963
1490 850589118
4620 501124412
2184 702769269
3040 655199048
4096 288836313
2089 128779695
2693 843662365
2559 437493129
3361 57103034
376 440487688
4059 324092282
4289 381882648
2619 546401214
4543 678619187
2335 47071375
1515 554725885
3815 770522775
2413 452054853
340 876737155
1516 95744795
4861 10508411
8 404373419
1901 908014528
4118 260227259
2192 178281096
1984 225523117
4842 762449497
355 436123693
1823 856959280
3493 529640242
1275 267812458
4128 501828147
3434 594497836
4985 369160966
1186 40841299
4046 428687226
1454 712858530
3874 918732153
584 247589776
3039 140964320
3611 243439930
3653 174496191
1597 685899984
1335 205218017
2267 655859005
4018 507076646
2176 586447736
1247 441441609
2615 773037483
4671 616395829
2911 867900843
615 963970536
2460 406362808
3074 493083663
724 56482286
1894 529570647
3468 801975250
1642 738795070
370 780319146
546 39612823
2967 711311448
4659 547066946
4265 20928437
980 926147708
501 284540462
586 917402080
3475 251131346
3177 886985516
2861 959706998
3675 42669015
2743 179141233
1753 187910506
323 300967305
4579 147946982
2353 470871156
4209 910553155
2864 926938201
1240 627582818
734 404962502
4601 603201646
4797 467665662
238 663541271
925 80930755
3265 34626250
3759 489231419
2700 90227786
2513 716938237
1008 125654051
4012 112319356
3814 538291223
1136 323596975
1097 528475335
96 861640405
2148 323019408
2849 328302271
191 452483932
3505 949513323
3093 76493049
449 126397010
429 907250546
3887 335917412
4612 260991010
4908 767381546
669 65040958
989 889600095
2363 170226383
2650 789790652
3743 772489417
421 240966668
4903 324801445
4469 586043175
382 186531692
2995 732486441
3031 587001329
1646 579635757
1808 610254320
2167 312514269
4683 680203776
3440 886561499
2935 258131183
12 415800190
4836 372096164
1715 695561620
4380 568996065
3625 427145652
806 521217207
3615 131225978
1210 97768490
1541 124375351
3711 735950785
3257 630315571
4116 513744995
4456 848538694
1880 945827331
2115 837160053
1706 272211298
3271 474754243
1714 344015541
1188 409935274
4880 546508881
3645 708989787
4455 916738003
2017 349201499
4276 335746086
4898 141619033
4983 723037377
2636 812776074
4042 897493211
846 951994129
1469 372102730
219 911557104
4602 186854922
3803 768526880
2875 448080916
3377 657815561
491 260160717
3473 826193800
2043 66440786
986 292798685
2499 641228941
1993 315229532
865 604046196
3733 147657261
1328 953978785
4403 828634812
3050 988507233
1918 780359748
845 515415
3764 92033534
3700 696210162
30 328482922
3114 125264561
3766 928007706
2877 8445036
4613 980849066
700 208891840
4476 291733504
2820 335326294
805 967741217
4066 747340010
2376 93795994
3963 743735393
2812 20353913
1391 985220170
4139 420891129
4422 183084624
2260 366069208
4279 412923028
3193 955127732
440 8955007
3242 790368151
3621 392748310
4475 46495020
2394 432705026
4354 849363566
1354 338099769
4127 616350008
3817 395177115
89 683280938
3977 800874645
1056 721474547
200 855620507
1439 348719819
953 970986024
775 552215130
651 729464370
148 490155894
1418 222202492
4748 150533821
2020 237186935
1796 568329063
4777 190746610
2128 781693192
63 781116444
3172 109526182
3623 838543075
1622 171401139
3328 545049167
3092 123929771
602 421711517
802 352832229
3886 155052223
4492 922334767
2759 864542605
939 357400794
369 489416693
4545 467872162
4124 224406213
3738 393585602
4873 326923320
2168 525538412
292 713184504
3187 668985496
3236 843009878
2646 46536522
4980 819098173
3609 476804834
4472 617729959
1066 836298481
631 623298662
4724 762543949
1318 982643906
2409 248815914
681 446989470
2960 955571612
3920 590028824
604 891515186
4630 142429475
1345 179966532
2792 102885412
1287 570959848
645 620863502
2663 470041149
1923 822834681
192 685562477
423 812968497
4065 662820900
2793 471129547
207 791914430
3069 223663361
4058 714617620
792 70866943
93 664798939
4212 491610496
71 578378332
2985 563611050
793 519843646
4795 396931287
3004 23037039
2246 709841361
4307 588604130
507 670613343
4643 84251401
2066 393279173
3537 210820733
2343 764931210
1262 975834671
2790 819925045
1080 323911284
2748 282292816
4495 311615167
