50
8 528270607
1 465378624
7 554404215
27 69147167
15 183396108
24 626765240
39 220101255
10 654206018
46 852400615
22 628484407
47 9609776
45 95136873
49 501501776
33 656447364
12 325582860
40 120543390
32 205210077
42 903037646
25 258660397
21 495368323
17 487151080
5 106610397
31 506154415
35 685591175
36 937588687
11 356241353
20 667624931
26 998145674
6 486600882
37 306041543
28 908785090
50 572656429
13 979911596
4 615119090
44 848778587
48 265251234
2 74977716
29 39872679
18 865226599
23 159637837
9 651997996
14 413256108
41 200627665
43 855088705
19 776619606
16 479340153
3 115840890
34 903257974
38 788518803
30 446688652
