100
80 936979729
48 954449977
46 905940106
58 753875086
52 926901027
49 175246844
31 976943187
14 531437391
77 783151104
11 657412076
71 519043909
17 35974922
89 741775819
2 93916586
85 950874627
38 646110582
54 998849904
90 783301595
19 302498317
97 496808559
59 300355224
51 453186035
15 544328482
13 436355581
35 279802352
99 507370701
29 941125993
66 668035955
75 813416476
76 517442549
88 416418754
27 22046530
4 815017091
100 426392803
56 341046714
78 862267454
6 348917168
98 180015877
5 113349858
45 198924220
60 982457607
86 764155149
91 343286732
3 667887545
63 307267873
44 974601346
12 669558116
25 185204043
26 816753062
73 777550535
20 379660346
43 892600324
34 459645257
23 465970950
1 999401297
61 869268860
18 359521744
33 993651521
70 693840462
50 933024213
21 395439276
87 805830516
93 925360359
47 629903987
9 705357736
28 549162129
83 37406704
72 912963936
8 801879660
16 671159171
32 962510444
41 774412919
96 13812586
55 244723284
7 516069059
64 98982543
67 855771959
40 290291346
53 910382066
39 626390697
10 83951595
82 615244656
37 126068182
57 213276106
95 925773787
92 202511510
42 213739997
65 653861295
79 76775042
94 69267155
24 994715452
68 729986060
69 828961975
84 11835324
62 615965677
36 466833932
30 567072027
81 729892473
22 398809411
74 7280428
