2000
497150364 658434844
400840637 286833408
148755563 199871618
930463702 726540504
6909589 363274254
539858146 497917205
964540104 649290420
86774070 358655545
595143378 662122943
751724830 43911492
781890460 406969201
181907113 755356314
485353765 778533014
453748998 168746218
180848162 255563660
55119494 119129003
142190876 543602255
936008045 991954680
633967735 67997464
831301083 739207617
411956986 847821106
801113636 952692427
109166722 986720879
312650085 220074251
723955396 240841444
779221262 851472598
452856407 955175021
94180452 829551714
286402985 978586049
225367813 425784710
301919470 366854376
869205498 46379978
214193479 761068978
951764467 5660337
944219775 441509426
58829622 961871573
406751014 908177781
527971459 149403471
25214852 254190462
456045373 790524801
973250996 913466121
120308767 640858129
4160346 130172339
820728679 621374713
212246917 961324756
915038904 218026708
354567484 8861120
958287974 89661311
143004577 579573024
985327207 18752730
537733546 91092568
615230596 533372284
577230334 988837109
212789274 451086916
73895119 427494015
206335056 685817733
821302660 100306599
752529442 622555673
156076098 185279723
653788884 772702473
44238251 58168038
289904397 595991909
733607238 651096444
914814834 160314464
800098447 288096261
791221472 617704006
36762946 130283131
932716638 757490783
432038918 972962599
254247137 173666704
656193100 542144461
46203905 790269381
392932443 908026759
723835934 560556511
633785822 606912640
831747257 738426906
93135411 931332448
372801182 118074993
927751649 946727321
627215365 392526075
484579692 225518655
431827078 213430000
616795879 800688541
19721007 406888276
858316843 652563130
352951988 660287
465544922 119945150
229165720 238054905
476756907 289520867
348654238 874776306
95366058 329803591
675931400 305895022
110669966 555665913
841919653 59231595
27263475 409505612
838293148 601762100
867100017 460246799
534004670 371599134
761763892 835138158
266568044 607766281
792009965 71167757
456347812 695626827
247984248 102837632
816837474 430467418
547476496 400472882
923312206 601793293
396597261 149395867
716728438 311704504
183674016 743722503
905458255 940079189
278004706 31540426
54227991 869286561
185495505 282351958
176323993 129130642
651286318 159256649
12750402 52426917
65402378 483653941
223984535 844582747
417555269 315936607
656645396 15884852
857582662 380674879
306027565 151015889
516380233 603370050
298206764 147424327
92973434 802620828
596957224 317838684
747311616 126627449
70434126 450893493
484687540 153030295
755746624 603362891
820521558 853506957
411244061 631546360
952598689 861941275
181548125 712093042
768226289 294371960
828611635 641333530
945167387 653350830
530896413 374597316
106543598 991266885
52033126 297266849
567835169 137808498
186110262 857287535
676117757 880877036
90486689 174187606
837678671 847878695
238808629 922461558
13973905 217855880
188818083 508562622
490375214 635143202
600485082 585732849
416916783 89331630
185810761 589075737
517609765 636655492
281791508 574913381
71493179 699074488
30895105 623862041
628424243 954550175
467882306 584495354
331529960 562098933
565852449 576732473
688929434 976605157
854827105 70415067
942126453 690212478
616194036 582130538
322464170 69062432
778384663 240831930
773820179 147588884
110820969 106964748
751104520 527923242
486975994 64904306
526365108 954445401
683717546 781147822
56852548 728848382
647378159 31357155
400658974 261607984
943533476 492463048
248147412 398605620
883820030 783390839
615440977 671073606
532490888 940436123
261032877 38653582
668350319 640980085
90872689 658497902
50369914 728057036
439979028 436665543
631957784 74050327
86691223 203033909
36626340 652959547
808153639 194683338
90637694 69660669
32065105 380957399
670658872 504918206
587355063 575062996
509624488 27886856
755425175 832766338
80868320 358446535
90838902 840547435
345182919 9202474
498054428 482278776
633770995 159536346
414561049 513500177
894195429 148076887
114069283 958517185
374481915 720735084
248374173 484776577
837502071 138937540
206333186 237462816
116796272 118762665
56619196 128946811
80137148 692906557
88638082 399891412
111261261 795703041
25183585 501984269
672757757 560507742
215478240 396735104
938801688 681518633
87118625 253567534
5875040 275269441
819646924 556012639
733131942 211911103
16622711 471647349
271940855 655793701
23873523 110867892
557749379 858961550
447914965 62065793
965192848 269762814
510647928 914441120
338330125 649885615
939359144 236975895
686059823 62931250
731425178 295476151
141980894 322282244
41759495 859293326
200451179 379505065
844271079 968246478
432947902 999310963
7788256 941215731
987815519 325056293
922499908 101377517
31640238 341104583
471716531 265410876
447296828 648723090
345475127 527964309
604935648 372525784
945780995 898833674
958277820 428521530
461799187 224339445
84348631 296769865
323075764 495799912
501018999 655486025
992788193 610356027
489529292 472374735
413415227 200075391
353772113 431822277
63220237 348991923
98597046 183145648
340928434 583988425
28844066 202467030
226663575 764077333
391491060 707340963
962760549 147847207
671487202 92250596
362759917 480044640
651284194 643720042
817765806 948730994
719664361 787643749
413242721 226810071
748406163 581902740
828262171 360100800
81458109 20531751
719163437 593200157
452929514 505299770
244113582 930834530
780861750 347557283
820283905 895039256
858110795 552057889
539392529 106401863
497395966 769785195
3432919 305649371
985337425 572842651
220242902 76692033
240238994 11599744
988903458 337852263
45118689 98238207
160107395 352787451
175340639 744767138
103132154 547194204
884835086 848019965
433546590 697056229
901680549 424621011
418134637 953951874
629803617 543536000
932420201 144786778
546238473 741109376
383768342 385466423
289828584 216881951
344075450 982506223
413436039 609148442
195883613 858470449
657670449 834444367
932448437 191279608
612861886 184193913
10146944 328583260
734663039 952982341
21603611 299056404
514094325 561077479
929575992 810080450
727082326 458623552
975183630 810282317
100651953 292925085
305963886 154308815
555056473 484770076
514117333 729922365
249168614 192293353
355461350 157485943
803287856 728615901
373287199 798454934
645204995 54592220
585630599 299130776
997369293 369714825
28161918 621231085
200154090 577413681
835953831 718423455
818199974 103690837
486891892 144472127
365858656 226334471
802979700 583186726
144269374 968889979
453953244 232553258
553366433 217774721
901042616 736354441
610537438 454297412
10752784 909114605
595823037 53004839
830581906 768440317
381012697 532795623
399509483 65394969
399847232 867727352
857558794 427937411
952067642 497788099
469633658 678761341
780155767 204792992
596977567 106032432
985567356 178299197
630751420 91146555
956644324 380786579
279380280 954045084
265338928 823999596
504193151 564277171
200073669 817040475
570332375 12934143
711075814 579628395
360204962 719836336
239399569 186084463
30172851 60658043
769246692 916835765
629855261 623913288
215129536 705696476
893687905 363785517
304425451 759307022
139337430 354603154
319598255 424765598
38720454 82015051
435740627 882537235
837057500 263473507
487512436 498539783
745874656 45008295
337555954 185836166
900733281 154430259
948168582 616804462
763406325 214388135
684056433 716452239
854031325 561784649
992656625 623667095
409558051 907311506
812672526 848105475
950317390 990343424
538777298 163300428
892426535 407213915
35502108 426071450
150493585 306600216
446792765 517344389
803470088 194219702
897704789 910886079
714723897 682924827
662571664 101539805
550132119 535067774
558783519 280247170
272420071 401377567
657842494 828969548
912411514 372436326
576487439 14967301
212253944 792777363
62979829 694411292
567594226 497628596
334455091 914355403
110878048 221421631
924141426 16200888
212624096 498921590
773847790 132454069
273506116 333323113
317145395 242128976
12425279 191322622
718050850 683125542
445225132 291901664
397404942 685656429
373901011 346954428
600820981 982530279
172306357 593656146
730522727 31436280
142919770 796522905
225368392 95634283
50352525 226182801
20795081 277407474
902220256 948086655
762190780 471027179
384466516 379034196
598735303 829468159
757434445 973143553
81051104 100835198
757868405 438306864
761036144 457671818
189380004 63484129
260150194 614633151
166800460 545704420
615291988 908525268
452933291 390941190
754450050 711281326
206448708 963182441
687414990 374497493
776419892 553405764
553686359 959453985
438875085 36635686
173081560 585878043
336074683 297173443
491049908 311976481
308863872 468343910
856517753 571934779
455077823 802870589
816468086 111503067
61160804 945324189
385378144 881375066
781521701 730484249
707182362 239211070
443254221 278764567
391816796 485390456
402034931 69894281
866234408 437897318
545946264 783742297
196409424 68601730
695847114 126899209
857663369 769563617
692040188 346312548
454320055 530966841
20535586 331805552
467596436 84614401
418881099 277873487
209538247 627605536
505709410 181359510
652819204 31857757
259945201 313615084
762671421 8496199
557003845 127605708
636504664 619743835
6242856 215736684
473063543 655774131
109596020 408706157
543527526 294286523
741812589 952640269
200004213 947428775
79372828 565678190
563093329 711853707
330735329 154625934
923413713 799890825
452160200 955165994
195132753 212707912
327641780 507646034
305164396 701467838
783451884 509704854
866999060 807453850
543111723 691823377
337159804 731296293
543657148 830095807
924177779 497574115
62753926 633892472
570755159 681431289
761586415 512036861
881191533 95362494
87547670 437750491
809560708 835370843
903414656 777317122
362050198 79668607
854317586 513317087
174635488 631067091
572223307 654637180
160823380 694399970
524785623 748773116
443427379 575202698
533649380 125067388
620217588 546962864
13214564 755245055
305880925 470255501
753831880 626500006
85683081 923490583
611853268 750590827
284170132 821399505
597859051 182450813
295828100 7271014
906720319 937429224
354039328 548669394
791316813 474641441
949224476 556541931
824846462 399974372
347978804 829737520
188699922 173852287
747191429 340527988
747195168 760104896
342067056 355336238
512269690 88024640
946368829 840934825
349607409 998988287
750583181 304432570
976301856 100837823
604095123 274593636
322518670 853345277
64359919 653540951
422559739 868185953
508603594 74638304
328100413 443454083
249823393 484864302
315910806 874602357
404190827 485391170
548224587 45123320
224618110 176443182
892863337 736824001
947972197 127629849
616102541 73934770
85665091 100439246
830161233 712550143
930078075 308334813
9537250 517391245
954861056 312143565
834697466 57414377
479829718 787985488
183490471 170696903
895845564 93480905
285835936 976441989
103460636 129494400
815749322 919750591
875151820 170500729
269267019 675766764
399624572 279205274
239382225 214915371
760304345 746478373
723703717 798842934
210399985 529382375
604867622 577017490
208238347 438105837
767074902 713719937
289239836 500866149
263496392 433101616
747669632 94676949
273724445 286434907
162623266 780819207
796611553 197485777
807148449 22914871
650443613 642221437
409755705 143900251
488875289 536823114
131495753 644427742
113413093 868113651
661133978 416695768
423506327 586294833
971209144 874582963
356741408 144606255
237025235 360738111
867004627 868323958
253670952 384510484
586748583 998960376
671844010 90178627
115755616 91221101
594230 389973728
605768812 498284464
394695762 693258835
236791121 728004887
480851272 584172114
960007909 701439027
7048328 672294874
486355276 275522408
735400124 625426665
365135020 169106254
395275737 67447774
314918511 853604225
221795867 286711184
656973657 172547591
434720017 880263382
903403970 131433436
28332623 253959152
607476124 162880064
864417232 958189247
18640687 731873689
743032142 194335950
654314050 77249194
673092172 973760895
432184472 137916384
449880709 767316317
771321162 740971000
301510567 631521250
701326523 514246158
79617333 446362525
159755793 301896401
115462010 694218404
543263778 161800183
152723812 512040877
570031793 279404941
8006718 394864306
956543015 105028119
609161672 621114273
692945151 302940898
695089506 126557833
1528306 246747678
840774068 515817881
939496874 600681122
801195804 177229995
560857439 708332606
908103362 379155345
896126070 297193773
213603771 176203461
726055444 362436850
714555562 19528040
797569052 252480070
911551808 88681533
205571077 9330116
817516553 429297362
761395654 6622726
779150086 516145268
22250534 913314813
923589224 765629803
733182189 56026369
797736722 781633351
900862355 204159143
321970349 865250217
920666451 691312505
326205440 584311711
77372832 468165232
591044929 860713603
225446085 721762217
964824094 550513472
219913375 99619802
100934985 87349784
231683131 342581543
39981366 493412819
891990401 713109447
198480001 770697094
615409391 711823120
294575612 635868979
384891338 105680613
843818844 971690693
589872789 954640680
286855447 824299182
799945564 276275850
154200381 62623021
43828495 391607281
746090843 84326200
915207156 155165638
821595301 352810821
748664306 18174769
999398910 282798974
994528382 848151072
609004846 255085773
190331225 27618802
621987771 56929378
458484788 5278871
760612421 693074527
374608579 752296310
77940523 140796356
207716632 152904715
704241609 786703403
606325809 739100920
492665846 572221754
496355675 341258588
782638777 643471651
480525005 634771848
530799373 240901588
211094508 504854431
291440508 475185492
65961723 505938361
616400765 223127896
152099003 480990858
170945154 505506213
121433144 456455536
401484640 798917233
200804337 359666275
499140123 668808396
102039203 719598400
36640017 145214905
70269913 883625993
394377531 75248309
276625050 551178705
892471556 277071545
127948786 537581069
296194561 473370212
443268986 228692052
843200325 426515500
233835684 314224454
688098989 424535323
890772684 551907049
965915043 337749710
378504159 163591625
213549220 74954531
942596405 47935084
920512344 51467964
356721379 777506415
958289701 634694334
992348372 72219501
847078908 487014697
875484785 445255652
678020604 388931847
765773199 940067196
648188411 714430630
19925506 800059440
359014603 195904205
816085019 782405995
475048230 273755861
59503125 51547889
833618371 283823450
490577608 251657931
28334808 288269689
978805343 426647557
54862820 223268249
460507837 112548701
348390662 59880131
700481283 435643609
119185154 451480726
648293782 85074721
991365767 554648473
315538816 369871421
265909425 20491748
757001323 508835004
930658673 169145514
443183984 193663550
53095166 807523656
391551380 460225236
426360243 383282472
314644234 595504262
593553337 787969779
29350381 673417464
761897390 768357910
446800693 366319319
702216575 519925340
16841131 337317604
201905966 252462874
130593327 409749617
379814682 771202193
417842149 639430254
679458378 67619713
373472216 452643632
518434230 712270726
727140696 994522952
208172532 956425265
395687631 966486628
413437566 263359713
607936056 901692559
393844639 942193720
966748933 122971211
310854489 72334578
455763656 637347008
331823883 331948414
497773245 611338797
201477460 416320116
220714873 543219097
729994611 347531508
461947967 632202899
397538755 585562201
366564966 195187296
828114647 63874518
81580302 807791233
62297505 891861797
479388419 363309916
914378737 214209789
969019190 108821634
841699175 669001681
237562958 621340265
148247190 370150638
727899702 252830630
615622420 808441255
638094097 960666643
976226967 369663811
988305811 62720808
180162695 316845446
131249749 536895444
137652328 960671562
13555796 21605110
914202148 225006025
537612037 248635120
816286534 692250143
711147321 704455608
937452637 421651692
238024887 65833950
330191128 927896314
107515952 412465140
56737038 777092960
846086991 290469941
837737157 258232180
915688705 539484340
858388116 480283054
242944798 195762132
390082860 397384460
301191796 809894376
928390674 50459949
2078794 346418462
327606282 86628995
701452291 933167354
684047589 644761246
3127749 120934279
107959721 181147314
334033656 235490630
708000087 549389474
792956133 32979353
832004676 888553050
499976047 798234931
700288747 689011460
388529904 489979201
910670319 111611502
914113337 930569225
411494275 264886954
159336029 552138104
904070768 604025600
339742743 721796341
14784943 582475574
79058041 772817411
624546656 54730172
673429502 574049391
882913553 537570935
5502661 665299027
52161725 114732112
810273025 759737058
365832947 87655352
355511160 50012459
125548675 55772077
693931660 173952219
734673729 588879616
60122594 422513638
650044005 795000018
233615988 630121753
643372309 284842496
792945044 726607788
580540879 770436566
773559205 2202285
257074650 58420305
183526736 254523052
205326146 485320750
92361704 819966941
592988806 28252987
978514906 220914864
957299598 563258106
533968670 348653214
468260206 88436206
26018946 304197211
98146636 27997926
15603121 96128061
901821850 269814565
338987273 600201284
768613675 414873078
264175833 411683120
794091168 76437275
948143139 18933987
669915341 647073993
125833096 975237071
404200054 825993358
170920957 130314713
105227317 784195482
992283746 810477908
634792012 171939311
70245612 706370337
261475829 669444587
866348640 214200978
880653200 51985380
920187795 352680255
80056680 207335694
506357446 631821952
976937562 8645491
230311581 555604988
375315825 325322013
357156545 756185037
531391261 448960478
791139523 938231107
387365036 743498214
97453271 372655136
114207270 355967998
735219818 386348406
907742003 198467661
322796671 865928865
733063528 632236244
140207905 492201377
166180400 531873888
488109340 550866597
369924035 625596841
231328852 162798949
979742201 772432801
83353681 281682611
525016127 22084822
169012968 577290038
105265701 903618201
860772139 403181278
823646372 32158650
459974913 80468315
654236969 806195717
259312560 879240008
231820678 552936288
948646109 109182247
804697316 98857057
824800644 229946357
491730095 444391768
37727207 16026276
830458402 608457626
315833727 341126670
630586677 671639225
737741713 158474644
95631299 762239590
49088295 67893637
531234361 752334366
676459779 725809839
531846859 468115719
579809998 628154346
398044882 974998452
732193180 761418900
508100170 570935268
381966271 685337367
325146437 833287512
783294891 596728869
757274150 812546662
142555111 830776402
565903753 536181808
809049189 499116063
945509242 212776978
156763970 700744552
564454844 780731431
441084268 40946767
71227441 997440672
757603940 969598568
695415091 168951049
695216636 826802367
163811764 26925713
951167758 957404850
782003007 495529657
859322848 242059064
158673985 159202371
291424573 572383142
568719332 5998371
550185997 458005635
187244399 770987482
162404501 903201197
853736677 457520185
253248044 443091378
617161552 881412141
699358826 612810583
218030732 576912780
53524954 8439195
755109456 537754070
939682130 919055740
867848329 768559291
110954666 203049314
359064856 606675553
485960018 36817341
35312894 745366246
949245239 723911051
889276188 264256790
165456748 982629984
669029785 899167255
110774731 319532352
79217710 700198908
431645150 937554629
333070729 8653164
726204024 78847849
386883669 836466909
97961921 756405993
975046073 852138016
407759083 201459168
262249866 967262733
403965114 203568610
947315905 346028551
695475994 852846977
133602674 525926802
882031051 481833806
372037869 465339134
886278036 365022002
538936838 654339604
925086374 790202369
589582581 379229532
773986454 435506831
829491469 587423802
739257478 561019858
239664591 647561836
725169337 353568156
291367517 156353739
999092543 944784112
451813367 928240593
842807407 615786396
803735614 984663561
187711010 989381565
488807259 295418024
100717522 37048383
424946380 623147132
183296111 616624729
619033946 361746219
942951552 379734254
17636738 294032972
614824245 99746921
161393339 492694683
703084025 560942401
6624982 469743852
233150563 907472508
47418044 468225683
262152722 809238440
810198252 830604164
543549703 491190297
499316028 251546479
141715907 736706298
264755355 930997281
709264057 649992709
860680009 841326927
643960318 626664092
726348940 485391410
381081826 495005273
721199051 239805500
76078538 182583416
917002478 830193701
639033910 362191523
918850818 455318593
436028113 946058434
678488986 536449010
640900733 430147571
659693608 542408727
946702843 435065785
423711499 481901115
723094803 687288345
647321277 95092959
599432003 919422505
310280027 741707244
550692990 472694657
196873340 41215088
71453470 530725481
704742264 177587652
947208881 209127474
469107522 542130977
723876714 673054309
761622246 912012790
677051785 580073232
824185401 947900295
586252456 390240444
27299313 353867387
201347235 126924786
421678078 650061607
252946305 326535414
813353624 655819039
111617476 361744345
976127163 48342342
716377857 244030578
913741570 111138008
482932328 989506944
712031366 801737395
579677792 886275306
495728497 428282262
733303849 463325119
972385886 613831426
678154692 846728974
219060956 374989650
915528822 296949233
692304169 11246316
688643791 573414504
481691590 67217910
121540593 288264927
840713538 496368798
195133291 400640170
275106871 223306542
237308865 451204191
114266658 986285966
603539324 565140327
711071156 551130897
210447425 687626307
271232706 467412828
746598257 43142058
868773643 342359259
652892272 53775526
523446627 589940022
736357445 361540806
356295694 703018186
68794435 100273573
456105871 892566898
896719396 155958439
38218669 438859522
923432612 325880636
656495909 663366482
807945801 917237612
123114252 344658874
794560175 610649951
450146832 33230633
206149082 256500864
434615318 450465783
722920181 686907922
69497172 943584953
428316460 952877886
835193364 546468338
418731705 279906338
575254564 882868755
71305633 908634012
671400737 850917772
260215870 716703578
724307338 677311572
747963552 422593643
708358347 613428626
258363471 394855234
803049766 756304890
538004160 943148194
757542945 324957071
459194708 789714604
872241652 109293075
709523939 94896606
723890035 202902456
973349358 311438827
921477650 465965375
540465739 417491804
422666891 972495844
627116373 58035595
171909670 929958177
777647462 257943538
111530998 323561862
419426857 502124330
766384299 477847078
506779687 612553037
628921343 34919558
996134641 638428509
647576407 45173652
410221874 174513530
162868250 302431820
617116306 549892176
553710879 782739830
94926674 35953614
467722091 32485640
992600107 442570565
507604599 246311938
675150413 768932548
124284476 873180520
52525020 971521109
784461542 292049471
334486895 257296231
38685891 608587906
620559769 139682724
839426314 584565191
881696215 751798461
8876673 679330154
328400047 48150964
403332076 985766815
455511289 238277076
967777024 662867692
857527857 199209757
724568561 424225681
831680889 284096168
63994893 304298157
875845633 903567804
960641463 51604440
695650209 924346302
127482420 592804869
598052040 165356691
796958811 954263744
326176847 268433996
910731184 54657714
645480838 484208441
300614384 254906399
994188613 926364323
191752378 803864322
128358519 401263349
676141704 472764178
530287865 579923234
798326833 550969496
427489032 49416991
939505123 127844726
140913967 907172020
517038732 380399593
955886408 776475052
897142624 345634867
689109286 215885565
94412673 751228526
645845239 386394456
512294052 713513645
502225239 106741177
254039709 105789993
83429256 444860670
900667806 848711289
572481375 811115362
828521376 414933491
754107206 274465993
185758720 618103389
961382958 476873117
129577345 267195635
835253244 136259610
505829138 59339674
595060664 94645544
646958927 834465581
358090710 912949766
861712217 787418342
719831894 820183166
479690374 296293814
838416544 513765747
590312371 431568850
554790014 891798675
198862201 951408206
432532925 264160414
296382470 627130529
783543838 903355149
990122715 186912451
984066155 937244076
852911112 264283948
890674320 795846695
506654532 332647909
744969820 15002535
230207998 105516971
401194492 252544549
691860068 822187368
811038040 844586686
978766781 942926093
396585243 616565705
522785836 749723416
17877641 894753647
941675668 189138241
621275441 151827182
497116378 365555451
941027880 415202395
170021187 510144082
821444611 327535481
892594158 285256411
969084615 561190000
83810557 810477498
504883477 451108235
478274063 402818265
411174722 372177211
239175993 816834657
807748907 742216839
62713444 735226586
818176024 426519398
465445845 818526252
745302710 388225979
503949911 726769117
87631230 13575656
586832251 487021815
780722745 289659344
182433328 165224835
659191049 703908888
289407646 11934718
132239163 51300965
822991429 419038971
95092409 265986505
673069617 190351354
210323859 353446217
355674100 842323029
211011432 551324228
809675935 615594751
107999446 969834319
794894325 255900654
125458568 959412188
404662295 727581441
840454619 773942298
95655832 987642444
347052724 170903845
431284982 938697075
577947162 188870785
569611844 109646700
239034383 253660618
378053929 290680539
691031782 834394751
843507352 851878933
345382750 625466700
57099294 300504330
534357818 814008880
603404017 312562826
920983292 637965513
615902458 148265784
583825821 685364531
838384861 548808221
712210769 378682887
672678271 436791446
18929739 162250164
759245789 875132060
471935683 369650327
582139377 658348532
580946845 608627599
838830423 626088114
175223832 987850962
939225041 213277566
151978906 928084307
881046328 286079744
907680163 888878882
38068413 558684114
591391340 710031426
882329772 631722339
339239318 772302564
164855257 695802433
161988996 236817875
816548058 39345622
366453483 845742653
89092424 597010147
36803897 82831415
693734783 249529335
228055939 655147827
109477936 11882532
274141302 245670148
423521527 395432338
125698152 112987688
329721026 557217105
16321682 390244973
507474410 391256220
681791242 118295234
95628328 647204779
645150502 716753827
337254462 801672997
809699282 926328113
371889302 928084257
638845022 400344503
513696672 247347704
694083542 98362847
745225333 844207367
690843300 520910843
119026802 886412489
773079736 287598461
951970947 31528931
955779837 673878882
836313481 793853609
899249467 293388676
779195156 403831372
510213735 90864100
813334357 237091739
794974421 622394237
391864736 960553511
755988401 366369634
798589576 713098014
629709257 468839997
766316525 146808751
230718037 531989054
356488571 90740949
331373681 16612707
905183988 528984004
571341944 391769333
612022354 189890790
389682804 602712286
741556158 336799021
852406987 295149572
71147963 886911225
435718412 753737512
552714609 952472292
368053414 4760647
900514276 865175508
788009785 507560180
769924811 540196929
697632926 987526690
38748973 561730032
101766283 965435678
204606499 851218501
246227309 75647563
727962235 932149833
169766907 332028487
578039927 752308935
546615628 800591777
674916882 947694436
70471300 201228587
561691446 700966946
715687320 592788533
305664517 840140445
846614365 914354639
551943189 331614363
487402267 600501597
201622747 175840328
465951837 381217801
204053310 514854594
690707889 500107670
741144470 827116474
173780763 573936209
255027415 266469023
986315895 543621434
33680491 758855236
864010446 925229352
893561131 201406934
908086297 170217781
522688746 616129686
470247748 412638459
289217729 881787751
364557222 157672457
738205127 248433911
298750358 791813809
27814311 838902981
899641606 949666453
115591369 722959560
86446630 784971436
514524191 270384486
584748394 145759201
779597665 103104382
63140047 678488450
17690272 971785544
563956763 391163025
457551198 581390704
915027065 284796286
143401654 702152404
216538772 965634467
624514312 769136107
588011688 516627718
957856117 975561454
884586279 476239547
363917491 300984443
877323254 392966369
777019334 263732171
717641419 558205129
427534974 36977029
413779937 426334193
362645498 361917558
729523832 918464501
937229205 389972930
228096472 384657901
525876106 313823293
205187794 321157446
30278714 218451388
899765015 926631141
880216261 487260652
948189522 858201715
958039395 182258022
240450020 803904116
681281044 607237410
646143542 490281425
450230223 36678638
329246445 450646413
74726660 801636119
850604715 906323862
829700902 959866328
18058814 980351110
549109572 237872868
745778549 185662271
380250431 613122760
123005747 398979709
324436440 632656865
384173395 516671893
596177008 674882070
882348537 1959844
501209989 61442226
423976829 472895773
968762787 688684269
873882669 926953886
955970063 860087091
488301829 858992793
786398481 647936039
712700783 500071024
952722917 230722437
409451267 751473701
566848649 524275732
776102707 449281864
341228042 290743752
654363408 87926950
342406990 888708469
605185986 757429870
733150861 188328241
951542311 904694225
845887246 797828178
434940168 512478536
515999221 598444879
630286605 31944834
823706735 971090589
954466101 894268732
11177444 141601162
956185494 243506520
863661900 996568700
942032389 330545448
248828351 333452595
761581767 910527656
177258875 921043822
852859212 443206720
879556416 452640550
495698046 295139552
661153301 167929789
157077268 179412238
591362392 332594923
138083662 202495025
465521413 643184771
13182241 816319711
43061078 569304156
969117677 308138429
634941858 246057374
524703630 493949748
979812530 178121861
920279836 444530333
563944685 170565319
910453704 762357871
853797497 807917324
469891046 103321037
405562062 170561333
654792957 351011982
483955505 223946552
952137437 971661218
347126296 503115360
508061024 22862205
765702394 378392050
785705394 705049721
981930437 979218200
989203773 368600710
125308340 984167027
324355461 190362939
985554166 264572340
299753396 763748753
77915555 640597515
688222577 419018825
892540778 141982747
605631853 566647994
238388923 248741664
36828367 958781525
401053319 317469961
707881004 839160646
664206182 336628622
113219152 709389103
97009787 604040388
451583693 408095803
407892368 403047249
747719934 304811661
820097575 498326966
729161036 763613573
780657070 792253490
235384976 891596422
45487316 341444211
134863862 571776644
828192941 135613602
601149541 155533423
761624346 384834679
431248411 135952899
745227431 638608962
248997316 535265357
376347959 499486771
614694757 536232424
589531707 369310335
834982927 725734996
552856514 199040467
880508468 342816686
377418355 382222376
973287928 395599809
620886965 23093819
743350845 201620864
541283505 523612850
747634584 793620550
485493931 935322385
750480886 821772477
883447963 998820116
12636646 450858745
501206406 772154204
346405348 954858370
80881483 787522107
61291898 678404987
794948690 203590670
38712129 280183029
708081160 725830732
62655750 995297228
178892295 666175522
479774373 898676072
775308992 758401979
78759291 457377555
337258488 545665976
577471616 678443491
569945580 52391216
619473909 445988317
807545910 519465957
903973854 12288051
889303194 555019627
753463013 542535255
191161798 756639707
547319799 135331812
717090989 878427823
867051989 692277324
787673632 368109691
688732795 32416748
839717648 893137995
731297064 694470763
419371702 790080810
684920871 272490008
667684287 873364563
526019523 625110317
840377993 480404090
452242488 846843152
599609420 637359384
57454831 183718975
992945353 833785479
57395258 251876795
508177704 363599819
872041487 227430539
233771646 558998366
304689058 632816832
701977915 215987549
93161510 73400849
537912021 372675814
765159613 289364545
993604159 780957826
742323056 547985758
877903796 448442084
235993819 531027085
205251655 141713642
365711937 619945719
798699779 381049421
301105167 145562180
194402173 339996633
383375602 954368343
53096725 496127883
789936732 480796252
436092639 42828576
39353342 629489206
622938677 919520322
980328997 119851854
588439825 337792399
940521522 330636920
757569527 784887979
977632327 497744245
422462921 59254653
280156784 151601221
604703314 932701743
388279450 600309036
988354500 936501456
968622630 861284120
358250805 326676316
922580673 439771516
433046770 761449165
515414073 492386936
277051555 736921420
395597396 537815698
267015689 517651467
377508811 64177221
709233229 672040880
495357152 243467051
60909617 141909528
648169013 91477506
995031323 601821665
34229346 862318841
976346581 933323672
996240901 194617292
444994612 869642729
278036658 381503973
522424360 328576062
608379589 429307283
943455804 998704276
556496898 761740860
745910587 740776832
340665863 529974068
765546226 819316081
227186097 569246272
482785942 411927206
867833955 605845896
776629925 627041493
891728210 594485587
470784841 459094471
91612061 127228492
257370106 675633041
537710949 663791564
122523423 57417076
859275307 368434495
356451153 334686321
655511750 963373667
116217997 854798712
49837267 310240899
66534385 326795125
480186251 376045582
390461852 128407501
724442882 263105313
100138450 286576002
319870028 200752449
9247225 712567007
855142576 62106487
979539867 848775424
55235757 795037021
821434555 264594826
929437205 381469439
757552286 663199110
24567860 563475566
130649121 836483093
823378893 790720528
307184129 757273545
828329788 265482359
782157875 786466826
391669642 939022859
189123158 722500360
370450504 554699573
727116646 185027064
676512901 900581492
221701650 549664141
272829373 740217950
411774072 73875575
13883253 611999881
157543991 934836746
419312762 93466958
170943452 71613861
472359147 790241561
530567901 761646047
809136740 925381583
676493182 515893329
408876568 45853772
910732375 392930849
321330292 938024134
386269805 530946142
52235002 388261713
564026736 246001910
680889206 233785109
600402695 810620920
598501431 508399075
985981702 831125375
960714370 498032437
314903466 502192658
36634291 692587445
123469873 901441923
268699082 810906924
856247660 677844826
97094231 5755553
719782665 518851190
659707582 212856184
352938906 925348542
379454157 571676720
210823977 293069271
10767638 91097337
56086722 488529417
24383588 429199777
993255555 556196167
485794961 108350034
516986213 633239565
835198895 610726862
963644432 155445674
265805813 797873719
728182872 794067849
525477016 322585208
437181716 135237571
570546537 262873999
956483736 232187958
569948425 142620740
913920015 656882015
106969722 942770871
696326966 526003995
81432140 828656873
299942078 938975003
587166404 706182910
560344884 484471656
676438824 902220534
729732272 272767249
980508383 873142655
697596426 750062491
802020782 417296020
610935176 277949889
858717752 559112728
889487291 866074269
125516009 804366406
997041695 311627072
425851691 195846411
692770984 866871116
7447432 68188132
756369503 672621170
713861074 947906279
607356140 485351373
559496465 125671302
731284226 765780881
466735785 590975664
564109909 304744563
905086749 832509539
566075557 681498541
412815147 492359649
714415746 599256458
795042457 132743845
642350784 831698235
623171137 704122853
813077936 535017978
921105372 444556337
546578865 502267245
48881987 62503609
424007171 345670717
954532907 901092967
104796462 797850733
199578445 737198430
866133529 873014762
27324022 571116205
940211505 514084813
37198008 462500470
440633318 813874467
832819055 619206080
186014612 941362061
554802086 589924203
307110213 192748726
250437155 974526650
269226401 638120719
264110204 478242278
777869592 701174590
267194920 922479078
984349646 104465775
47901417 763983999
886359324 803145560
967681023 329720737
283832918 907565167
542685 22762020
827719604 889117340
571683974 469749605
182147470 150084935
953574404 22273987
326174292 864020098
174739447 968913440
846032930 320357331
774761261 174400855
15981953 315529848
945553614 637891621
405678188 697140072
899408561 207549029
193761407 508387430
501038155 333005868
369178611 175364866
317388835 754886662
662212475 626950072
366310275 572130676
639537931 591249598
469717169 741841993
503083750 631967331
307638980 422248301
87864315 372655200
159488884 861190289
108893430 347132464
356306297 459322714
98226302 558062682
867895953 818535141
53483789 396393927
658909325 564511678
548697930 199152245
912125902 445973138
717765001 425544278
461956932 398192186
228818871 665507497
705708023 127382996
427393962 249880954
120490031 944245008
83754084 913496945
683940725 223326032
993822723 190980442
594025645 900345607
99510838 120416833
771188551 934478672
89687344 922006702
458852565 407723927
892501279 872972791
246447077 540861318
309994258 69001631
298906829 300684966
939979949 130952538
38501195 59578245
160861979 525383170
328476197 975285155
496722246 726026525
544044239 258575422
44001470 270919188
324203400 557661429
72488758 842685737
298159496 429301597
536738145 738807738
609763300 651797848
941407607 277081350
660618562 866694070
455218206 810395401
422456578 361975592
219369687 471519879
612031371 692756649
103527200 820745843
704674387 644121793
176886361 474182307
787505189 950607654
383453179 937894576
311287723 178793087
279256441 895102435
267701258 337322158
43373761 874890047
378767684 267038908
300611817 647272595
414152268 606388593
185450672 828813867
571614293 592379463
182017494 112443117
94387293 75008867
5982706 857018223
311656148 650220663
204260525 905855037
840144836 947387450
111569413 459909564
437724475 474017784
28533240 46426705
566108879 717195833
670308821 815889329
658664616 835120080
637373508 348261974
1119498 72028685
450707896 714251430
248684171 493256466
786048917 485720027
744524426 282129262
442416617 519426753
415790412 66561626
24189803 536960378
495997868 577452161
39954422 99012918
983182160 460030189
72775574 523613659
834091425 348975540
634481158 432470146
630910033 948011686
236563748 471866029
238292082 422610442
952912401 341161478
139105115 746913678
592656686 231146456
162780463 617287438
678692613 195246821
110320117 812374261
195816703 623238724
755034970 103073254
128460452 971847864
799226101 589673961
132842640 741750309
532821901 533056039
890616151 260285897
302256674 981670639
677907485 969815765
329937237 995968628
73293176 511209930
499960703 64862628
420022344 831295468
437802282 438537911
944666920 498935558
972957791 170085107
552783942 615737310
776619967 896981565
885304151 608002576
392622670 773601073
804540234 802162765
94221869 480553682
249969565 682803960
305130559 361651645
641321684 554640060
74571116 683260380
515850228 609186495
562416308 874230576
147731126 414010529
399620683 945435917
182853625 715641976
607197491 804761308
105938481 460963945
979056600 415551147
23332168 807764852
943578541 155645506
572603526 313575943
637650244 438012329
39008716 521134003
24169097 75342254
778942027 308459896
807693328 275599331
928124116 879219049
584637405 866867617
913465501 938584387
911676828 960592821
999970276 41172175
982522930 691252903
502679763 358399966
172766133 455182626
341125786 760584686
450405122 961788796
326142175 555448774
25865515 147575413
459642989 6920616
319692128 76531449
370625851 414805349
322646809 187381188
991327064 307814090
138746308 880650293
966696213 590216350
351739186 784660936
959770359 141621758
471637322 490155940
586505194 575099462
764145488 180737313
851493817 408201010
474834483 475325994
233810737 848296865
84735967 768463375
382882251 193983455
561673146 775582644
331008511 680430520
29083088 415679900
200068768 224375223
914960349 861418525
855851998 233784779
811268334 322522810
25517640 735443187
630669634 618525409
105114529 337961313
205609744 896108680
632742412 969371766
611523929 403058505
907675322 540941325
13007854 956336459
100444634 940234495
177924547 797535341
990789892 118081749
