1000
754 679767814
173 92918120
620 388492298
360 439595352
193 653868980
303 666111243
693 180618957
80 985745829
69 952123543
521 216426872
715 584776116
132 300151950
900 464755584
247 346325031
194 849662933
891 333197574
295 94248841
518 640844722
141 225589213
709 112607815
95 747585317
880 786026919
962 826351479
804 338709323
110 395207362
797 605881257
44 282339354
437 740862730
47 621694332
608 51571581
808 548902501
946 73133027
196 402264323
440 115464457
852 711371533
994 239033471
125 744636902
927 752844892
616 924824034
751 381134111
45 118912648
643 909313210
326 940322673
293 194475221
829 489282848
452 962909107
55 93791877
968 58346680
621 123052275
662 859937473
312 529758503
710 901549346
627 685054511
460 459237161
974 64199157
484 105029253
234 125227398
450 209905948
776 763386074
189 327093137
338 221944738
558 76732813
667 644914941
248 546067732
109 37769727
704 374179865
279 112713231
430 731435265
195 431155132
908 258925875
327 746993172
263 841770346
814 252486514
563 252318564
346 827886631
18 601709843
536 228114677
371 425497489
389 17273661
610 273717435
100 997530000
602 281412242
342 554204026
335 171388100
614 587505366
333 483594154
638 256620264
681 27542686
368 867003736
965 581989111
204 813440794
302 121871456
13 3474726
477 585188144
969 690571067
70 391872492
243 222153605
872 540064893
628 870486987
659 392560252
442 627436115
424 859759714
697 127261875
266 997044416
387 159696152
187 537959426
504 665105457
632 698224886
182 191197643
966 290229011
707 149133101
278 857222611
957 732116128
139 291621683
676 764040668
485 722169211
573 253909134
869 304554119
143 913754036
523 617545088
516 650026152
818 672393546
272 533589049
748 902101102
400 665046745
122 146279642
585 818007871
59 284688602
845 753514549
902 57083003
532 331652926
199 125109427
778 29891311
26 768492147
862 873238025
940 644200365
21 25816461
225 701591339
287 739483225
169 1509975
668 28733273
846 295726114
663 965976413
419 318382443
168 825752315
167 906066103
918 931812487
788 818009216
36 32276433
214 538562172
129 469831839
881 291754453
52 526907311
903 984630204
422 94279238
7 495203262
325 851265193
19 467261064
730 261105045
716 576155589
151 654749983
229 250169270
745 158330374
390 494633482
876 274730935
705 902346918
677 576765742
85 727660527
886 192784651
790 465262795
481 473126960
963 217145313
131 758611678
309 805406502
550 447644463
958 715324405
207 596306085
48 248422960
261 342242604
501 740992659
236 168105377
341 370956511
205 100258137
503 269641741
675 602587290
11 585997104
582 890375477
953 785681003
713 422063393
441 443409988
198 336165391
952 614049662
64 952292372
369 970124149
613 680299818
23 381614645
154 978339048
985 497185656
654 821481340
445 880714343
449 415410364
964 561518016
156 938236913
147 813557441
899 71940239
691 361545516
893 379040694
842 623239067
84 200391085
540 522110522
382 385274564
689 464747882
491 711574168
444 289203239
101 5759705
534 196116341
584 945743478
991 402424936
535 739652405
764 599176985
970 24934496
68 303587922
407 295430689
870 809446110
183 527472927
406 274691968
43 818646274
611 100360671
336 409682666
140 467315528
806 151322360
212 245093797
217 47453371
720 644156110
586 192660816
593 532979458
897 411969582
20 460664600
226 625370711
291 669733487
388 787884152
162 782549374
960 641850527
104 551055513
469 366811417
492 582367747
58 696547876
967 78309825
25 319815368
735 973322679
645 621523872
649 675438835
237 401604677
671 782277072
1000 356145572
320 574475065
768 422852558
448 209627098
695 21001727
631 397787895
105 653679785
321 101942241
554 562785969
941 83226686
343 725507893
780 214400731
324 238188358
589 629305025
763 708118052
164 856719257
890 747713224
253 528005934
738 754523382
934 911970252
775 173916180
982 655431772
784 33626164
468 970193787
816 179736575
130 735530908
78 750988984
884 545084243
250 367518978
10 140274496
863 995461203
209 125751431
146 391331951
565 888514332
459 858218956
275 724305180
827 594064200
249 577613443
860 766816120
490 773676401
669 756636611
656 632682343
86 559982302
447 710787976
513 279649473
875 390590954
340 136122705
14 314827112
588 605552727
737 44060504
629 246684347
684 209943327
82 616532114
289 258066850
556 315982820
812 665292564
404 500722142
512 863040524
783 601745633
844 768795524
439 806643385
564 191561382
951 548307755
590 602005234
33 257652890
202 838189011
950 667226471
257 873053278
495 80048841
157 589985828
298 639656411
562 838126120
577 243859137
352 955308001
98 408344303
88 712456147
383 349859389
4 321954676
487 187402248
112 949313523
294 855202799
787 915795307
655 695862491
871 279086659
766 862458000
945 350736702
744 582944202
413 561947938
830 511917789
472 131076803
604 966047871
857 472915305
856 934588802
478 218379956
743 728958965
359 119159906
8 716701043
220 198113498
615 555822269
696 360155545
458 503677448
854 81291217
873 83652167
729 206592970
223 938660162
642 975843262
138 365235061
103 228803116
841 182064606
415 932732725
28 830618862
232 750660083
578 409492892
560 853339978
919 484683618
581 925071901
35 382061187
947 807198574
394 400682717
201 840524185
527 286011995
453 306637555
570 124772809
396 463681271
740 44491530
574 412391763
438 12839166
672 333959821
274 287658162
316 766555109
724 10770072
245 321693280
598 167985502
27 842140346
726 413244408
799 301546057
955 918016508
301 122447229
959 975701902
498 526126726
961 488290540
657 346358162
180 909849876
702 673036378
40 42806706
434 258601249
254 522128201
571 667515200
160 954131691
531 713314711
948 672272779
515 94332523
551 650917470
944 276481691
117 538694104
664 794445802
134 482704416
118 540522120
39 60269719
510 205865910
915 690719741
482 955445790
479 219427605
792 906333619
750 459532145
825 453153338
432 919711165
30 704634087
641 470262550
539 276785439
690 722498295
579 973288221
376 995455136
706 700990887
337 979698293
803 17897537
1 122486505
264 317400339
259 970672858
605 805089514
72 374696134
367 730939911
16 237238005
917 712271613
94 75773938
922 111422661
423 536567824
395 493268731
757 477485796
384 114078584
42 531065571
802 857745522
186 495381277
680 998113510
483 866999360
723 873435295
136 760287756
454 877321725
840 718377041
200 803388072
612 249707005
703 838856152
355 940216218
774 891665338
801 311250831
877 920479850
428 300185261
53 452575623
911 392946134
522 163437619
292 369066791
644 68333526
208 368662581
779 307455557
640 922146484
733 490655040
833 487582200
370 805726668
555 951610183
188 125111224
381 563543161
687 581451699
956 438458375
142 452754980
331 246547937
839 149815595
251 701564368
712 605144858
349 183981138
995 910930246
874 21676108
12 199630632
197 729864025
284 830719497
358 557210183
300 151856695
296 563984965
499 491820799
998 642781549
90 104111462
837 38384880
894 206901594
728 639255588
819 665851154
769 892677399
507 670328461
866 341384578
353 863580965
348 954128416
683 539392549
851 221424166
674 396376487
824 763888284
924 51190911
990 180316455
647 790723711
529 542595487
166 332591494
260 515173144
414 54370194
219 184338995
505 513692045
822 76360159
357 825695966
398 928185994
834 393421247
244 11125928
883 917248191
755 798034472
354 800439328
49 984285052
213 966421368
297 132911071
528 466395958
429 296733065
488 424033495
855 658372443
734 444012579
265 745634213
361 233101011
569 167808790
633 46995738
41 516873562
56 946466381
256 932668518
543 615448695
826 987620924
427 231576272
339 825974228
412 598797097
73 41085078
375 399030786
106 228499217
973 239201325
943 474301981
126 489996608
347 543992087
509 583772394
935 937937496
665 582503541
150 471747730
889 772415759
868 719509899
648 963713582
50 588812801
231 746491442
660 822259337
206 253786114
937 55490790
228 291473687
785 968787764
443 932878472
717 979286378
519 35801721
436 706129778
276 634529511
823 223516501
92 341081684
5 909587794
238 426034485
548 127032004
999 17415541
508 776241152
83 199557942
580 539117219
119 487808323
885 36019770
461 276454446
433 728246037
22 484806631
559 775958871
637 682013606
618 679303983
17 433823433
91 718596728
403 558367176
285 964702438
878 470782005
34 143645982
15 886882134
502 683378776
541 139746797
496 227009171
153 106282310
308 113364133
858 466905352
923 661507592
108 867177802
553 30500148
786 162088610
306 747759270
401 917209820
79 366364766
332 100683005
216 342692287
896 854222264
678 898628480
271 576558512
409 53792505
747 810662403
606 407998271
791 184352662
798 860476529
623 974659342
547 15410192
773 373015297
190 601237240
493 891198276
210 257734876
61 475728162
650 128494786
283 64641298
718 257480131
993 177762147
32 940395916
765 110773689
838 404454417
727 779294203
670 442899912
76 983521894
591 297103423
181 309431509
116 730185767
931 6228997
221 579527994
410 392476568
128 246462336
96 886804229
526 859435375
976 302010503
926 947022990
719 610851332
828 862532101
127 886144060
393 739255412
933 346771011
145 267102263
635 348799020
700 995400380
344 728896798
601 388637354
280 238981760
163 476340360
500 730472594
66 75871060
137 484532086
836 239539411
175 245643843
907 32944097
575 655533991
215 949160084
932 59043991
906 564482925
489 646443976
378 386139247
694 61892343
239 753376254
971 499858012
57 385901324
81 27614971
241 752457719
831 688445921
749 113688555
323 776133850
634 284067902
741 398475085
607 947132910
882 36129710
466 297458018
597 217980933
311 591424563
576 34653783
725 276073763
451 298572431
380 227748703
793 590418027
980 397012689
328 267099596
898 199723155
365 519845365
269 130916806
997 987584006
54 63077779
227 262778955
698 522130358
572 776849583
75 335273512
920 817186356
230 427584470
192 702716491
385 769580881
471 849438435
929 411552099
949 875927630
222 922564297
975 421645122
805 553884594
708 433332920
692 863770775
544 542765300
246 803325231
46 854866768
996 346774367
909 616866425
658 650460195
849 45196435
853 142066435
731 165025619
916 267089251
457 551260339
172 646132817
746 231677262
624 6823877
446 809380336
268 953129262
809 172257258
977 303086148
405 372148789
617 509407290
810 132360720
592 759193518
102 890478125
65 45814429
9 569050160
38 607849913
865 820271895
517 491757897
392 916069024
176 523958738
313 528927263
330 446031551
37 861759491
879 785592570
699 542418407
362 193153735
888 242515851
673 56180377
983 413075697
861 211920860
111 793223342
364 247718641
794 432884672
850 298383327
252 233166661
310 952599940
552 192571211
511 859337156
497 2086029
913 719956299
123 277196965
6 380781262
925 508990329
113 147965144
930 305071668
315 192887958
651 964463709
520 190475414
739 533734800
155 526160780
936 687054140
686 485391403
124 299278058
815 380868648
636 700680241
568 932782830
772 174932413
817 190766655
685 477985287
901 413726516
954 13051737
714 580182024
594 765602347
421 146599398
224 726079193
475 909043863
465 649938624
892 329849369
170 797845006
984 276934305
910 433866030
411 744243419
408 622033841
928 172812053
149 858678178
174 649124949
939 720382579
646 167449782
506 746788910
639 209143540
474 439679644
905 932540143
24 493595011
992 438608761
938 111486110
583 869101848
619 611400474
753 692896983
567 204622853
721 739004187
463 476375561
770 258383589
761 547182602
273 604974776
133 869160694
813 799760776
177 797732543
609 551056096
334 786367712
476 455181511
114 303837799
152 202034986
386 719720959
756 279282144
377 463902451
666 382707720
185 435106684
480 64538962
158 324564042
795 968146309
711 268772758
661 579908698
258 383946309
148 760884723
782 978935002
470 112777447
561 513721954
682 106262471
87 681820121
270 332895367
514 280503782
121 229662935
277 29674462
165 311828760
60 125738425
807 292571405
546 942431588
525 690958831
267 997383614
653 914938401
630 323124528
732 46329150
3 586002955
286 321194523
679 53418557
373 392362552
494 32509607
914 698742974
426 824081531
760 999541146
191 808008870
789 445047383
178 57964191
329 462582930
420 524075409
345 833359603
51 753773718
752 370191192
74 107482738
987 994815983
467 284881333
847 697167328
625 424097092
762 924691908
363 201114801
777 794269380
742 610101180
545 283540402
781 624547224
317 958728595
867 3059997
418 220266509
233 753727376
417 418476107
305 605265982
538 441120424
981 736195990
107 897671073
530 465551147
307 465635351
71 425386126
319 401868564
304 768011472
161 629318723
240 829550362
144 467425897
282 459403525
455 87385656
942 778951333
372 530951975
473 395747230
912 437530035
431 577159194
486 379823946
848 707924613
759 434731660
533 45937335
93 260777742
887 978997536
462 920054613
351 660691927
988 315989167
800 268250860
416 464073557
179 301316259
811 610127190
203 961674076
290 901377587
596 2851528
120 336374150
425 40241611
288 801437671
456 267929948
832 928888345
77 63076499
767 52663325
688 834308632
595 932950470
115 703100834
835 278085949
701 436133776
255 885473382
242 56869880
986 60282641
557 146368370
402 413180495
736 895351839
587 353709923
135 611234382
622 78429257
184 256198320
549 836135599
464 137388442
211 156136164
218 436445916
322 922397868
391 925712203
299 202021905
318 682114667
652 7548436
895 249589943
603 243394073
171 4446488
397 460847890
820 342175152
62 546367132
859 741995224
722 529935310
566 750943473
758 142800994
262 956774047
379 890701595
63 259791248
821 616651356
89 40988252
537 815771367
771 420765797
989 801258772
796 614696280
2 924699787
626 739122390
356 222247957
281 648097133
99 815927059
159 30363126
843 164332527
524 577920196
599 344648870
97 90926782
350 778094160
314 997149041
979 499260972
435 921635557
67 375676186
972 364808851
978 540416091
374 829137439
399 520097514
904 997996052
31 4912731
921 66019229
235 875884501
864 43670373
29 683096332
600 567853167
366 346885540
542 826328997
