5000
1 1000
2 1003
3 998
4 1005
5 996
6 1007
7 994
8 1009
9 992
10 1011
11 990
12 1013
13 988
14 1015
15 986
16 1017
17 984
18 1019
19 982
20 1021
21 980
22 1023
23 978
24 1025
25 976
26 1027
27 974
28 1029
29 972
30 1031
31 970
32 1033
33 968
34 1035
35 966
36 1037
37 964
38 1039
39 962
40 1041
41 960
42 1043
43 958
44 1045
45 956
46 1047
47 954
48 1049
49 952
50 1051
51 950
52 1053
53 948
54 1055
55 946
56 1057
57 944
58 1059
59 942
60 1061
61 940
62 1063
63 938
64 1065
65 936
66 1067
67 934
68 1069
69 932
70 1071
71 930
72 1073
73 928
74 1075
75 926
76 1077
77 924
78 1079
79 922
80 1081
81 920
82 1083
83 918
84 1085
85 916
86 1087
87 914
88 1089
89 912
90 1091
91 910
92 1093
93 908
94 1095
95 906
96 1097
97 904
98 1099
99 902
100 1001
101 1000
102 1003
103 998
104 1005
105 996
106 1007
107 994
108 1009
109 992
110 1011
111 990
112 1013
113 988
114 1015
115 986
116 1017
117 984
118 1019
119 982
120 1021
121 980
122 1023
123 978
124 1025
125 976
126 1027
127 974
128 1029
129 972
130 1031
131 970
132 1033
133 968
134 1035
135 966
136 1037
137 964
138 1039
139 962
140 1041
141 960
142 1043
143 958
144 1045
145 956
146 1047
147 954
148 1049
149 952
150 1051
151 950
152 1053
153 948
154 1055
155 946
156 1057
157 944
158 1059
159 942
160 1061
161 940
162 1063
163 938
164 1065
165 936
166 1067
167 934
168 1069
169 932
170 1071
171 930
172 1073
173 928
174 1075
175 926
176 1077
177 924
178 1079
179 922
180 1081
181 920
182 1083
183 918
184 1085
185 916
186 1087
187 914
188 1089
189 912
190 1091
191 910
192 1093
193 908
194 1095
195 906
196 1097
197 904
198 1099
199 902
200 1001
201 1000
202 1003
203 998
204 1005
205 996
206 1007
207 994
208 1009
209 992
210 1011
211 990
212 1013
213 988
214 1015
215 986
216 1017
217 984
218 1019
219 982
220 1021
221 980
222 1023
223 978
224 1025
225 976
226 1027
227 974
228 1029
229 972
230 1031
231 970
232 1033
233 968
234 1035
235 966
236 1037
237 964
238 1039
239 962
240 1041
241 960
242 1043
243 958
244 1045
245 956
246 1047
247 954
248 1049
249 952
250 1051
251 950
252 1053
253 948
254 1055
255 946
256 1057
257 944
258 1059
259 942
260 1061
261 940
262 1063
263 938
264 1065
265 936
266 1067
267 934
268 1069
269 932
270 1071
271 930
272 1073
273 928
274 1075
275 926
276 1077
277 924
278 1079
279 922
280 1081
281 920
282 1083
283 918
284 1085
285 916
286 1087
287 914
288 1089
289 912
290 1091
291 910
292 1093
293 908
294 1095
295 906
296 1097
297 904
298 1099
299 902
300 1001
301 1000
302 1003
303 998
304 1005
305 996
306 1007
307 994
308 1009
309 992
310 1011
311 990
312 1013
313 988
314 1015
315 986
316 1017
317 984
318 1019
319 982
320 1021
321 980
322 1023
323 978
324 1025
325 976
326 1027
327 974
328 1029
329 972
330 1031
331 970
332 1033
333 968
334 1035
335 966
336 1037
337 964
338 1039
339 962
340 1041
341 960
342 1043
343 958
344 1045
345 956
346 1047
347 954
348 1049
349 952
350 1051
351 950
352 1053
353 948
354 1055
355 946
356 1057
357 944
358 1059
359 942
360 1061
361 940
362 1063
363 938
364 1065
365 936
366 1067
367 934
368 1069
369 932
370 1071
371 930
372 1073
373 928
374 1075
375 926
376 1077
377 924
378 1079
379 922
380 1081
381 920
382 1083
383 918
384 1085
385 916
386 1087
387 914
388 1089
389 912
390 1091
391 910
392 1093
393 908
394 1095
395 906
396 1097
397 904
398 1099
399 902
400 1001
401 1000
402 1003
403 998
404 1005
405 996
406 1007
407 994
408 1009
409 992
410 1011
411 990
412 1013
413 988
414 1015
415 986
416 1017
417 984
418 1019
419 982
420 1021
421 980
422 1023
423 978
424 1025
425 976
426 1027
427 974
428 1029
429 972
430 1031
431 970
432 1033
433 968
434 1035
435 966
436 1037
437 964
438 1039
439 962
440 1041
441 960
442 1043
443 958
444 1045
445 956
446 1047
447 954
448 1049
449 952
450 1051
451 950
452 1053
453 948
454 1055
455 946
456 1057
457 944
458 1059
459 942
460 1061
461 940
462 1063
463 938
464 1065
465 936
466 1067
467 934
468 1069
469 932
470 1071
471 930
472 1073
473 928
474 1075
475 926
476 1077
477 924
478 1079
479 922
480 1081
481 920
482 1083
483 918
484 1085
485 916
486 1087
487 914
488 1089
489 912
490 1091
491 910
492 1093
493 908
494 1095
495 906
496 1097
497 904
498 1099
499 902
500 1001
501 1000
502 1003
503 998
504 1005
505 996
506 1007
507 994
508 1009
509 992
510 1011
511 990
512 1013
513 988
514 1015
515 986
516 1017
517 984
518 1019
519 982
520 1021
521 980
522 1023
523 978
524 1025
525 976
526 1027
527 974
528 1029
529 972
530 1031
531 970
532 1033
533 968
534 1035
535 966
536 1037
537 964
538 1039
539 962
540 1041
541 960
542 1043
543 958
544 1045
545 956
546 1047
547 954
548 1049
549 952
550 1051
551 950
552 1053
553 948
554 1055
555 946
556 1057
557 944
558 1059
559 942
560 1061
561 940
562 1063
563 938
564 1065
565 936
566 1067
567 934
568 1069
569 932
570 1071
571 930
572 1073
573 928
574 1075
575 926
576 1077
577 924
578 1079
579 922
580 1081
581 920
582 1083
583 918
584 1085
585 916
586 1087
587 914
588 1089
589 912
590 1091
591 910
592 1093
593 908
594 1095
595 906
596 1097
597 904
598 1099
599 902
600 1001
601 1000
602 1003
603 998
604 1005
605 996
606 1007
607 994
608 1009
609 992
610 1011
611 990
612 1013
613 988
614 1015
615 986
616 1017
617 984
618 1019
619 982
620 1021
621 980
622 1023
623 978
624 1025
625 976
626 1027
627 974
628 1029
629 972
630 1031
631 970
632 1033
633 968
634 1035
635 966
636 1037
637 964
638 1039
639 962
640 1041
641 960
642 1043
643 958
644 1045
645 956
646 1047
647 954
648 1049
649 952
650 1051
651 950
652 1053
653 948
654 1055
655 946
656 1057
657 944
658 1059
659 942
660 1061
661 940
662 1063
663 938
664 1065
665 936
666 1067
667 934
668 1069
669 932
670 1071
671 930
672 1073
673 928
674 1075
675 926
676 1077
677 924
678 1079
679 922
680 1081
681 920
682 1083
683 918
684 1085
685 916
686 1087
687 914
688 1089
689 912
690 1091
691 910
692 1093
693 908
694 1095
695 906
696 1097
697 904
698 1099
699 902
700 1001
701 1000
702 1003
703 998
704 1005
705 996
706 1007
707 994
708 1009
709 992
710 1011
711 990
712 1013
713 988
714 1015
715 986
716 1017
717 984
718 1019
719 982
720 1021
721 980
722 1023
723 978
724 1025
725 976
726 1027
727 974
728 1029
729 972
730 1031
731 970
732 1033
733 968
734 1035
735 966
736 1037
737 964
738 1039
739 962
740 1041
741 960
742 1043
743 958
744 1045
745 956
746 1047
747 954
748 1049
749 952
750 1051
751 950
752 1053
753 948
754 1055
755 946
756 1057
757 944
758 1059
759 942
760 1061
761 940
762 1063
763 938
764 1065
765 936
766 1067
767 934
768 1069
769 932
770 1071
771 930
772 1073
773 928
774 1075
775 926
776 1077
777 924
778 1079
779 922
780 1081
781 920
782 1083
783 918
784 1085
785 916
786 1087
787 914
788 1089
789 912
790 1091
791 910
792 1093
793 908
794 1095
795 906
796 1097
797 904
798 1099
799 902
800 1001
801 1000
802 1003
803 998
804 1005
805 996
806 1007
807 994
808 1009
809 992
810 1011
811 990
812 1013
813 988
814 1015
815 986
816 1017
817 984
818 1019
819 982
820 1021
821 980
822 1023
823 978
824 1025
825 976
826 1027
827 974
828 1029
829 972
830 1031
831 970
832 1033
833 968
834 1035
835 966
836 1037
837 964
838 1039
839 962
840 1041
841 960
842 1043
843 958
844 1045
845 956
846 1047
847 954
848 1049
849 952
850 1051
851 950
852 1053
853 948
854 1055
855 946
856 1057
857 944
858 1059
859 942
860 1061
861 940
862 1063
863 938
864 1065
865 936
866 1067
867 934
868 1069
869 932
870 1071
871 930
872 1073
873 928
874 1075
875 926
876 1077
877 924
878 1079
879 922
880 1081
881 920
882 1083
883 918
884 1085
885 916
886 1087
887 914
888 1089
889 912
890 1091
891 910
892 1093
893 908
894 1095
895 906
896 1097
897 904
898 1099
899 902
900 1001
901 1000
902 1003
903 998
904 1005
905 996
906 1007
907 994
908 1009
909 992
910 1011
911 990
912 1013
913 988
914 1015
915 986
916 1017
917 984
918 1019
919 982
920 1021
921 980
922 1023
923 978
924 1025
925 976
926 1027
927 974
928 1029
929 972
930 1031
931 970
932 1033
933 968
934 1035
935 966
936 1037
937 964
938 1039
939 962
940 1041
941 960
942 1043
943 958
944 1045
945 956
946 1047
947 954
948 1049
949 952
950 1051
951 950
952 1053
953 948
954 1055
955 946
956 1057
957 944
958 1059
959 942
960 1061
961 940
962 1063
963 938
964 1065
965 936
966 1067
967 934
968 1069
969 932
970 1071
971 930
972 1073
973 928
974 1075
975 926
976 1077
977 924
978 1079
979 922
980 1081
981 920
982 1083
983 918
984 1085
985 916
986 1087
987 914
988 1089
989 912
990 1091
991 910
992 1093
993 908
994 1095
995 906
996 1097
997 904
998 1099
999 902
1000 1001
1001 1000
1002 1003
1003 998
1004 1005
1005 996
1006 1007
1007 994
1008 1009
1009 992
1010 1011
1011 990
1012 1013
1013 988
1014 1015
1015 986
1016 1017
1017 984
1018 1019
1019 982
1020 1021
1021 980
1022 1023
1023 978
1024 1025
1025 976
1026 1027
1027 974
1028 1029
1029 972
1030 1031
1031 970
1032 1033
1033 968
1034 1035
1035 966
1036 1037
1037 964
1038 1039
1039 962
1040 1041
1041 960
1042 1043
1043 958
1044 1045
1045 956
1046 1047
1047 954
1048 1049
1049 952
1050 1051
1051 950
1052 1053
1053 948
1054 1055
1055 946
1056 1057
1057 944
1058 1059
1059 942
1060 1061
1061 940
1062 1063
1063 938
1064 1065
1065 936
1066 1067
1067 934
1068 1069
1069 932
1070 1071
1071 930
1072 1073
1073 928
1074 1075
1075 926
1076 1077
1077 924
1078 1079
1079 922
1080 1081
1081 920
1082 1083
1083 918
1084 1085
1085 916
1086 1087
1087 914
1088 1089
1089 912
1090 1091
1091 910
1092 1093
1093 908
1094 1095
1095 906
1096 1097
1097 904
1098 1099
1099 902
1100 1001
1101 1000
1102 1003
1103 998
1104 1005
1105 996
1106 1007
1107 994
1108 1009
1109 992
1110 1011
1111 990
1112 1013
1113 988
1114 1015
1115 986
1116 1017
1117 984
1118 1019
1119 982
1120 1021
1121 980
1122 1023
1123 978
1124 1025
1125 976
1126 1027
1127 974
1128 1029
1129 972
1130 1031
1131 970
1132 1033
1133 968
1134 1035
1135 966
1136 1037
1137 964
1138 1039
1139 962
1140 1041
1141 960
1142 1043
1143 958
1144 1045
1145 956
1146 1047
1147 954
1148 1049
1149 952
1150 1051
1151 950
1152 1053
1153 948
1154 1055
1155 946
1156 1057
1157 944
1158 1059
1159 942
1160 1061
1161 940
1162 1063
1163 938
1164 1065
1165 936
1166 1067
1167 934
1168 1069
1169 932
1170 1071
1171 930
1172 1073
1173 928
1174 1075
1175 926
1176 1077
1177 924
1178 1079
1179 922
1180 1081
1181 920
1182 1083
1183 918
1184 1085
1185 916
1186 1087
1187 914
1188 1089
1189 912
1190 1091
1191 910
1192 1093
1193 908
1194 1095
1195 906
1196 1097
1197 904
1198 1099
1199 902
1200 1001
1201 1000
1202 1003
1203 998
1204 1005
1205 996
1206 1007
1207 994
1208 1009
1209 992
1210 1011
1211 990
1212 1013
1213 988
1214 1015
1215 986
1216 1017
1217 984
1218 1019
1219 982
1220 1021
1221 980
1222 1023
1223 978
1224 1025
1225 976
1226 1027
1227 974
1228 1029
1229 972
1230 1031
1231 970
1232 1033
1233 968
1234 1035
1235 966
1236 1037
1237 964
1238 1039
1239 962
1240 1041
1241 960
1242 1043
1243 958
1244 1045
1245 956
1246 1047
1247 954
1248 1049
1249 952
1250 1051
1251 950
1252 1053
1253 948
1254 1055
1255 946
1256 1057
1257 944
1258 1059
1259 942
1260 1061
1261 940
1262 1063
1263 938
1264 1065
1265 936
1266 1067
1267 934
1268 1069
1269 932
1270 1071
1271 930
1272 1073
1273 928
1274 1075
1275 926
1276 1077
1277 924
1278 1079
1279 922
1280 1081
1281 920
1282 1083
1283 918
1284 1085
1285 916
1286 1087
1287 914
1288 1089
1289 912
1290 1091
1291 910
1292 1093
1293 908
1294 1095
1295 906
1296 1097
1297 904
1298 1099
1299 902
1300 1001
1301 1000
1302 1003
1303 998
1304 1005
1305 996
1306 1007
1307 994
1308 1009
1309 992
1310 1011
1311 990
1312 1013
1313 988
1314 1015
1315 986
1316 1017
1317 984
1318 1019
1319 982
1320 1021
1321 980
1322 1023
1323 978
1324 1025
1325 976
1326 1027
1327 974
1328 1029
1329 972
1330 1031
1331 970
1332 1033
1333 968
1334 1035
1335 966
1336 1037
1337 964
1338 1039
1339 962
1340 1041
1341 960
1342 1043
1343 958
1344 1045
1345 956
1346 1047
1347 954
1348 1049
1349 952
1350 1051
1351 950
1352 1053
1353 948
1354 1055
1355 946
1356 1057
1357 944
1358 1059
1359 942
1360 1061
1361 940
1362 1063
1363 938
1364 1065
1365 936
1366 1067
1367 934
1368 1069
1369 932
1370 1071
1371 930
1372 1073
1373 928
1374 1075
1375 926
1376 1077
1377 924
1378 1079
1379 922
1380 1081
1381 920
1382 1083
1383 918
1384 1085
1385 916
1386 1087
1387 914
1388 1089
1389 912
1390 1091
1391 910
1392 1093
1393 908
1394 1095
1395 906
1396 1097
1397 904
1398 1099
1399 902
1400 1001
1401 1000
1402 1003
1403 998
1404 1005
1405 996
1406 1007
1407 994
1408 1009
1409 992
1410 1011
1411 990
1412 1013
1413 988
1414 1015
1415 986
1416 1017
1417 984
1418 1019
1419 982
1420 1021
1421 980
1422 1023
1423 978
1424 1025
1425 976
1426 1027
1427 974
1428 1029
1429 972
1430 1031
1431 970
1432 1033
1433 968
1434 1035
1435 966
1436 1037
1437 964
1438 1039
1439 962
1440 1041
1441 960
1442 1043
1443 958
1444 1045
1445 956
1446 1047
1447 954
1448 1049
1449 952
1450 1051
1451 950
1452 1053
1453 948
1454 1055
1455 946
1456 1057
1457 944
1458 1059
1459 942
1460 1061
1461 940
1462 1063
1463 938
1464 1065
1465 936
1466 1067
1467 934
1468 1069
1469 932
1470 1071
1471 930
1472 1073
1473 928
1474 1075
1475 926
1476 1077
1477 924
1478 1079
1479 922
1480 1081
1481 920
1482 1083
1483 918
1484 1085
1485 916
1486 1087
1487 914
1488 1089
1489 912
1490 1091
1491 910
1492 1093
1493 908
1494 1095
1495 906
1496 1097
1497 904
1498 1099
1499 902
1500 1001
1501 1000
1502 1003
1503 998
1504 1005
1505 996
1506 1007
1507 994
1508 1009
1509 992
1510 1011
1511 990
1512 1013
1513 988
1514 1015
1515 986
1516 1017
1517 984
1518 1019
1519 982
1520 1021
1521 980
1522 1023
1523 978
1524 1025
1525 976
1526 1027
1527 974
1528 1029
1529 972
1530 1031
1531 970
1532 1033
1533 968
1534 1035
1535 966
1536 1037
1537 964
1538 1039
1539 962
1540 1041
1541 960
1542 1043
1543 958
1544 1045
1545 956
1546 1047
1547 954
1548 1049
1549 952
1550 1051
1551 950
1552 1053
1553 948
1554 1055
1555 946
1556 1057
1557 944
1558 1059
1559 942
1560 1061
1561 940
1562 1063
1563 938
1564 1065
1565 936
1566 1067
1567 934
1568 1069
1569 932
1570 1071
1571 930
1572 1073
1573 928
1574 1075
1575 926
1576 1077
1577 924
1578 1079
1579 922
1580 1081
1581 920
1582 1083
1583 918
1584 1085
1585 916
1586 1087
1587 914
1588 1089
1589 912
1590 1091
1591 910
1592 1093
1593 908
1594 1095
1595 906
1596 1097
1597 904
1598 1099
1599 902
1600 1001
1601 1000
1602 1003
1603 998
1604 1005
1605 996
1606 1007
1607 994
1608 1009
1609 992
1610 1011
1611 990
1612 1013
1613 988
1614 1015
1615 986
1616 1017
1617 984
1618 1019
1619 982
1620 1021
1621 980
1622 1023
1623 978
1624 1025
1625 976
1626 1027
1627 974
1628 1029
1629 972
1630 1031
1631 970
1632 1033
1633 968
1634 1035
1635 966
1636 1037
1637 964
1638 1039
1639 962
1640 1041
1641 960
1642 1043
1643 958
1644 1045
1645 956
1646 1047
1647 954
1648 1049
1649 952
1650 1051
1651 950
1652 1053
1653 948
1654 1055
1655 946
1656 1057
1657 944
1658 1059
1659 942
1660 1061
1661 940
1662 1063
1663 938
1664 1065
1665 936
1666 1067
1667 934
1668 1069
1669 932
1670 1071
1671 930
1672 1073
1673 928
1674 1075
1675 926
1676 1077
1677 924
1678 1079
1679 922
1680 1081
1681 920
1682 1083
1683 918
1684 1085
1685 916
1686 1087
1687 914
1688 1089
1689 912
1690 1091
1691 910
1692 1093
1693 908
1694 1095
1695 906
1696 1097
1697 904
1698 1099
1699 902
1700 1001
1701 1000
1702 1003
1703 998
1704 1005
1705 996
1706 1007
1707 994
1708 1009
1709 992
1710 1011
1711 990
1712 1013
1713 988
1714 1015
1715 986
1716 1017
1717 984
1718 1019
1719 982
1720 1021
1721 980
1722 1023
1723 978
1724 1025
1725 976
1726 1027
1727 974
1728 1029
1729 972
1730 1031
1731 970
1732 1033
1733 968
1734 1035
1735 966
1736 1037
1737 964
1738 1039
1739 962
1740 1041
1741 960
1742 1043
1743 958
1744 1045
1745 956
1746 1047
1747 954
1748 1049
1749 952
1750 1051
1751 950
1752 1053
1753 948
1754 1055
1755 946
1756 1057
1757 944
1758 1059
1759 942
1760 1061
1761 940
1762 1063
1763 938
1764 1065
1765 936
1766 1067
1767 934
1768 1069
1769 932
1770 1071
1771 930
1772 1073
1773 928
1774 1075
1775 926
1776 1077
1777 924
1778 1079
1779 922
1780 1081
1781 920
1782 1083
1783 918
1784 1085
1785 916
1786 1087
1787 914
1788 1089
1789 912
1790 1091
1791 910
1792 1093
1793 908
1794 1095
1795 906
1796 1097
1797 904
1798 1099
1799 902
1800 1001
1801 1000
1802 1003
1803 998
1804 1005
1805 996
1806 1007
1807 994
1808 1009
1809 992
1810 1011
1811 990
1812 1013
1813 988
1814 1015
1815 986
1816 1017
1817 984
1818 1019
1819 982
1820 1021
1821 980
1822 1023
1823 978
1824 1025
1825 976
1826 1027
1827 974
1828 1029
1829 972
1830 1031
1831 970
1832 1033
1833 968
1834 1035
1835 966
1836 1037
1837 964
1838 1039
1839 962
1840 1041
1841 960
1842 1043
1843 958
1844 1045
1845 956
1846 1047
1847 954
1848 1049
1849 952
1850 1051
1851 950
1852 1053
1853 948
1854 1055
1855 946
1856 1057
1857 944
1858 1059
1859 942
1860 1061
1861 940
1862 1063
1863 938
1864 1065
1865 936
1866 1067
1867 934
1868 1069
1869 932
1870 1071
1871 930
1872 1073
1873 928
1874 1075
1875 926
1876 1077
1877 924
1878 1079
1879 922
1880 1081
1881 920
1882 1083
1883 918
1884 1085
1885 916
1886 1087
1887 914
1888 1089
1889 912
1890 1091
1891 910
1892 1093
1893 908
1894 1095
1895 906
1896 1097
1897 904
1898 1099
1899 902
1900 1001
1901 1000
1902 1003
1903 998
1904 1005
1905 996
1906 1007
1907 994
1908 1009
1909 992
1910 1011
1911 990
1912 1013
1913 988
1914 1015
1915 986
1916 1017
1917 984
1918 1019
1919 982
1920 1021
1921 980
1922 1023
1923 978
1924 1025
1925 976
1926 1027
1927 974
1928 1029
1929 972
1930 1031
1931 970
1932 1033
1933 968
1934 1035
1935 966
1936 1037
1937 964
1938 1039
1939 962
1940 1041
1941 960
1942 1043
1943 958
1944 1045
1945 956
1946 1047
1947 954
1948 1049
1949 952
1950 1051
1951 950
1952 1053
1953 948
1954 1055
1955 946
1956 1057
1957 944
1958 1059
1959 942
1960 1061
1961 940
1962 1063
1963 938
1964 1065
1965 936
1966 1067
1967 934
1968 1069
1969 932
1970 1071
1971 930
1972 1073
1973 928
1974 1075
1975 926
1976 1077
1977 924
1978 1079
1979 922
1980 1081
1981 920
1982 1083
1983 918
1984 1085
1985 916
1986 1087
1987 914
1988 1089
1989 912
1990 1091
1991 910
1992 1093
1993 908
1994 1095
1995 906
1996 1097
1997 904
1998 1099
1999 902
2000 1001
2001 1000
2002 1003
2003 998
2004 1005
2005 996
2006 1007
2007 994
2008 1009
2009 992
2010 1011
2011 990
2012 1013
2013 988
2014 1015
2015 986
2016 1017
2017 984
2018 1019
2019 982
2020 1021
2021 980
2022 1023
2023 978
2024 1025
2025 976
2026 1027
2027 974
2028 1029
2029 972
2030 1031
2031 970
2032 1033
2033 968
2034 1035
2035 966
2036 1037
2037 964
2038 1039
2039 962
2040 1041
2041 960
2042 1043
2043 958
2044 1045
2045 956
2046 1047
2047 954
2048 1049
2049 952
2050 1051
2051 950
2052 1053
2053 948
2054 1055
2055 946
2056 1057
2057 944
2058 1059
2059 942
2060 1061
2061 940
2062 1063
2063 938
2064 1065
2065 936
2066 1067
2067 934
2068 1069
2069 932
2070 1071
2071 930
2072 1073
2073 928
2074 1075
2075 926
2076 1077
2077 924
2078 1079
2079 922
2080 1081
2081 920
2082 1083
2083 918
2084 1085
2085 916
2086 1087
2087 914
2088 1089
2089 912
2090 1091
2091 910
2092 1093
2093 908
2094 1095
2095 906
2096 1097
2097 904
2098 1099
2099 902
2100 1001
2101 1000
2102 1003
2103 998
2104 1005
2105 996
2106 1007
2107 994
2108 1009
2109 992
2110 1011
2111 990
2112 1013
2113 988
2114 1015
2115 986
2116 1017
2117 984
2118 1019
2119 982
2120 1021
2121 980
2122 1023
2123 978
2124 1025
2125 976
2126 1027
2127 974
2128 1029
2129 972
2130 1031
2131 970
2132 1033
2133 968
2134 1035
2135 966
2136 1037
2137 964
2138 1039
2139 962
2140 1041
2141 960
2142 1043
2143 958
2144 1045
2145 956
2146 1047
2147 954
2148 1049
2149 952
2150 1051
2151 950
2152 1053
2153 948
2154 1055
2155 946
2156 1057
2157 944
2158 1059
2159 942
2160 1061
2161 940
2162 1063
2163 938
2164 1065
2165 936
2166 1067
2167 934
2168 1069
2169 932
2170 1071
2171 930
2172 1073
2173 928
2174 1075
2175 926
2176 1077
2177 924
2178 1079
2179 922
2180 1081
2181 920
2182 1083
2183 918
2184 1085
2185 916
2186 1087
2187 914
2188 1089
2189 912
2190 1091
2191 910
2192 1093
2193 908
2194 1095
2195 906
2196 1097
2197 904
2198 1099
2199 902
2200 1001
2201 1000
2202 1003
2203 998
2204 1005
2205 996
2206 1007
2207 994
2208 1009
2209 992
2210 1011
2211 990
2212 1013
2213 988
2214 1015
2215 986
2216 1017
2217 984
2218 1019
2219 982
2220 1021
2221 980
2222 1023
2223 978
2224 1025
2225 976
2226 1027
2227 974
2228 1029
2229 972
2230 1031
2231 970
2232 1033
2233 968
2234 1035
2235 966
2236 1037
2237 964
2238 1039
2239 962
2240 1041
2241 960
2242 1043
2243 958
2244 1045
2245 956
2246 1047
2247 954
2248 1049
2249 952
2250 1051
2251 950
2252 1053
2253 948
2254 1055
2255 946
2256 1057
2257 944
2258 1059
2259 942
2260 1061
2261 940
2262 1063
2263 938
2264 1065
2265 936
2266 1067
2267 934
2268 1069
2269 932
2270 1071
2271 930
2272 1073
2273 928
2274 1075
2275 926
2276 1077
2277 924
2278 1079
2279 922
2280 1081
2281 920
2282 1083
2283 918
2284 1085
2285 916
2286 1087
2287 914
2288 1089
2289 912
2290 1091
2291 910
2292 1093
2293 908
2294 1095
2295 906
2296 1097
2297 904
2298 1099
2299 902
2300 1001
2301 1000
2302 1003
2303 998
2304 1005
2305 996
2306 1007
2307 994
2308 1009
2309 992
2310 1011
2311 990
2312 1013
2313 988
2314 1015
2315 986
2316 1017
2317 984
2318 1019
2319 982
2320 1021
2321 980
2322 1023
2323 978
2324 1025
2325 976
2326 1027
2327 974
2328 1029
2329 972
2330 1031
2331 970
2332 1033
2333 968
2334 1035
2335 966
2336 1037
2337 964
2338 1039
2339 962
2340 1041
2341 960
2342 1043
2343 958
2344 1045
2345 956
2346 1047
2347 954
2348 1049
2349 952
2350 1051
2351 950
2352 1053
2353 948
2354 1055
2355 946
2356 1057
2357 944
2358 1059
2359 942
2360 1061
2361 940
2362 1063
2363 938
2364 1065
2365 936
2366 1067
2367 934
2368 1069
2369 932
2370 1071
2371 930
2372 1073
2373 928
2374 1075
2375 926
2376 1077
2377 924
2378 1079
2379 922
2380 1081
2381 920
2382 1083
2383 918
2384 1085
2385 916
2386 1087
2387 914
2388 1089
2389 912
2390 1091
2391 910
2392 1093
2393 908
2394 1095
2395 906
2396 1097
2397 904
2398 1099
2399 902
2400 1001
2401 1000
2402 1003
2403 998
2404 1005
2405 996
2406 1007
2407 994
2408 1009
2409 992
2410 1011
2411 990
2412 1013
2413 988
2414 1015
2415 986
2416 1017
2417 984
2418 1019
2419 982
2420 1021
2421 980
2422 1023
2423 978
2424 1025
2425 976
2426 1027
2427 974
2428 1029
2429 972
2430 1031
2431 970
2432 1033
2433 968
2434 1035
2435 966
2436 1037
2437 964
2438 1039
2439 962
2440 1041
2441 960
2442 1043
2443 958
2444 1045
2445 956
2446 1047
2447 954
2448 1049
2449 952
2450 1051
2451 950
2452 1053
2453 948
2454 1055
2455 946
2456 1057
2457 944
2458 1059
2459 942
2460 1061
2461 940
2462 1063
2463 938
2464 1065
2465 936
2466 1067
2467 934
2468 1069
2469 932
2470 1071
2471 930
2472 1073
2473 928
2474 1075
2475 926
2476 1077
2477 924
2478 1079
2479 922
2480 1081
2481 920
2482 1083
2483 918
2484 1085
2485 916
2486 1087
2487 914
2488 1089
2489 912
2490 1091
2491 910
2492 1093
2493 908
2494 1095
2495 906
2496 1097
2497 904
2498 1099
2499 902
2500 1001
2501 1000
2502 1003
2503 998
2504 1005
2505 996
2506 1007
2507 994
2508 1009
2509 992
2510 1011
2511 990
2512 1013
2513 988
2514 1015
2515 986
2516 1017
2517 984
2518 1019
2519 982
2520 1021
2521 980
2522 1023
2523 978
2524 1025
2525 976
2526 1027
2527 974
2528 1029
2529 972
2530 1031
2531 970
2532 1033
2533 968
2534 1035
2535 966
2536 1037
2537 964
2538 1039
2539 962
2540 1041
2541 960
2542 1043
2543 958
2544 1045
2545 956
2546 1047
2547 954
2548 1049
2549 952
2550 1051
2551 950
2552 1053
2553 948
2554 1055
2555 946
2556 1057
2557 944
2558 1059
2559 942
2560 1061
2561 940
2562 1063
2563 938
2564 1065
2565 936
2566 1067
2567 934
2568 1069
2569 932
2570 1071
2571 930
2572 1073
2573 928
2574 1075
2575 926
2576 1077
2577 924
2578 1079
2579 922
2580 1081
2581 920
2582 1083
2583 918
2584 1085
2585 916
2586 1087
2587 914
2588 1089
2589 912
2590 1091
2591 910
2592 1093
2593 908
2594 1095
2595 906
2596 1097
2597 904
2598 1099
2599 902
2600 1001
2601 1000
2602 1003
2603 998
2604 1005
2605 996
2606 1007
2607 994
2608 1009
2609 992
2610 1011
2611 990
2612 1013
2613 988
2614 1015
2615 986
2616 1017
2617 984
2618 1019
2619 982
2620 1021
2621 980
2622 1023
2623 978
2624 1025
2625 976
2626 1027
2627 974
2628 1029
2629 972
2630 1031
2631 970
2632 1033
2633 968
2634 1035
2635 966
2636 1037
2637 964
2638 1039
2639 962
2640 1041
2641 960
2642 1043
2643 958
2644 1045
2645 956
2646 1047
2647 954
2648 1049
2649 952
2650 1051
2651 950
2652 1053
2653 948
2654 1055
2655 946
2656 1057
2657 944
2658 1059
2659 942
2660 1061
2661 940
2662 1063
2663 938
2664 1065
2665 936
2666 1067
2667 934
2668 1069
2669 932
2670 1071
2671 930
2672 1073
2673 928
2674 1075
2675 926
2676 1077
2677 924
2678 1079
2679 922
2680 1081
2681 920
2682 1083
2683 918
2684 1085
2685 916
2686 1087
2687 914
2688 1089
2689 912
2690 1091
2691 910
2692 1093
2693 908
2694 1095
2695 906
2696 1097
2697 904
2698 1099
2699 902
2700 1001
2701 1000
2702 1003
2703 998
2704 1005
2705 996
2706 1007
2707 994
2708 1009
2709 992
2710 1011
2711 990
2712 1013
2713 988
2714 1015
2715 986
2716 1017
2717 984
2718 1019
2719 982
2720 1021
2721 980
2722 1023
2723 978
2724 1025
2725 976
2726 1027
2727 974
2728 1029
2729 972
2730 1031
2731 970
2732 1033
2733 968
2734 1035
2735 966
2736 1037
2737 964
2738 1039
2739 962
2740 1041
2741 960
2742 1043
2743 958
2744 1045
2745 956
2746 1047
2747 954
2748 1049
2749 952
2750 1051
2751 950
2752 1053
2753 948
2754 1055
2755 946
2756 1057
2757 944
2758 1059
2759 942
2760 1061
2761 940
2762 1063
2763 938
2764 1065
2765 936
2766 1067
2767 934
2768 1069
2769 932
2770 1071
2771 930
2772 1073
2773 928
2774 1075
2775 926
2776 1077
2777 924
2778 1079
2779 922
2780 1081
2781 920
2782 1083
2783 918
2784 1085
2785 916
2786 1087
2787 914
2788 1089
2789 912
2790 1091
2791 910
2792 1093
2793 908
2794 1095
2795 906
2796 1097
2797 904
2798 1099
2799 902
2800 1001
2801 1000
2802 1003
2803 998
2804 1005
2805 996
2806 1007
2807 994
2808 1009
2809 992
2810 1011
2811 990
2812 1013
2813 988
2814 1015
2815 986
2816 1017
2817 984
2818 1019
2819 982
2820 1021
2821 980
2822 1023
2823 978
2824 1025
2825 976
2826 1027
2827 974
2828 1029
2829 972
2830 1031
2831 970
2832 1033
2833 968
2834 1035
2835 966
2836 1037
2837 964
2838 1039
2839 962
2840 1041
2841 960
2842 1043
2843 958
2844 1045
2845 956
2846 1047
2847 954
2848 1049
2849 952
2850 1051
2851 950
2852 1053
2853 948
2854 1055
2855 946
2856 1057
2857 944
2858 1059
2859 942
2860 1061
2861 940
2862 1063
2863 938
2864 1065
2865 936
2866 1067
2867 934
2868 1069
2869 932
2870 1071
2871 930
2872 1073
2873 928
2874 1075
2875 926
2876 1077
2877 924
2878 1079
2879 922
2880 1081
2881 920
2882 1083
2883 918
2884 1085
2885 916
2886 1087
2887 914
2888 1089
2889 912
2890 1091
2891 910
2892 1093
2893 908
2894 1095
2895 906
2896 1097
2897 904
2898 1099
2899 902
2900 1001
2901 1000
2902 1003
2903 998
2904 1005
2905 996
2906 1007
2907 994
2908 1009
2909 992
2910 1011
2911 990
2912 1013
2913 988
2914 1015
2915 986
2916 1017
2917 984
2918 1019
2919 982
2920 1021
2921 980
2922 1023
2923 978
2924 1025
2925 976
2926 1027
2927 974
2928 1029
2929 972
2930 1031
2931 970
2932 1033
2933 968
2934 1035
2935 966
2936 1037
2937 964
2938 1039
2939 962
2940 1041
2941 960
2942 1043
2943 958
2944 1045
2945 956
2946 1047
2947 954
2948 1049
2949 952
2950 1051
2951 950
2952 1053
2953 948
2954 1055
2955 946
2956 1057
2957 944
2958 1059
2959 942
2960 1061
2961 940
2962 1063
2963 938
2964 1065
2965 936
2966 1067
2967 934
2968 1069
2969 932
2970 1071
2971 930
2972 1073
2973 928
2974 1075
2975 926
2976 1077
2977 924
2978 1079
2979 922
2980 1081
2981 920
2982 1083
2983 918
2984 1085
2985 916
2986 1087
2987 914
2988 1089
2989 912
2990 1091
2991 910
2992 1093
2993 908
2994 1095
2995 906
2996 1097
2997 904
2998 1099
2999 902
3000 1001
3001 1000
3002 1003
3003 998
3004 1005
3005 996
3006 1007
3007 994
3008 1009
3009 992
3010 1011
3011 990
3012 1013
3013 988
3014 1015
3015 986
3016 1017
3017 984
3018 1019
3019 982
3020 1021
3021 980
3022 1023
3023 978
3024 1025
3025 976
3026 1027
3027 974
3028 1029
3029 972
3030 1031
3031 970
3032 1033
3033 968
3034 1035
3035 966
3036 1037
3037 964
3038 1039
3039 962
3040 1041
3041 960
3042 1043
3043 958
3044 1045
3045 956
3046 1047
3047 954
3048 1049
3049 952
3050 1051
3051 950
3052 1053
3053 948
3054 1055
3055 946
3056 1057
3057 944
3058 1059
3059 942
3060 1061
3061 940
3062 1063
3063 938
3064 1065
3065 936
3066 1067
3067 934
3068 1069
3069 932
3070 1071
3071 930
3072 1073
3073 928
3074 1075
3075 926
3076 1077
3077 924
3078 1079
3079 922
3080 1081
3081 920
3082 1083
3083 918
3084 1085
3085 916
3086 1087
3087 914
3088 1089
3089 912
3090 1091
3091 910
3092 1093
3093 908
3094 1095
3095 906
3096 1097
3097 904
3098 1099
3099 902
3100 1001
3101 1000
3102 1003
3103 998
3104 1005
3105 996
3106 1007
3107 994
3108 1009
3109 992
3110 1011
3111 990
3112 1013
3113 988
3114 1015
3115 986
3116 1017
3117 984
3118 1019
3119 982
3120 1021
3121 980
3122 1023
3123 978
3124 1025
3125 976
3126 1027
3127 974
3128 1029
3129 972
3130 1031
3131 970
3132 1033
3133 968
3134 1035
3135 966
3136 1037
3137 964
3138 1039
3139 962
3140 1041
3141 960
3142 1043
3143 958
3144 1045
3145 956
3146 1047
3147 954
3148 1049
3149 952
3150 1051
3151 950
3152 1053
3153 948
3154 1055
3155 946
3156 1057
3157 944
3158 1059
3159 942
3160 1061
3161 940
3162 1063
3163 938
3164 1065
3165 936
3166 1067
3167 934
3168 1069
3169 932
3170 1071
3171 930
3172 1073
3173 928
3174 1075
3175 926
3176 1077
3177 924
3178 1079
3179 922
3180 1081
3181 920
3182 1083
3183 918
3184 1085
3185 916
3186 1087
3187 914
3188 1089
3189 912
3190 1091
3191 910
3192 1093
3193 908
3194 1095
3195 906
3196 1097
3197 904
3198 1099
3199 902
3200 1001
3201 1000
3202 1003
3203 998
3204 1005
3205 996
3206 1007
3207 994
3208 1009
3209 992
3210 1011
3211 990
3212 1013
3213 988
3214 1015
3215 986
3216 1017
3217 984
3218 1019
3219 982
3220 1021
3221 980
3222 1023
3223 978
3224 1025
3225 976
3226 1027
3227 974
3228 1029
3229 972
3230 1031
3231 970
3232 1033
3233 968
3234 1035
3235 966
3236 1037
3237 964
3238 1039
3239 962
3240 1041
3241 960
3242 1043
3243 958
3244 1045
3245 956
3246 1047
3247 954
3248 1049
3249 952
3250 1051
3251 950
3252 1053
3253 948
3254 1055
3255 946
3256 1057
3257 944
3258 1059
3259 942
3260 1061
3261 940
3262 1063
3263 938
3264 1065
3265 936
3266 1067
3267 934
3268 1069
3269 932
3270 1071
3271 930
3272 1073
3273 928
3274 1075
3275 926
3276 1077
3277 924
3278 1079
3279 922
3280 1081
3281 920
3282 1083
3283 918
3284 1085
3285 916
3286 1087
3287 914
3288 1089
3289 912
3290 1091
3291 910
3292 1093
3293 908
3294 1095
3295 906
3296 1097
3297 904
3298 1099
3299 902
3300 1001
3301 1000
3302 1003
3303 998
3304 1005
3305 996
3306 1007
3307 994
3308 1009
3309 992
3310 1011
3311 990
3312 1013
3313 988
3314 1015
3315 986
3316 1017
3317 984
3318 1019
3319 982
3320 1021
3321 980
3322 1023
3323 978
3324 1025
3325 976
3326 1027
3327 974
3328 1029
3329 972
3330 1031
3331 970
3332 1033
3333 968
3334 1035
3335 966
3336 1037
3337 964
3338 1039
3339 962
3340 1041
3341 960
3342 1043
3343 958
3344 1045
3345 956
3346 1047
3347 954
3348 1049
3349 952
3350 1051
3351 950
3352 1053
3353 948
3354 1055
3355 946
3356 1057
3357 944
3358 1059
3359 942
3360 1061
3361 940
3362 1063
3363 938
3364 1065
3365 936
3366 1067
3367 934
3368 1069
3369 932
3370 1071
3371 930
3372 1073
3373 928
3374 1075
3375 926
3376 1077
3377 924
3378 1079
3379 922
3380 1081
3381 920
3382 1083
3383 918
3384 1085
3385 916
3386 1087
3387 914
3388 1089
3389 912
3390 1091
3391 910
3392 1093
3393 908
3394 1095
3395 906
3396 1097
3397 904
3398 1099
3399 902
3400 1001
3401 1000
3402 1003
3403 998
3404 1005
3405 996
3406 1007
3407 994
3408 1009
3409 992
3410 1011
3411 990
3412 1013
3413 988
3414 1015
3415 986
3416 1017
3417 984
3418 1019
3419 982
3420 1021
3421 980
3422 1023
3423 978
3424 1025
3425 976
3426 1027
3427 974
3428 1029
3429 972
3430 1031
3431 970
3432 1033
3433 968
3434 1035
3435 966
3436 1037
3437 964
3438 1039
3439 962
3440 1041
3441 960
3442 1043
3443 958
3444 1045
3445 956
3446 1047
3447 954
3448 1049
3449 952
3450 1051
3451 950
3452 1053
3453 948
3454 1055
3455 946
3456 1057
3457 944
3458 1059
3459 942
3460 1061
3461 940
3462 1063
3463 938
3464 1065
3465 936
3466 1067
3467 934
3468 1069
3469 932
3470 1071
3471 930
3472 1073
3473 928
3474 1075
3475 926
3476 1077
3477 924
3478 1079
3479 922
3480 1081
3481 920
3482 1083
3483 918
3484 1085
3485 916
3486 1087
3487 914
3488 1089
3489 912
3490 1091
3491 910
3492 1093
3493 908
3494 1095
3495 906
3496 1097
3497 904
3498 1099
3499 902
3500 1001
3501 1000
3502 1003
3503 998
3504 1005
3505 996
3506 1007
3507 994
3508 1009
3509 992
3510 1011
3511 990
3512 1013
3513 988
3514 1015
3515 986
3516 1017
3517 984
3518 1019
3519 982
3520 1021
3521 980
3522 1023
3523 978
3524 1025
3525 976
3526 1027
3527 974
3528 1029
3529 972
3530 1031
3531 970
3532 1033
3533 968
3534 1035
3535 966
3536 1037
3537 964
3538 1039
3539 962
3540 1041
3541 960
3542 1043
3543 958
3544 1045
3545 956
3546 1047
3547 954
3548 1049
3549 952
3550 1051
3551 950
3552 1053
3553 948
3554 1055
3555 946
3556 1057
3557 944
3558 1059
3559 942
3560 1061
3561 940
3562 1063
3563 938
3564 1065
3565 936
3566 1067
3567 934
3568 1069
3569 932
3570 1071
3571 930
3572 1073
3573 928
3574 1075
3575 926
3576 1077
3577 924
3578 1079
3579 922
3580 1081
3581 920
3582 1083
3583 918
3584 1085
3585 916
3586 1087
3587 914
3588 1089
3589 912
3590 1091
3591 910
3592 1093
3593 908
3594 1095
3595 906
3596 1097
3597 904
3598 1099
3599 902
3600 1001
3601 1000
3602 1003
3603 998
3604 1005
3605 996
3606 1007
3607 994
3608 1009
3609 992
3610 1011
3611 990
3612 1013
3613 988
3614 1015
3615 986
3616 1017
3617 984
3618 1019
3619 982
3620 1021
3621 980
3622 1023
3623 978
3624 1025
3625 976
3626 1027
3627 974
3628 1029
3629 972
3630 1031
3631 970
3632 1033
3633 968
3634 1035
3635 966
3636 1037
3637 964
3638 1039
3639 962
3640 1041
3641 960
3642 1043
3643 958
3644 1045
3645 956
3646 1047
3647 954
3648 1049
3649 952
3650 1051
3651 950
3652 1053
3653 948
3654 1055
3655 946
3656 1057
3657 944
3658 1059
3659 942
3660 1061
3661 940
3662 1063
3663 938
3664 1065
3665 936
3666 1067
3667 934
3668 1069
3669 932
3670 1071
3671 930
3672 1073
3673 928
3674 1075
3675 926
3676 1077
3677 924
3678 1079
3679 922
3680 1081
3681 920
3682 1083
3683 918
3684 1085
3685 916
3686 1087
3687 914
3688 1089
3689 912
3690 1091
3691 910
3692 1093
3693 908
3694 1095
3695 906
3696 1097
3697 904
3698 1099
3699 902
3700 1001
3701 1000
3702 1003
3703 998
3704 1005
3705 996
3706 1007
3707 994
3708 1009
3709 992
3710 1011
3711 990
3712 1013
3713 988
3714 1015
3715 986
3716 1017
3717 984
3718 1019
3719 982
3720 1021
3721 980
3722 1023
3723 978
3724 1025
3725 976
3726 1027
3727 974
3728 1029
3729 972
3730 1031
3731 970
3732 1033
3733 968
3734 1035
3735 966
3736 1037
3737 964
3738 1039
3739 962
3740 1041
3741 960
3742 1043
3743 958
3744 1045
3745 956
3746 1047
3747 954
3748 1049
3749 952
3750 1051
3751 950
3752 1053
3753 948
3754 1055
3755 946
3756 1057
3757 944
3758 1059
3759 942
3760 1061
3761 940
3762 1063
3763 938
3764 1065
3765 936
3766 1067
3767 934
3768 1069
3769 932
3770 1071
3771 930
3772 1073
3773 928
3774 1075
3775 926
3776 1077
3777 924
3778 1079
3779 922
3780 1081
3781 920
3782 1083
3783 918
3784 1085
3785 916
3786 1087
3787 914
3788 1089
3789 912
3790 1091
3791 910
3792 1093
3793 908
3794 1095
3795 906
3796 1097
3797 904
3798 1099
3799 902
3800 1001
3801 1000
3802 1003
3803 998
3804 1005
3805 996
3806 1007
3807 994
3808 1009
3809 992
3810 1011
3811 990
3812 1013
3813 988
3814 1015
3815 986
3816 1017
3817 984
3818 1019
3819 982
3820 1021
3821 980
3822 1023
3823 978
3824 1025
3825 976
3826 1027
3827 974
3828 1029
3829 972
3830 1031
3831 970
3832 1033
3833 968
3834 1035
3835 966
3836 1037
3837 964
3838 1039
3839 962
3840 1041
3841 960
3842 1043
3843 958
3844 1045
3845 956
3846 1047
3847 954
3848 1049
3849 952
3850 1051
3851 950
3852 1053
3853 948
3854 1055
3855 946
3856 1057
3857 944
3858 1059
3859 942
3860 1061
3861 940
3862 1063
3863 938
3864 1065
3865 936
3866 1067
3867 934
3868 1069
3869 932
3870 1071
3871 930
3872 1073
3873 928
3874 1075
3875 926
3876 1077
3877 924
3878 1079
3879 922
3880 1081
3881 920
3882 1083
3883 918
3884 1085
3885 916
3886 1087
3887 914
3888 1089
3889 912
3890 1091
3891 910
3892 1093
3893 908
3894 1095
3895 906
3896 1097
3897 904
3898 1099
3899 902
3900 1001
3901 1000
3902 1003
3903 998
3904 1005
3905 996
3906 1007
3907 994
3908 1009
3909 992
3910 1011
3911 990
3912 1013
3913 988
3914 1015
3915 986
3916 1017
3917 984
3918 1019
3919 982
3920 1021
3921 980
3922 1023
3923 978
3924 1025
3925 976
3926 1027
3927 974
3928 1029
3929 972
3930 1031
3931 970
3932 1033
3933 968
3934 1035
3935 966
3936 1037
3937 964
3938 1039
3939 962
3940 1041
3941 960
3942 1043
3943 958
3944 1045
3945 956
3946 1047
3947 954
3948 1049
3949 952
3950 1051
3951 950
3952 1053
3953 948
3954 1055
3955 946
3956 1057
3957 944
3958 1059
3959 942
3960 1061
3961 940
3962 1063
3963 938
3964 1065
3965 936
3966 1067
3967 934
3968 1069
3969 932
3970 1071
3971 930
3972 1073
3973 928
3974 1075
3975 926
3976 1077
3977 924
3978 1079
3979 922
3980 1081
3981 920
3982 1083
3983 918
3984 1085
3985 916
3986 1087
3987 914
3988 1089
3989 912
3990 1091
3991 910
3992 1093
3993 908
3994 1095
3995 906
3996 1097
3997 904
3998 1099
3999 902
4000 1001
4001 1000
4002 1003
4003 998
4004 1005
4005 996
4006 1007
4007 994
4008 1009
4009 992
4010 1011
4011 990
4012 1013
4013 988
4014 1015
4015 986
4016 1017
4017 984
4018 1019
4019 982
4020 1021
4021 980
4022 1023
4023 978
4024 1025
4025 976
4026 1027
4027 974
4028 1029
4029 972
4030 1031
4031 970
4032 1033
4033 968
4034 1035
4035 966
4036 1037
4037 964
4038 1039
4039 962
4040 1041
4041 960
4042 1043
4043 958
4044 1045
4045 956
4046 1047
4047 954
4048 1049
4049 952
4050 1051
4051 950
4052 1053
4053 948
4054 1055
4055 946
4056 1057
4057 944
4058 1059
4059 942
4060 1061
4061 940
4062 1063
4063 938
4064 1065
4065 936
4066 1067
4067 934
4068 1069
4069 932
4070 1071
4071 930
4072 1073
4073 928
4074 1075
4075 926
4076 1077
4077 924
4078 1079
4079 922
4080 1081
4081 920
4082 1083
4083 918
4084 1085
4085 916
4086 1087
4087 914
4088 1089
4089 912
4090 1091
4091 910
4092 1093
4093 908
4094 1095
4095 906
4096 1097
4097 904
4098 1099
4099 902
4100 1001
4101 1000
4102 1003
4103 998
4104 1005
4105 996
4106 1007
4107 994
4108 1009
4109 992
4110 1011
4111 990
4112 1013
4113 988
4114 1015
4115 986
4116 1017
4117 984
4118 1019
4119 982
4120 1021
4121 980
4122 1023
4123 978
4124 1025
4125 976
4126 1027
4127 974
4128 1029
4129 972
4130 1031
4131 970
4132 1033
4133 968
4134 1035
4135 966
4136 1037
4137 964
4138 1039
4139 962
4140 1041
4141 960
4142 1043
4143 958
4144 1045
4145 956
4146 1047
4147 954
4148 1049
4149 952
4150 1051
4151 950
4152 1053
4153 948
4154 1055
4155 946
4156 1057
4157 944
4158 1059
4159 942
4160 1061
4161 940
4162 1063
4163 938
4164 1065
4165 936
4166 1067
4167 934
4168 1069
4169 932
4170 1071
4171 930
4172 1073
4173 928
4174 1075
4175 926
4176 1077
4177 924
4178 1079
4179 922
4180 1081
4181 920
4182 1083
4183 918
4184 1085
4185 916
4186 1087
4187 914
4188 1089
4189 912
4190 1091
4191 910
4192 1093
4193 908
4194 1095
4195 906
4196 1097
4197 904
4198 1099
4199 902
4200 1001
4201 1000
4202 1003
4203 998
4204 1005
4205 996
4206 1007
4207 994
4208 1009
4209 992
4210 1011
4211 990
4212 1013
4213 988
4214 1015
4215 986
4216 1017
4217 984
4218 1019
4219 982
4220 1021
4221 980
4222 1023
4223 978
4224 1025
4225 976
4226 1027
4227 974
4228 1029
4229 972
4230 1031
4231 970
4232 1033
4233 968
4234 1035
4235 966
4236 1037
4237 964
4238 1039
4239 962
4240 1041
4241 960
4242 1043
4243 958
4244 1045
4245 956
4246 1047
4247 954
4248 1049
4249 952
4250 1051
4251 950
4252 1053
4253 948
4254 1055
4255 946
4256 1057
4257 944
4258 1059
4259 942
4260 1061
4261 940
4262 1063
4263 938
4264 1065
4265 936
4266 1067
4267 934
4268 1069
4269 932
4270 1071
4271 930
4272 1073
4273 928
4274 1075
4275 926
4276 1077
4277 924
4278 1079
4279 922
4280 1081
4281 920
4282 1083
4283 918
4284 1085
4285 916
4286 1087
4287 914
4288 1089
4289 912
4290 1091
4291 910
4292 1093
4293 908
4294 1095
4295 906
4296 1097
4297 904
4298 1099
4299 902
4300 1001
4301 1000
4302 1003
4303 998
4304 1005
4305 996
4306 1007
4307 994
4308 1009
4309 992
4310 1011
4311 990
4312 1013
4313 988
4314 1015
4315 986
4316 1017
4317 984
4318 1019
4319 982
4320 1021
4321 980
4322 1023
4323 978
4324 1025
4325 976
4326 1027
4327 974
4328 1029
4329 972
4330 1031
4331 970
4332 1033
4333 968
4334 1035
4335 966
4336 1037
4337 964
4338 1039
4339 962
4340 1041
4341 960
4342 1043
4343 958
4344 1045
4345 956
4346 1047
4347 954
4348 1049
4349 952
4350 1051
4351 950
4352 1053
4353 948
4354 1055
4355 946
4356 1057
4357 944
4358 1059
4359 942
4360 1061
4361 940
4362 1063
4363 938
4364 1065
4365 936
4366 1067
4367 934
4368 1069
4369 932
4370 1071
4371 930
4372 1073
4373 928
4374 1075
4375 926
4376 1077
4377 924
4378 1079
4379 922
4380 1081
4381 920
4382 1083
4383 918
4384 1085
4385 916
4386 1087
4387 914
4388 1089
4389 912
4390 1091
4391 910
4392 1093
4393 908
4394 1095
4395 906
4396 1097
4397 904
4398 1099
4399 902
4400 1001
4401 1000
4402 1003
4403 998
4404 1005
4405 996
4406 1007
4407 994
4408 1009
4409 992
4410 1011
4411 990
4412 1013
4413 988
4414 1015
4415 986
4416 1017
4417 984
4418 1019
4419 982
4420 1021
4421 980
4422 1023
4423 978
4424 1025
4425 976
4426 1027
4427 974
4428 1029
4429 972
4430 1031
4431 970
4432 1033
4433 968
4434 1035
4435 966
4436 1037
4437 964
4438 1039
4439 962
4440 1041
4441 960
4442 1043
4443 958
4444 1045
4445 956
4446 1047
4447 954
4448 1049
4449 952
4450 1051
4451 950
4452 1053
4453 948
4454 1055
4455 946
4456 1057
4457 944
4458 1059
4459 942
4460 1061
4461 940
4462 1063
4463 938
4464 1065
4465 936
4466 1067
4467 934
4468 1069
4469 932
4470 1071
4471 930
4472 1073
4473 928
4474 1075
4475 926
4476 1077
4477 924
4478 1079
4479 922
4480 1081
4481 920
4482 1083
4483 918
4484 1085
4485 916
4486 1087
4487 914
4488 1089
4489 912
4490 1091
4491 910
4492 1093
4493 908
4494 1095
4495 906
4496 1097
4497 904
4498 1099
4499 902
4500 1001
4501 1000
4502 1003
4503 998
4504 1005
4505 996
4506 1007
4507 994
4508 1009
4509 992
4510 1011
4511 990
4512 1013
4513 988
4514 1015
4515 986
4516 1017
4517 984
4518 1019
4519 982
4520 1021
4521 980
4522 1023
4523 978
4524 1025
4525 976
4526 1027
4527 974
4528 1029
4529 972
4530 1031
4531 970
4532 1033
4533 968
4534 1035
4535 966
4536 1037
4537 964
4538 1039
4539 962
4540 1041
4541 960
4542 1043
4543 958
4544 1045
4545 956
4546 1047
4547 954
4548 1049
4549 952
4550 1051
4551 950
4552 1053
4553 948
4554 1055
4555 946
4556 1057
4557 944
4558 1059
4559 942
4560 1061
4561 940
4562 1063
4563 938
4564 1065
4565 936
4566 1067
4567 934
4568 1069
4569 932
4570 1071
4571 930
4572 1073
4573 928
4574 1075
4575 926
4576 1077
4577 924
4578 1079
4579 922
4580 1081
4581 920
4582 1083
4583 918
4584 1085
4585 916
4586 1087
4587 914
4588 1089
4589 912
4590 1091
4591 910
4592 1093
4593 908
4594 1095
4595 906
4596 1097
4597 904
4598 1099
4599 902
4600 1001
4601 1000
4602 1003
4603 998
4604 1005
4605 996
4606 1007
4607 994
4608 1009
4609 992
4610 1011
4611 990
4612 1013
4613 988
4614 1015
4615 986
4616 1017
4617 984
4618 1019
4619 982
4620 1021
4621 980
4622 1023
4623 978
4624 1025
4625 976
4626 1027
4627 974
4628 1029
4629 972
4630 1031
4631 970
4632 1033
4633 968
4634 1035
4635 966
4636 1037
4637 964
4638 1039
4639 962
4640 1041
4641 960
4642 1043
4643 958
4644 1045
4645 956
4646 1047
4647 954
4648 1049
4649 952
4650 1051
4651 950
4652 1053
4653 948
4654 1055
4655 946
4656 1057
4657 944
4658 1059
4659 942
4660 1061
4661 940
4662 1063
4663 938
4664 1065
4665 936
4666 1067
4667 934
4668 1069
4669 932
4670 1071
4671 930
4672 1073
4673 928
4674 1075
4675 926
4676 1077
4677 924
4678 1079
4679 922
4680 1081
4681 920
4682 1083
4683 918
4684 1085
4685 916
4686 1087
4687 914
4688 1089
4689 912
4690 1091
4691 910
4692 1093
4693 908
4694 1095
4695 906
4696 1097
4697 904
4698 1099
4699 902
4700 1001
4701 1000
4702 1003
4703 998
4704 1005
4705 996
4706 1007
4707 994
4708 1009
4709 992
4710 1011
4711 990
4712 1013
4713 988
4714 1015
4715 986
4716 1017
4717 984
4718 1019
4719 982
4720 1021
4721 980
4722 1023
4723 978
4724 1025
4725 976
4726 1027
4727 974
4728 1029
4729 972
4730 1031
4731 970
4732 1033
4733 968
4734 1035
4735 966
4736 1037
4737 964
4738 1039
4739 962
4740 1041
4741 960
4742 1043
4743 958
4744 1045
4745 956
4746 1047
4747 954
4748 1049
4749 952
4750 1051
4751 950
4752 1053
4753 948
4754 1055
4755 946
4756 1057
4757 944
4758 1059
4759 942
4760 1061
4761 940
4762 1063
4763 938
4764 1065
4765 936
4766 1067
4767 934
4768 1069
4769 932
4770 1071
4771 930
4772 1073
4773 928
4774 1075
4775 926
4776 1077
4777 924
4778 1079
4779 922
4780 1081
4781 920
4782 1083
4783 918
4784 1085
4785 916
4786 1087
4787 914
4788 1089
4789 912
4790 1091
4791 910
4792 1093
4793 908
4794 1095
4795 906
4796 1097
4797 904
4798 1099
4799 902
4800 1001
4801 1000
4802 1003
4803 998
4804 1005
4805 996
4806 1007
4807 994
4808 1009
4809 992
4810 1011
4811 990
4812 1013
4813 988
4814 1015
4815 986
4816 1017
4817 984
4818 1019
4819 982
4820 1021
4821 980
4822 1023
4823 978
4824 1025
4825 976
4826 1027
4827 974
4828 1029
4829 972
4830 1031
4831 970
4832 1033
4833 968
4834 1035
4835 966
4836 1037
4837 964
4838 1039
4839 962
4840 1041
4841 960
4842 1043
4843 958
4844 1045
4845 956
4846 1047
4847 954
4848 1049
4849 952
4850 1051
4851 950
4852 1053
4853 948
4854 1055
4855 946
4856 1057
4857 944
4858 1059
4859 942
4860 1061
4861 940
4862 1063
4863 938
4864 1065
4865 936
4866 1067
4867 934
4868 1069
4869 932
4870 1071
4871 930
4872 1073
4873 928
4874 1075
4875 926
4876 1077
4877 924
4878 1079
4879 922
4880 1081
4881 920
4882 1083
4883 918
4884 1085
4885 916
4886 1087
4887 914
4888 1089
4889 912
4890 1091
4891 910
4892 1093
4893 908
4894 1095
4895 906
4896 1097
4897 904
4898 1099
4899 902
4900 1001
4901 1000
4902 1003
4903 998
4904 1005
4905 996
4906 1007
4907 994
4908 1009
4909 992
4910 1011
4911 990
4912 1013
4913 988
4914 1015
4915 986
4916 1017
4917 984
4918 1019
4919 982
4920 1021
4921 980
4922 1023
4923 978
4924 1025
4925 976
4926 1027
4927 974
4928 1029
4929 972
4930 1031
4931 970
4932 1033
4933 968
4934 1035
4935 966
4936 1037
4937 964
4938 1039
4939 962
4940 1041
4941 960
4942 1043
4943 958
4944 1045
4945 956
4946 1047
4947 954
4948 1049
4949 952
4950 1051
4951 950
4952 1053
4953 948
4954 1055
4955 946
4956 1057
4957 944
4958 1059
4959 942
4960 1061
4961 940
4962 1063
4963 938
4964 1065
4965 936
4966 1067
4967 934
4968 1069
4969 932
4970 1071
4971 930
4972 1073
4973 928
4974 1075
4975 926
4976 1077
4977 924
4978 1079
4979 922
4980 1081
4981 920
4982 1083
4983 918
4984 1085
4985 916
4986 1087
4987 914
4988 1089
4989 912
4990 1091
4991 910
4992 1093
4993 908
4994 1095
4995 906
4996 1097
4997 904
4998 1099
4999 902
5000 1001
