800
733 524606471
375 596115914
574 814073099
491 258045859
648 741536136
532 511201083
359 693532953
650 764334961
451 527015394
774 481223756
496 851405189
645 18514814
789 99915276
338 315933050
25 237937328
792 434222402
178 742800804
379 261246929
341 328786223
106 712921645
399 624440559
89 396232694
616 508159581
422 594287058
201 570073086
202 369106689
490 456881240
232 800942074
240 590975124
377 355184455
65 377753675
735 754684751
731 487205270
230 290894297
545 329233930
613 269942643
511 247538339
237 129553266
632 774473160
680 206785809
222 338817026
445 128370928
500 797662467
732 575379545
330 818394864
281 741057475
303 198803135
192 205665555
402 232341239
317 793070707
79 519904273
213 296889216
675 778017217
384 633064118
737 816267012
392 563324549
657 640799179
751 303867540
302 107939088
151 894027898
539 208432167
37 318092218
603 244258192
186 387493097
173 192673893
181 324557360
93 15191690
10 760229060
358 573523189
51 135917420
464 294539551
75 48872111
667 58546866
14 594164666
739 313679332
175 748846218
770 135591569
540 684907326
403 932503107
452 808304441
278 527076989
266 110152643
360 937075685
576 13169873
321 616396767
629 305307029
233 504011129
783 514015467
435 472949776
357 365830216
704 197958984
508 55165335
214 271096601
641 925267988
690 512957814
248 122500132
9 882739960
355 70161977
29 430256337
748 528008853
647 79545126
398 619571746
495 675862180
524 737071175
326 57562305
11 162915637
588 160199683
386 870957172
423 604344409
265 326240904
606 91462298
174 266493009
405 127186397
638 599226356
654 820814901
263 446863452
627 651028619
59 640086327
584 849051497
478 664021649
773 242329715
34 832894597
438 561107987
24 408427799
523 483736220
111 975499152
18 475368060
199 319280491
688 923596927
608 631924052
482 460452530
591 327899538
578 610561241
163 666823011
43 64671797
727 654586205
264 794664846
149 106551234
583 818982731
725 223110564
551 671641651
702 226586582
432 284161613
481 709129317
312 87174382
415 168638769
138 257553275
505 186630879
370 592697162
726 80600296
418 168075623
590 2873039
521 438642404
515 483724667
242 740206618
6 637599913
150 504564683
562 312737285
273 35046783
387 248545714
536 309350266
721 759088047
120 303566541
410 754827140
85 922995700
597 487512425
668 76428685
17 738073940
503 250636898
40 992041934
238 284063365
307 845923903
382 849595797
294 671150923
528 633281748
139 709939881
696 863187151
86 212406765
579 456489495
679 123240113
713 584719406
750 241387306
665 695392489
189 159976145
607 975399367
484 285220695
125 887588451
453 152725051
703 76675732
662 64035860
477 178158235
394 851078442
257 330295665
404 638923668
191 804187232
41 885021283
334 611181412
141 989122950
376 309893264
130 471537430
185 133523721
250 503260609
424 739462366
194 326515426
757 751333321
153 432190232
610 292322122
316 537377911
365 579800792
652 530208580
228 470040007
779 86373783
618 642136978
32 42800192
291 955010560
393 463887248
763 788699800
119 346090162
133 648232592
640 268830492
676 27772221
46 98061500
57 245805720
636 724022358
200 897603726
777 923972955
313 617615340
502 630418448
193 22275264
794 821155205
396 721856854
311 881994346
543 289385260
649 618740491
252 43198432
577 819382052
486 812037476
796 188109615
444 505196411
468 557233179
50 699552992
148 474840201
458 983625665
473 298668351
107 194872483
431 628492897
378 468027937
549 681594898
689 874288856
336 527986560
356 97970788
717 504669822
711 373620341
765 438460432
450 357887168
102 344733680
116 719550382
457 112313265
489 920983901
401 172684374
172 354123991
440 442000552
44 744826435
87 532005814
534 309471504
308 711443655
448 429982329
269 873559880
525 816580416
728 590661741
165 39403248
295 488365605
366 94553482
683 337710225
156 271011201
507 347112585
208 124469869
519 829517023
787 433979663
516 928690671
216 552543519
633 885758836
620 1235947
152 706157459
488 933476227
707 582605436
210 496043328
517 443721205
447 58201194
425 201415221
64 556670063
570 388457632
322 668548028
328 812224655
373 535252890
369 671527525
538 474637859
595 816033629
267 55417728
626 218568998
309 286749455
397 589720102
131 140674382
98 996081046
296 309268944
198 470423570
674 945801849
262 749740262
781 520455332
467 130380270
177 30998325
514 676481265
635 653770974
462 858256590
560 256943696
686 762123507
298 170057262
351 333665423
504 591458888
420 14682845
15 592975438
786 438076671
694 100082624
461 241270489
531 903452471
476 980250996
329 121827952
443 495475900
681 126128313
526 695472981
205 893506935
99 165325236
408 535126624
621 769446963
117 313383964
631 546397166
180 757429972
585 293587745
103 446129355
114 896278009
241 518079975
622 507042131
196 261704065
556 490470738
729 591916369
137 155308129
772 411872351
469 204666326
211 989848390
658 643576793
92 545719502
13 801325520
212 944169380
91 146574717
84 927741859
122 74958006
416 296618391
557 829653608
209 848262679
287 917418308
182 445541034
53 364938259
428 845805128
745 545179181
350 286874459
412 881058293
184 2754427
800 303696047
187 779591311
158 320571904
587 899232922
589 630219580
758 622687987
76 708605989
744 525747314
475 929066494
441 159553113
19 479476615
280 578296493
77 520057605
354 370574015
39 356954683
699 592616815
429 819128303
288 583503592
529 405026214
362 488922558
283 345505800
227 933727702
720 202563941
83 748933240
135 256415501
327 613963048
67 411211820
533 250785762
2 919136932
23 832734540
670 441066405
601 46865931
407 341639231
48 799621069
27 507854379
609 757232669
708 980788169
259 871243676
558 409343830
325 414548901
352 712630454
684 850826209
710 881270975
752 700100072
108 163321844
310 531855084
145 39749509
140 135555900
80 539331015
426 633701412
381 356476597
55 933833606
639 107765665
740 938654766
69 907354173
54 472775195
340 107064621
709 564735674
284 977579312
419 490622790
342 16479359
455 775718153
749 154785700
335 440211188
414 935157155
314 703066092
155 165744100
361 80346224
279 504111693
427 839156388
671 284566045
623 363527357
146 669219686
190 743785904
126 426794470
494 697756797
179 86237918
593 914576024
642 352794612
260 915194537
110 724085843
276 922711648
742 572972598
537 408031981
289 340012325
319 673020490
459 771716957
5 952880025
38 815401488
385 523929618
472 936714133
580 580911524
154 38546366
331 662992052
344 73466220
790 252082632
203 677703981
569 734868442
123 988840092
510 308570855
367 244261533
343 801834281
756 97044072
134 465973315
663 105702500
268 816440739
290 680481548
299 755797021
337 936924824
718 107918828
497 476396217
318 178632825
21 745178075
594 321549250
730 970044207
127 31081880
292 49382426
456 348294648
483 854852541
62 60257561
207 315001255
121 384897085
561 402482555
346 462446418
35 156304377
305 262205000
36 570335495
535 442437193
436 607660631
42 732077573
261 850961306
492 193334614
509 182518554
625 187979291
669 84791619
437 654436821
747 935056900
653 410753815
245 665408939
300 733510171
798 258589022
30 534366140
161 980142696
596 626160205
554 153671485
778 249310441
223 495155951
304 684944882
548 272706094
159 493460065
499 274154963
771 716014771
293 10090413
466 965195685
767 863968185
400 499561878
3 967666252
705 308842147
169 727579148
615 586905285
695 169625037
219 79308613
493 474303741
572 371048259
565 630900314
171 321214427
243 686055207
782 455598255
16 741218492
52 268540925
555 490523713
454 907638183
78 324400673
256 213907622
706 413061225
573 916261973
188 518840706
661 114518080
144 254697685
768 409486795
564 614097319
736 385429461
255 617199616
112 317690560
348 750845199
413 317001613
63 23557464
101 891246047
56 706768885
479 424993184
421 294721070
602 8695126
363 607661656
442 928859047
753 736371600
97 835705735
195 799582080
417 52660857
586 977767508
249 651124016
485 800122510
136 533356862
600 894253960
220 970829346
612 969518985
286 307298631
244 832945530
527 857769527
582 247087744
339 651831075
697 861067883
70 378301748
698 235154330
61 683563241
73 204152671
8 666676816
769 269108476
236 727744048
568 811294972
22 774090951
347 824065469
685 707790786
231 731062592
254 900157629
124 146865586
463 674576272
530 104328976
449 970022338
630 673728015
673 694002949
320 42329672
206 331714153
628 846764062
692 473330303
434 35824892
541 622312634
682 391766765
170 786365313
563 141102356
487 96779974
132 976705431
129 316872440
546 350811991
71 802601466
498 446143049
88 188592094
743 215601774
691 141905501
247 844511704
60 579184668
246 941092400
315 392836533
372 569998400
646 538798024
20 980849171
501 292624016
332 891713191
614 176678231
1 275919524
544 981452588
553 885503943
166 517380167
383 865960428
714 316905718
775 801611994
712 934581621
637 363692736
306 863538120
109 123662533
520 502866994
183 80852075
513 151136696
677 809763994
4 242251929
724 923568934
162 726197070
446 777621771
741 724138176
799 426717341
761 908111217
716 863919402
746 598409869
118 392747975
12 96961972
567 848988298
258 423671209
542 14945048
480 283960238
660 576140135
391 132702395
395 488322782
66 395765840
611 722443972
762 804245087
764 721920439
643 281493672
157 627666623
113 409123010
49 883063851
94 685637053
506 398866785
522 116335742
142 724600233
701 251064360
738 506244435
409 26870012
598 665233377
439 949439931
599 602806586
270 352194059
552 982748550
776 655070776
253 237691220
793 695411454
272 67878778
147 682259767
470 884607951
659 498503465
406 976447540
512 752775880
672 324474226
218 697115551
323 438404343
581 125279835
217 150084429
68 48690766
275 39956219
411 326808978
324 528951657
784 124683418
235 104359117
58 252114612
333 952687431
225 577186273
571 145668164
656 417305281
277 487096274
389 398370583
474 719929089
168 797940630
795 747843988
547 580027276
176 450033925
723 630651896
624 797005282
74 780179900
664 165917700
700 950705816
274 445478871
687 703217038
215 106323671
364 895171131
380 525432380
167 661051533
374 438211093
651 300368695
465 35128845
797 741183220
754 397853520
104 233291548
780 476078964
82 477488538
297 253524016
234 918532651
678 389431175
47 106681215
72 736243580
722 394422908
197 584615761
592 968188936
371 692377513
634 385123111
644 65015166
301 427499188
566 296225447
81 203805387
388 131168000
128 910568698
550 884968440
471 488249063
45 98433587
271 711642515
619 227746887
353 689024925
368 686650292
100 641180591
390 22932395
95 54308263
791 844814263
345 358102729
221 261530105
160 135209738
766 845011303
349 606210988
785 220337810
715 73669589
164 891010114
7 821581474
285 595076081
604 222433533
460 629624047
226 231876000
430 873008989
788 933828359
719 250180428
666 352788130
734 831471932
204 158435090
575 846799780
28 966937835
617 639930412
518 3044649
239 297721597
224 921706560
96 155357535
31 139577990
33 580051936
433 269137896
605 857397690
90 187364858
559 118032516
759 709805236
693 930341338
105 27681229
755 141522641
143 15956153
229 384659716
251 848239576
282 846571919
760 255477114
26 632276011
115 347646967
655 16944812
