4000
2878 702197343
315 989925975
3552 575113463
3954 947196054
1407 277353937
630 77361840
1714 122979639
960 796560477
237 517905204
2158 34350324
1944 922758138
2221 523134061
1581 195577049
2070 811111089
284 196885085
419 604740541
2801 695425670
90 723658761
2051 38683734
1189 814876277
1416 522668174
3763 168838566
1979 26449570
3489 367005969
739 113338066
3845 928668411
3418 730310914
1747 212443704
670 142321192
450 626055025
2654 941424892
28 731773180
1594 419272229
651 246060884
424 970438592
3245 306299640
2807 660883819
2782 73033339
76 918611028
20 286280464
2981 937757218
2538 217639558
1221 749547836
172 547302686
2484 957150873
1022 102790079
3887 155915344
3347 651470068
3696 31060462
807 607798307
3660 75986101
3955 338695663
1959 967956880
3884 93824073
348 14400431
26 456917397
2357 560957731
2803 573141700
3396 331714348
1470 564559614
352 719643498
1912 956211031
2273 991815780
3812 748881429
817 150065977
2709 603086808
2030 277389569
1901 993857932
1152 57430267
1882 588229788
457 471177766
1643 809647535
1923 154724635
1742 209904654
205 693756927
2668 437263509
416 335552121
1196 91884699
2610 373394157
2115 424673759
2428 487784492
565 205166094
1976 628921504
249 896120932
3795 604360740
123 335057083
3717 590409781
2244 814780463
9 490010432
2927 200396336
1624 885500848
1197 463873798
2997 40064372
2063 309927954
3635 361921020
2260 747457118
1262 58065172
2525 750909952
837 774763554
3506 45658572
3618 264063813
3611 51355436
3511 653883890
2203 56839363
981 105097433
1192 730159760
2841 124672188
2147 261359614
3604 10865870
2745 445269983
142 305705912
375 361919080
900 434153682
863 785690521
2113 954116424
2751 482954584
3797 606195941
3262 651521240
1444 530868774
510 624903122
1313 821641958
3778 404444109
1172 360530786
1632 624159494
33 317254444
763 151688060
3018 504904867
3650 673337648
3379 818999142
1288 652062672
3847 203461698
3772 567141879
1438 22980179
1723 142151571
2328 324507065
1767 813089579
1937 92281844
2215 805857410
2892 937001508
2121 247441251
1910 749525477
3144 687631177
3627 520527054
2994 807578533
3338 856591097
305 428855946
1300 117548687
2903 210503293
3255 720264147
3645 603745885
1387 495756596
3798 690091793
1205 259531637
2514 50885298
2302 553346188
899 552635771
533 486528378
3771 867800652
871 44893504
1846 772204539
1997 714794520
2935 875785989
3544 845068878
2558 479637128
3493 516098099
2402 814748070
696 963270160
2929 814482064
2969 317176380
1462 282693836
2666 254744575
3859 290074365
102 653787030
713 659819048
3968 625656627
317 873517026
3707 950973037
659 349877758
687 237555572
170 76106174
1331 839680683
3034 406034870
1198 221574351
2029 911665447
1228 953944715
849 366900556
1510 441762561
313 349244782
2112 776444605
1102 126925082
1641 380677191
1519 523809609
1970 738496836
2872 684774899
559 667411063
2639 932711657
3426 111918661
1187 969859021
388 442132499
1218 70312211
781 885855121
2696 535825577
92 773622838
3853 630924800
462 528956171
1775 714088027
391 478290079
2034 49153986
1359 508788984
3947 274763090
2543 340751674
971 29083032
3866 580922828
2498 60512390
1804 223948811
3069 898486039
110 109602548
442 383205393
165 509376307
128 216976375
1485 703181933
2747 191708929
387 89456632
435 509851979
1859 955757962
1649 128173572
3695 566953762
1039 579899935
3261 187851103
45 966162188
2904 721740502
3896 915280560
1892 106219180
2824 19454847
1174 369451935
411 318179386
50 740580174
2372 622253486
3998 174241217
3713 693164434
345 155674278
2842 942256506
2774 782324215
1847 821617973
303 923064768
1340 473582782
295 358718782
773 883533756
3147 631144196
2469 401993465
2758 299718682
2665 676611649
3575 688160291
622 609119675
505 802309908
478 688365923
2573 89217451
631 737194825
3904 82128182
1793 13532516
1701 845140995
1873 156915595
24 689168422
2937 76168352
3940 648389082
3503 773197940
2252 796262210
314 902464298
2705 891581665
3384 75317441
3765 791297497
178 97244210
942 167971844
3189 864149808
1423 643194183
798 299955625
3265 287846613
3958 87363062
2463 707578637
3165 265415428
3168 596475527
814 536816510
3337 323330920
2725 757503344
2012 603856578
1501 174387084
2926 66321968
365 124047678
2168 680601295
3549 648841482
427 903380018
948 143449918
1853 175291741
2296 772663529
1447 242918652
551 824993062
3865 922313086
1774 421402783
2756 318926290
291 171231728
1226 843881111
2991 230949791
2249 579692410
1609 162712354
285 408958148
1292 90118411
2768 380061886
3631 616109553
293 589184861
3283 921204774
299 296856267
2086 524703537
1673 468762011
1543 624156121
2787 971431178
1746 632538282
3836 125024142
1792 769143355
3197 681621321
2820 443496095
2278 420493029
423 615470977
1498 130753540
2811 296089211
2282 551432399
68 647736627
2496 113963776
3169 257390783
2251 668531161
936 180283615
1722 520498419
1567 265243962
1248 84665275
1845 364966831
1442 213801739
1097 87789916
3476 939462394
3035 353340952
1811 53717345
3942 1047403
1223 995321131
298 273679025
2087 708388142
99 451532925
2362 971812431
95 684300918
799 632969572
2393 505148907
2327 56573497
2708 332444749
1832 751662098
1124 943761954
1420 91358329
894 400193794
3602 70086183
923 703199728
3191 1000873
3497 930257217
3729 445744077
1574 489712410
183 352665026
3719 547992651
3490 184827832
2653 918179029
1335 305243308
11 8660426
988 632891527
2459 382601456
2887 647356744
3939 307086676
1825 76664459
3266 850134507
2688 167339450
1529 307761653
3466 895103881
3897 873336212
2095 557426457
586 371685219
1736 501027631
2452 329161164
1009 390802221
2914 779459826
2438 574615930
234 118840751
3399 28161263
289 416615786
518 290289471
1062 600872898
1980 375621167
2645 973972291
3875 236607794
3219 36943189
3496 711540252
2869 154509206
2577 176524009
3788 682507909
501 244694868
1079 895852174
330 998448029
983 542197699
621 396875813
1627 421130842
2734 300152910
512 855949516
2 23791863
1514 170525660
3105 304199744
130 470208727
158 868757826
2728 505931171
2166 262605704
3586 36064312
1506 870199577
1048 115004547
3987 286776190
1577 950865940
3566 276392612
2304 498555241
676 420974784
3045 20046906
742 891742470
653 149301944
2564 293188915
378 39809649
2235 476888356
3803 845603672
3515 491853918
1509 666486660
1861 457272504
1968 788607269
2231 446318325
3320 851157656
468 942928543
415 120294166
1106 341984080
3483 973603905
1201 873909914
1871 154713959
3376 339439910
2316 168847751
3935 928558532
707 379915219
2810 393191785
2772 416541498
2365 468756329
1934 286105272
3957 137525844
1660 480700144
1025 354497848
1967 635276384
3980 361637502
1146 831147416
120 114893778
469 237570787
2193 294677602
1780 792618058
2754 28942113
3711 796513394
1150 336840985
1828 216762857
2108 569354985
1884 509085497
261 603544286
1397 652399427
1241 749460317
2210 249234131
3321 886678766
3193 906024703
3524 553586623
3606 822807176
1992 440688741
2591 334515790
220 544077935
543 872319456
21 580732408
2031 193234885
3885 566520866
1294 721416024
109 287454509
1823 270178451
2488 494808706
3595 834013372
2617 410602357
514 761957365
2993 256665416
3120 820311933
1647 41850766
430 761715674
3360 975552179
37 921698821
2580 866956931
3565 330763052
2255 980518473
1435 773530592
2775 857800646
3801 175894031
3529 117464108
3167 249914583
1259 43086049
1374 669875455
1327 252035150
1521 159090713
1415 663127874
3313 552725289
1058 209757399
3929 828848431
2572 163554673
1457 583474116
2319 679132333
3690 611405359
472 556732293
1468 898932217
2910 855833192
1291 571331294
1725 864926668
2289 444845488
2940 346584704
2217 275091225
3184 307718610
2028 629023577
688 330303275
2247 688167987
597 561917477
1035 488573020
194 524928487
1051 692912649
2540 336666710
136 62749155
2337 525024828
3032 532335541
1903 697382931
1762 480729019
1756 437426746
2124 58720750
1081 109437073
3574 659491193
2508 631333175
3925 178361341
149 229278219
3029 761593061
815 107647013
3237 355534038
1096 477613950
2292 400352300
1857 254790314
2605 101021770
3456 814653917
1356 692907455
672 737536179
473 40005315
580 34088485
2628 818957837
1125 853602
1817 941379276
444 328508484
2343 183684494
3886 388808292
3020 253794509
1232 689295493
3107 673635999
3855 260974945
2643 869944838
3224 354824233
726 111931263
2117 259440471
1905 303596724
2857 939449376
648 37449992
3564 299341110
3279 348907248
1183 872582181
1553 186128113
2953 616456941
3377 707569156
3961 984208308
169 94616295
702 341890123
3381 56939677
1922 901922877
724 964360235
2565 734067107
3692 205747149
498 810032572
546 976365022
3473 472012097
2036 355058725
1507 857742077
2151 149197165
3186 458833042
2038 989753907
1505 768589511
921 957652887
464 279337850
3767 71266094
1100 526231627
1269 661222310
2719 829647507
2686 307866970
2535 290473907
1943 639676074
2237 761881220
207 229909084
3936 594584809
1622 677258491
2107 626139049
3596 507663962
2816 567134618
1367 848104258
3247 34599186
241 271601590
748 745331829
3494 670805803
1260 960002301
1958 734431552
3415 823137879
2006 784375694
3597 848794135
1986 389572008
2964 381757369
3813 83761630
3863 499873838
2127 307151644
386 553632709
976 85719585
412 885729321
2250 83791899
3851 675866123
1727 426631800
824 731821230
1569 121555240
1894 691802761
3004 182521273
3605 61010665
226 595493302
3371 657970767
1255 865578191
1916 646995770
2889 196254944
1890 12254397
2303 503227757
3362 373407073
2297 607581875
2583 583323996
2263 889543387
3287 990920528
1998 469118242
2300 847657135
168 815031913
673 562610153
1813 366088706
2975 347321476
2460 367845424
2674 162116501
2414 106855633
3091 302032249
1971 251487028
2177 404210373
3784 13745828
201 146708823
2868 739404732
3647 851566728
1731 765694223
1024 358120720
2035 244341397
3151 768227484
669 965804613
3239 167071678
1893 497047888
3916 662798670
2320 687067037
199 407989092
3965 906246526
3770 957919304
3842 86843895
2425 473226990
2849 499500991
1059 718517070
2522 749912149
1067 515794797
2943 884441381
1834 808121291
3673 881334888
3301 201917977
2770 464716934
1759 728595558
691 115821970
3986 909799565
3464 468272026
1185 902242930
1266 891308741
1434 669725056
2897 970487780
602 882280289
1684 241258215
3441 888545901
751 391299235
3805 602831979
2836 972934158
1199 614924101
491 341031195
1724 270766531
2099 276755835
2749 10657973
804 766360390
2224 493262326
1078 718427370
121 883606885
3281 86706319
3694 645324291
962 701256656
2503 254855835
3275 703139555
253 36580462
1128 366686095
3479 609722429
3139 133016313
3455 675057498
58 7436757
3706 837608220
2909 954288953
532 893104938
3536 147222509
1050 301065808
1670 413500560
3249 88538372
397 556129562
1734 744979555
698 796259829
816 607363107
3407 903681553
2416 888157560
2150 48870452
1190 768907241
1658 709298311
1234 109126546
3485 181880170
2066 627257707
2606 878723998
524 668271567
164 981825889
2561 349853859
166 114926434
1036 744520791
2490 200406542
2781 702927822
917 21681460
563 656653347
3814 874223556
3556 10459446
2823 423496423
2171 404034772
2677 22196558
1953 969127177
1244 595053669
381 458794856
2285 965497612
2947 786510188
3672 62216932
2600 289294598
1488 697106430
1770 20187042
545 543852428
3598 264056523
3642 536326640
1769 347935346
725 352930640
2714 495564875
1709 335458976
2351 179588387
2727 164228768
1014 163222213
657 413608504
2089 156513418
1194 153513380
64 237069001
2339 830072561
1040 401210056
2160 51854570
1222 432693414
2478 191362121
997 666248818
77 865547194
2559 387361822
642 730208224
641 882684081
247 237784874
306 842816623
1816 819467997
788 517907890
3465 860034148
1667 126495463
1481 343345509
62 545622345
3848 743052668
2109 473404899
1 756604845
1782 783517625
1497 225655789
459 799035237
134 520649898
757 469479165
1933 514872186
1936 672305219
454 140233662
1139 528959287
1730 737586643
3721 44202698
3860 347657743
488 123250097
1710 812846329
2011 7360397
1398 343776401
2614 805365431
2421 673059084
760 129786426
2806 46152010
938 340086886
426 652418722
384 994445228
3087 293168041
1928 520085433
1355 33624391
2018 768730943
2169 687816154
2834 62937326
1167 48063012
1661 68748225
3946 515816608
910 833706088
2661 311240765
3310 703017857
1623 600730468
405 996960429
3440 320338904
3314 483991864
301 252815424
3235 181505453
2590 431989673
1360 523067109
3691 558929699
1143 694887188
918 611885427
32 539532716
665 946242409
1456 836232069
1013 752693539
1215 684685609
2083 747488077
2963 341476450
3588 761252157
3997 27604072
2405 762737005
3391 889449535
3528 347588569
2711 912372188
3387 921720841
1572 456813090
185 114152913
745 839495605
2556 964561831
607 958022103
3448 841123093
1295 132296042
1520 708510456
1489 138837769
3057 565363164
1839 298885832
460 942812907
1406 35685917
3356 584529618
280 102181674
1041 411654776
2161 203098675
937 362671900
1902 414615895
2934 947304917
1326 696153929
566 264834676
2968 19317472
1254 240577922
1000 701779257
1739 916447763
1682 281220940
47 306817505
1625 828831177
2817 87009348
1565 48575992
3352 664023631
1556 431645556
2942 379997368
2265 251053991
1917 379298615
3437 517958084
3450 678207785
3103 369084827
1743 305320624
146 752236119
974 378070562
2098 988369679
3106 776027088
3292 458571153
3177 676705602
3594 396546158
3481 102070066
3514 892689885
1663 813162048
2340 607754871
3200 954496192
3417 19422652
1525 202485854
29 68189923
2068 572725841
895 420422237
1960 626529680
282 702285857
334 801053273
3127 688537332
3108 197638707
3095 304497673
759 549804408
647 689277832
1720 841080208
187 377059293
1541 143296928
3974 223651053
2383 933300993
3641 925938990
1117 988036587
3232 527215863
2219 532024882
15 336161766
3679 654090220
2054 249535201
1783 843001225
3016 735167309
1210 384505168
2142 225289546
1669 393792898
2410 224613301
1160 276580268
2855 348918713
1257 569070146
2475 486111827
3137 289837665
2796 482396013
286 364539480
3901 557167021
243 113158867
1939 383293949
2052 634251087
3276 129103354
2998 206482738
2349 37536865
626 283943139
3654 451711485
2001 255606199
2985 225981391
1126 563832397
493 653365708
3194 364956454
3502 89341160
3080 673059968
2530 896323173
1046 979230745
1738 334685735
2568 964671017
1005 497571633
991 850073600
797 593202769
1112 364203561
2752 825185686
1403 715883105
3192 27051137
181 778437897
2245 446810891
667 950315406
4 305802400
579 675430587
2204 721292064
2541 408247280
2632 847759151
812 340436778
1235 182141313
3354 944900422
740 785220856
1206 56443469
2299 579959958
728 819909035
644 815111826
3058 836412557
1301 44144223
2195 413442644
2550 152559717
2731 274235319
3357 147268823
1741 433425082
2308 488113854
3967 768474927
2533 706268955
716 734273738
3375 695954636
3438 931828380
3174 134499953
1296 605239244
163 350205944
30 805919922
3747 201757886
3634 954603166
1592 427203469
3970 634782211
2218 341493968
319 314410276
1452 749223948
1390 612796698
693 681257856
925 864636922
2919 281541295
2542 375445338
3652 909545359
3522 484650796
175 352565147
2536 690198988
2280 817922121
3204 139872796
443 509392050
1604 502696074
898 535907891
3543 76531278
2106 862554624
2371 480002366
3132 176721894
1886 603313851
431 461240750
2380 461946977
1764 872487455
1016 263471433
3796 164745859
1211 274190351
1883 489316469
3263 762155880
3912 42946453
2876 889008690
1261 555543149
3094 62533049
3250 447857719
1867 623515754
2973 956858676
2637 960417657
2518 444739680
3632 404876962
2026 350299021
210 782507272
2342 19582938
2346 632461126
1827 678757573
3351 145582103
1772 783142723
3787 532056153
737 362907646
2198 371712491
2730 759093174
2875 484471980
967 572282818
3880 936887520
3659 802051498
1003 929436586
3346 364647357
2389 261576769
1920 530683446
3923 870533463
2710 409559277
2123 478753853
1482 810398132
2672 624596530
2324 144607887
3828 884982497
3432 793822554
2656 779427448
3131 256746227
2042 681043015
1225 190225796
374 548329798
603 255604077
2395 141992553
1148 780391407
1490 268664083
848 368790241
2462 493690422
2331 892086055
3143 334416101
841 663196776
537 449949815
593 836180381
2422 149005137
3372 27075145
1798 926111916
3613 623539160
3260 661313615
961 210908544
1975 855675326
3837 713042333
3155 497592527
2917 175701643
868 738569536
1324 650382336
640 357071885
1318 833957305
3637 377883397
3164 705719417
1279 776447821
538 423044954
2789 57096867
1840 221804272
3599 762773698
1868 532606222
3264 529697536
353 169508901
331 7874521
1571 960379655
1037 494310449
1045 107459507
2443 566302793
229 990832795
2481 442659106
2721 533587944
2575 277851875
3858 373175936
1175 964029550
1662 40505669
3182 697576918
3806 192279736
999 191653195
855 496570486
476 309370787
2190 788931694
1341 392746888
3576 981566352
2358 141638949
2347 966560679
3720 128180435
3626 881231456
383 846204204
1161 287887344
2411 541258224
3122 203324453
251 986671069
521 731132394
3370 245918813
3013 425166791
154 497520582
1761 938703204
1554 189127255
3001 44778534
4000 671742217
703 963968353
3981 366596343
2283 251640400
3820 106654304
2794 16521104
3526 303135590
3392 374250345
3348 897744641
240 564461232
3170 552513059
731 351592892
1467 65996285
3633 46077763
3569 474178513
3054 477942457
340 379695907
675 79234717
3562 891534383
870 966255397
3623 218814251
3394 45895694
2532 176163837
2826 380926059
3777 321806746
1802 68821898
682 723446516
2458 627727858
3512 756848288
370 782540505
3850 554801050
2076 799620128
323 374822010
1357 998495201
1983 299312068
2002 774260926
3349 488143935
1065 135063155
357 298973228
2918 984034926
86 659623866
1400 154382556
2041 805670492
1155 617250289
2317 209567669
3383 806222347
3999 785693562
2684 800270083
2966 569368110
48 431352129
3952 808638076
3533 452725537
2797 850277844
294 738872745
3429 19473511
1740 759209174
3592 498993577
1518 256518325
1256 977618518
1589 99271140
3949 938423652
1104 857887505
1061 724182490
3537 768315506
2625 364313890
2143 389390702
944 472776503
2473 311232450
2332 521660610
1200 221550706
590 583402848
2352 112172123
3534 563910702
587 152980079
2399 929348984
3873 68505286
1695 631495904
769 833436196
1555 675371062
2084 685563808
915 396036176
3932 597750350
2862 423073041
2553 21882635
2486 893271295
3339 164278190
820 585361450
1930 880376957
1028 297040928
139 969473824
3889 956873785
1263 63548001
3959 452052246
1019 419793541
3585 56191207
3941 843981223
1153 165335348
523 443461672
2641 114249888
3838 605051821
3995 898776179
1170 421036567
3471 78971401
1539 31644670
3841 52828551
1084 287470009
3498 700524706
1436 171086938
883 485863334
1639 403438139
2097 290615770
1195 351955202
3180 186536017
3329 392498069
1535 571439235
3829 958832223
2439 591931408
1193 809286414
3311 401331180
3973 205831480
480 897807203
1524 877288562
911 474595746
346 872453002
990 889009830
1678 851574233
3573 46184509
3201 170858386
2345 811078014
2154 560228052
853 559344725
2669 876591642
474 148083635
851 278504037
984 635115836
2631 364575151
1642 528823869
3520 736403108
1990 220723339
985 159462847
1315 583487969
3076 75069040
3930 103863039
2254 407164757
3141 741453083
1852 373332957
3680 372299412
366 542711964
2972 669813351
2170 616462308
940 645995187
906 271640214
1321 18993347
3145 72713816
1191 705207638
1860 113988964
129 101992435
3895 461158956
1033 389391691
363 102522970
307 246700298
191 34470872
2287 883912972
2310 36656501
2489 235769014
2435 130848719
2512 303099222
492 307176139
3304 917461622
3236 496684132
2242 565030558
3716 94516699
2638 739479748
75 7879747
1946 54364982
3146 689430231
2494 891248589
3899 224260166
3482 308165289
2152 603336532
2014 132839119
82 931953970
3272 551299439
3295 470160994
2085 635483202
2604 791067982
3323 662809151
1432 542398951
3580 300092079
2685 963063906
3993 92389201
3703 905317405
567 863280689
3742 131474613
2527 333278921
1401 972481103
96 272498319
2440 885918507
842 646604108
1454 443979654
1077 676746339
3876 742995786
51 708983059
3545 542326330
244 405374762
907 751070230
214 624429771
839 135056351
216 670514820
1559 540383512
2022 260900417
1474 666925098
3783 131200688
1800 921776529
2854 837069797
1786 625473549
1712 936138662
1568 234033888
3039 901326433
479 391785067
3173 25466143
2334 905722869
3724 653686763
371 388959358
3089 999675253
951 53616416
1777 336249915
2996 691586581
1319 53298348
1618 558451262
2738 2910073
1460 844026525
3843 724690954
753 950916320
3791 625093729
2009 659246350
34 859828139
1534 868275169
2105 887496951
212 134457587
3815 255862409
568 632847946
1801 454751691
903 36208430
2825 273534124
344 882056313
1885 405779135
2755 643753188
2184 805034982
2073 816651638
467 17758512
2446 781839807
1021 283928452
1465 497045439
2853 777845957
502 308068477
1220 786192712
1610 373912913
1674 607185537
3819 106844789
1841 250851099
861 266595774
1995 393859819
55 759297261
998 353438937
970 814949001
3397 597344965
3041 37243330
920 159802147
3405 552728419
3098 898791142
407 236365658
2137 976433695
2178 414270266
3535 172628364
2145 401927646
2761 380397111
1617 620197670
2214 737517560
765 133449117
485 283555719
1310 164988766
437 888626288
3451 155548897
3697 296488845
2441 974934372
2690 402091300
484 767523576
1105 622196074
1421 184001501
16 330080992
1328 195631385
189 947326359
3444 496703208
666 664247441
1909 414094763
877 425896102
3457 864734643
1307 103180445
2995 823070459
1754 171000125
536 461249514
891 449332931
562 737169577
1540 917308106
2924 66829970
2005 247709984
3852 142151905
3251 175510579
994 444688057
328 629222538
3625 273451295
1411 551664051
311 270797220
2523 750941467
1386 581647769
832 809514877
1778 652107342
1822 164739453
1862 76666274
3461 298846094
71 540193510
1136 612972637
3326 163693958
2883 572626257
818 22168284
398 503433361
1881 445784444
2293 900044433
377 167174537
3187 149311780
2196 344803154
934 972457097
2233 747311017
3705 928886331
3621 542531686
252 974227314
3227 443672650
3246 937185730
3831 907844611
503 963162204
2776 456909894
3905 432505457
1790 953680004
1523 802996163
3027 59765281
2396 917189831
1552 353530651
1865 764354950
1751 546174136
393 737929290
805 205205729
3971 11508900
2956 51975172
3274 343723444
3538 881107752
3203 433064570
3025 177965049
3038 917372767
3638 170920033
3857 720123273
14 391235819
529 612674248
507 331958490
2970 962210515
3800 526347324
2259 782379041
1147 897473470
2785 969393312
1011 397141548
2194 280313730
1694 308597521
1366 723116348
1994 391454170
1932 33796066
966 596568679
3012 11513167
830 524265670
3230 828301707
1651 767246983
3199 868642594
3286 138206579
3214 313694080
3183 762576003
1282 224294964
1213 992324297
167 819347851
889 412416594
2818 109758104
782 992881372
3790 483089574
1601 140064334
3731 975278321
3948 401513756
1179 301073067
3609 496426066
3593 958824125
2979 622674712
3750 700767830
3028 82077562
3289 23115417
611 729236996
267 108085413
2534 449297550
219 710588769
954 982332761
3891 763146093
1499 738432855
2893 263283776
1391 304657453
1154 403892604
3685 57772953
620 517644046
1612 610799192
881 817854533
213 330096144
155 454103632
3492 866477323
1253 663603446
3827 865573371
2946 992411904
2726 670393787
2397 96947032
2713 477809694
1819 308903029
957 257174476
1483 513490338
2256 860788377
3768 975738165
3307 713978838
3060 105389633
2510 596423243
395 943786693
2576 930209525
3487 275189572
140 453565648
2382 447993607
3674 49313705
2619 674005144
761 442182405
461 757357606
2633 891183737
3687 881487527
771 418771395
1445 948680207
3159 147213339
3373 825162829
655 280002935
2426 263166309
3412 192941393
1471 157716438
704 980735000
2621 241753282
3725 834526771
2679 650521552
941 725486827
3102 305844235
1744 935263412
684 905772043
1237 179551660
1216 678352157
3960 711559523
1029 180789018
1843 894114301
1472 662521737
1602 953561297
3921 377688278
3730 460410611
2861 325252209
1638 657899991
3785 515013556
61 907205277
2074 211509815
2429 209418168
3909 3179802
3358 941536260
1207 94626890
1749 357178313
1635 78628886
2455 689378511
1419 656738256
2110 219162567
1753 465579796
1469 598274941
3794 849344780
1898 747852346
1020 616409151
3458 613551599
953 346610675
3050 4402210
23 999216975
3130 406160455
3196 661463422
613 12414566
600 226316976
145 502387732
1927 679694112
2504 610029886
2895 510053200
292 543833839
3003 613561752
2767 182068949
1805 444764613
3834 707705278
2424 672360894
436 294933920
3209 352904587
3324 68824569
3238 16834389
683 3744124
69 799922348
1785 503159555
2886 807888125
2830 590957806
1765 937059118
541 659753440
1476 927313931
2314 852956300
2838 823346280
3826 227099395
3277 761402566
1377 599242493
3992 36803481
198 718427919
3956 381567880
1378 856177774
1513 760644206
821 157561177
1949 995269605
2616 394871610
3017 435488320
369 369293617
409 851332206
3582 369876434
560 259620869
1458 31969058
2732 825790302
2955 768698430
3649 54540180
764 249535964
2264 622770656
3823 768151661
2130 333176126
634 992078020
3996 735159241
3160 995389219
1441 238182086
466 384880310
1336 175768217
2952 544007825
3428 17065938
592 369472367
3114 287589378
1283 337578919
2760 175576408
643 116088897
583 728003467
2257 449183115
425 585292933
2899 878602003
236 620087112
429 529105622
3282 894366374
1372 531094826
1285 445807676
1487 495281126
3406 486563974
39 825941588
1297 452038098
1926 548985238
3856 602616696
316 787925299
539 187947770
1284 766083625
2167 975893983
1580 552617332
1057 767258492
455 31029211
2225 394742935
2046 262402300
173 504865161
1075 360441
2326 554246935
2159 582828215
2453 91297687
3142 639677610
2562 387353550
2520 321163476
3269 785633973
3075 7840882
1619 353294695
3110 979476021
3854 348646092
1363 607229897
2267 439305481
1439 23993190
133 382145508
2961 573183659
3525 188092267
2392 837789492
487 17524762
1362 741549393
1891 40057405
2833 545097207
3355 212713291
2044 834346619
1963 188474027
453 193467669
2461 275880041
513 169545744
2272 528989529
2464 972949353
1671 988253893
262 359804862
266 926533841
3898 41754607
2500 65317175
3699 836320497
1176 924285630
2627 286849909
762 232254808
3951 951779283
2608 832572386
866 883806262
2800 936167018
2771 263176900
1409 282158663
1345 936217651
2398 430257056
245 545705383
1026 670346577
3733 816324093
723 900538947
3049 894324100
3622 730207418
97 571188877
1133 924150966
3571 133692827
2284 430984977
3670 991551437
2827 91971614
3026 717569535
1347 906269435
3675 23246691
1656 179960470
2479 43975117
1208 509427541
1621 611174693
3825 469993894
1699 122088213
835 45724404
3005 345347409
3541 815293661
3708 369144109
3252 224222790
3008 147353955
2650 316987982
3560 300451478
257 805820256
2680 675940371
1108 25703972
2689 896836978
1130 969043890
777 355517391
18 107007995
614 952214141
2116 932735630
3567 998153149
1655 5619205
3430 559589095
1306 710180655
3579 663825420
2010 675709679
935 89708389
3395 867288003
2873 249436329
729 597321887
156 693245786
211 860593821
3881 556156235
2856 824968106
3714 369252305
2722 970576565
126 20325606
553 831802148
3664 917785720
766 93114893
400 289831445
649 535288878
2275 691449549
2612 404305374
1532 972051752
3943 641267653
2183 669930819
2474 311926020
680 962212151
1570 81329698
2279 210574503
2703 884536682
1586 526346702
3163 44532357
1690 34470753
2773 76411237
3607 191859277
470 987813
1365 899461656
627 723472942
1715 505091552
270 462377927
2025 102687942
3327 429933951
834 848810843
1542 817763513
3403 312601080
2412 351582687
1149 631709384
2163 28029320
744 650282790
3809 508892713
2609 668406867
1814 228514576
3447 87401228
111 770762208
2958 106399892
2261 19381523
1606 992111512
1703 173874296
1418 160030042
721 536986027
3162 256580739
1896 263143183
2587 820766105
1376 829784413
2735 404058676
3181 394929964
3434 664193857
596 40949029
403 884587715
3404 403410814
2786 553945491
1252 299551224
1120 828562794
3011 1358340
188 104627905
2618 184995624
1931 351900741
595 605486189
3068 819904807
973 793916904
106 304303493
623 439686685
1132 838497386
108 990370985
1533 101628169
271 354866829
1560 746965517
1962 749193875
3614 101242288
1876 667301606
531 530686138
1410 648014713
1668 94057381
1034 420685800
3539 833851444
497 471308778
738 307290525
1502 142145054
3088 346799422
1835 768821491
2386 345585926
3172 136074125
1229 230699797
3793 321739475
3248 67537787
681 600769376
854 865953743
2640 346340935
1820 331609586
1227 126735738
85 771966080
2301 541734593
1597 955606696
1414 382179442
215 16838980
574 198502888
2814 986310700
949 393722776
1309 331849520
54 572759189
318 452312328
1985 895908992
193 385771970
321 557058447
3557 145637090
1276 974976933
569 560547979
3644 911085371
1957 29831689
982 546994595
1287 306666988
3718 144629226
2447 943496099
3832 983793558
422 87680699
3578 909463730
359 75590213
1573 232259278
3449 606936903
2059 339465514
3983 861714790
1600 518093474
3353 375249368
2593 623249965
926 816853357
2699 231310667
1325 532849824
3288 243301225
2138 712542355
268 438288845
1806 585726175
2241 364236883
1726 388596916
749 183812191
2976 441716529
712 374570463
1634 929820882
517 710781071
3425 366871802
2585 136002853
2376 693949520
3007 2714256
1666 63427357
1626 576576559
508 395266838
1874 818919288
2611 812664523
3755 354979357
143 437886757
2120 692960561
1941 238715867
1707 216143705
1608 609103934
2812 155155255
3148 840639310
434 584710267
2457 422868751
2312 403064822
927 147021311
3367 545813784
3978 833338249
1478 418180670
1127 833727899
1716 564348280
1049 652395854
2436 629242991
3584 669852186
2865 271217228
2932 617010410
1178 330268585
3686 640011411
3900 573511513
1408 546820075
452 188107907
1803 314015949
3513 835192378
584 741480516
3382 237860942
1068 368761309
227 666701764
1929 546546265
2931 698616222
3 2884017
1055 475527199
1718 156832369
3629 743077187
2185 345188
1479 136123345
1298 471062282
2906 642027705
3052 419485448
1757 83776761
520 926911136
3911 637352116
756 68055166
3369 990320792
3043 143175621
646 793934104
3984 442539504
3401 55985563
2128 143551817
59 79290798
1083 341478350
1293 760929369
177 841530590
2032 432950348
2230 594995419
557 854349890
1551 691859232
2227 133002538
221 468695238
2989 194989416
3874 571982157
1088 785299470
2286 635219401
869 780525044
1281 749351788
3280 42384174
914 385817029
833 245647695
3117 128605430
1887 792071041
2291 522731044
12 451091688
3759 166811321
324 873995866
3312 312299583
1140 170060732
1779 921993151
3864 827675544
1818 279784750
1973 813538332
3074 874987747
612 123877951
2977 645879029
1640 692576475
909 889427354
791 71663036
1264 200187310
1268 325361298
2574 547541319
2737 379060487
544 364824150
787 514358889
3734 989821929
2683 793101557
3639 747124045
831 961102494
2420 444237172
1142 856627846
3628 397581707
2920 748048919
1342 830412656
3061 968868428
1010 932009387
1629 786537625
3101 652408223
3774 673711379
355 630706305
572 643223019
825 830201917
1217 482529754
1588 802609177
576 124673630
625 40633629
2232 449604995
3133 465934425
3509 259839623
250 112645465
789 890362281
718 525958663
552 523076799
2965 972298197
947 503168916
3589 697360034
1659 439462430
2695 913764113
1849 116126405
2584 192859821
1231 595639374
1370 485484362
281 684850087
3749 279813368
3712 282577096
2056 425209782
1437 308235884
3040 31696407
692 391769208
113 364978528
3190 332111057
320 148196740
3385 699724327
3291 667368329
852 542549979
3741 429986004
1072 815829876
2620 992402494
2657 267177635
1320 566714184
2444 85018412
2222 564751084
2792 438334492
272 901566560
3963 216707244
710 374976811
1906 93496370
2401 829699747
2647 899943937
3570 679054874
116 962877141
809 115934048
1064 50370104
2505 266184824
3756 180055404
1429 51927388
1364 215467090
3934 150704464
1066 801182051
3223 324856870
3950 1904500
2880 99139794
3468 532091095
3655 60561484
2528 119424525
1251 895579160
645 983418829
2860 113523940
278 212506550
2694 265453164
1683 833429645
2363 194606906
1247 656437583
260 592798121
2548 191360298
2102 109972913
2951 469058994
886 487611968
2933 42932058
1312 777717298
932 27107294
1854 113481923
481 237881960
3764 751009661
2750 77779291
255 684931291
1913 388241508
1165 653883538
844 119401541
3754 362494105
3123 499492324
3715 386856878
674 147338805
2330 857049162
1974 880363711
2829 799995777
1748 990837005
2165 33649836
6 419066229
3872 543112590
1073 292270104
1692 905759035
300 63589568
2375 190599598
2949 369138540
2748 127789495
3389 499938190
2103 815745255
1966 137773869
3985 327359070
2941 89827005
972 145016781
730 992146942
78 558361020
1258 878905480
358 995737966
25 734975846
2913 668676113
601 106280210
2866 12634118
828 79484760
2385 217121639
1613 641414450
74 403286400
100 817839359
2476 756825630
3154 617999000
1348 86102884
264 577750710
867 343640152
1530 283350800
3042 330958977
2081 602497434
3844 969102974
2659 355377290
1558 463871200
135 378117351
2905 290996355
2058 787348783
394 635391642
2513 84552647
1791 397621273
806 8566611
2663 393226563
3766 395521057
3066 979434538
53 804360347
1879 427822359
3278 831215388
1181 349894353
1271 570800893
118 421514361
347 460628978
3306 353499922
2274 647305768
2613 626209444
1405 508352150
1018 792658424
2692 422515858
1919 90829722
581 59844940
2387 14054308
3024 258507044
2658 863161146
3922 956996957
3619 501035751
1070 946972499
1015 758953528
3531 761695593
2309 420617229
3113 927110771
1856 121185934
2311 658964010
1503 811270913
3521 48005486
3109 712264516
1202 588855851
3398 751425143
1334 729672663
2885 342154245
458 414176115
2307 630266305
3804 835452084
66 986628444
122 573112951
463 363427217
1925 718830999
3501 778626207
1653 303751426
3258 376821644
2253 931407860
3653 1348409
230 785194015
482 357533029
697 343860612
754 192283046
2353 572383644
1186 316384279
150 172796524
2978 519427127
575 456373592
2388 565028308
3285 808952221
1735 893029177
980 578428645
2377 225962083
2381 981611720
1473 631174495
1750 368184719
784 170778679
3540 507125894
2000 821526940
2243 8532868
743 760809915
1650 223952608
1224 770567730
2400 715039159
404 711615572
1955 868480504
2335 269725533
3871 752531967
3393 219001054
2592 63381265
604 804001446
685 654257405
591 164768366
382 518821068
1858 51117403
1981 260614107
3053 439870504
3906 48275262
418 962322916
2831 616658944
1615 359310851
242 597710283
406 82617107
159 178740297
3374 317705224
239 708929587
1595 89883446
1842 94104693
88 446305183
2449 644432371
1495 400424312
2104 538782930
1080 874925217
858 421355471
3073 327238473
2071 414508095
1584 594237954
522 870932907
1092 948000812
1598 426657627
2783 424074248
3259 668314123
1063 134171859
845 275238313
2567 898716599
3104 852375293
322 847577171
196 511595461
3297 221428405
2188 847790221
752 879528617
2407 928765169
699 631623910
786 560230775
3976 767503589
310 872709848
1978 407189182
2094 152642458
40 310283937
3271 860973454
2986 34000608
528 632745349
1270 198499183
1516 993784328
1392 564371291
1787 963232448
1991 444472086
2954 910707664
618 233072704
3499 817283229
203 928129278
2248 808461797
2779 678929871
2879 440730858
112 813600078
360 804699878
1115 598949426
361 83447095
2369 433048231
2847 403056159
2596 689172933
1773 840988845
610 919614336
27 116607200
3661 405377134
2507 499896331
2813 212853519
1352 586897472
2277 82792281
2205 823237275
793 133676235
362 468363431
1809 108948948
2655 889972409
3587 865612759
2547 637651532
349 261392450
3470 704087440
3740 10740102
3006 813200552
439 625971705
2843 493578645
2644 928974524
186 352455611
1373 948059269
2648 919997860
3572 432632552
989 856971205
2057 731362443
3014 201254936
1492 625644731
2101 813770371
2239 588179959
2268 101572871
3953 737656450
1305 618831732
1628 359150539
3126 330369440
1427 231477899
1272 481811519
2211 846156625
217 69448564
1280 17164998
811 97678084
208 343943559
380 757832965
2024 428994906
662 544432553
896 239086938
1171 220615410
3022 855413634
445 801429077
1680 259845264
2118 872722936
3062 527593700
843 673687617
2828 651189170
1417 730816783
2075 779697288
2155 469785175
1590 973403540
1212 280957370
2990 42581200
2777 571513066
1872 432777461
2778 447098219
1111 861409331
1371 830913989
2925 897130714
197 366299156
2053 729888772
283 750836769
2832 999773539
2651 469359196
2595 647248812
605 405986872
162 262081604
840 706010806
60 824199818
3846 734313552
2840 765569795
3067 972542762
1587 976063401
414 351007441
1358 275666479
1515 255363869
3757 842963158
969 86834502
872 619311664
608 532897436
2928 178049575
1450 748591344
131 836741512
2119 285878873
876 329275300
2687 985777369
1043 454423424
783 401358445
2236 222179105
248 11620404
3739 475792618
3839 942612366
3021 440670127
3421 689105847
3903 132607705
1089 967288779
509 714709077
138 710248616
577 630285911
7 667154429
1728 54110062
3090 795989573
3523 961553100
506 856382924
2418 621190310
379 26221635
2844 382428453
1214 431616019
1942 544033453
1351 12301185
975 267438869
2483 640000453
2191 69746575
2898 31368599
1308 258741539
2884 778682868
2630 22622833
2409 709751980
1428 853528273
2874 899885609
547 927697490
2431 936406660
1630 603282639
594 814021481
775 516643698
964 402018266
897 751914683
633 886308960
2049 511917935
1752 624896669
826 648647118
2139 572255332
2209 717740366
2859 488158351
1361 812280710
2406 343616276
38 350277374
3344 258867879
3229 203782737
741 657472353
98 896409300
3030 488636702
1243 971313334
660 421744614
3178 578041493
451 935038384
2739 813918064
2788 906140801
2720 83414117
2764 278485179
2671 387259241
1977 751432556
1550 588586054
3710 280009536
1952 41952835
325 815571056
2780 466826911
3883 116149681
3408 698111170
1426 530652369
3333 268086694
1103 706109064
3442 943364213
722 392164878
637 314995593
2043 785062937
1453 62901301
2652 364798740
1012 428076141
3268 223977024
101 308776230
79 729026430
2413 421770059
2586 279428422
160 209266844
206 503174384
1238 814550937
774 237769478
2367 487924696
3646 906360334
2004 436526574
2894 409908731
3342 478788429
125 631060679
2629 43409154
3620 86666538
1322 805098001
1477 984178402
1087 814507912
3318 233117557
846 692069553
151 798709701
3989 265985560
3893 49834104
1099 897011602
22 386469303
141 202091981
2678 318212821
1693 422369446
3361 277913515
928 369371963
3908 529254050
2723 137058447
2323 595414078
635 922554768
2765 134296981
3966 986626055
3273 310749442
3331 765074732
2415 580062202
3969 896745256
2451 823892468
2524 722559725
3792 750566599
3359 853011936
2370 308852285
2356 771630074
446 914535116
3336 570743036
819 586174990
1614 588352614
3206 518685725
1337 803151990
63 547180942
1188 771845764
1339 860376719
3927 447079369
356 332984530
238 624854490
1060 656189015
3413 958284288
1082 375128762
3678 948176234
857 91482372
2793 420582865
992 234079141
1784 129558871
1385 293215727
705 117651179
2497 770603059
1652 977268205
1538 744553885
1807 136698491
1969 88560969
3519 567777319
3121 267660111
3207 162988894
3081 348618464
1094 938545160
511 733290619
3640 406385586
1134 791880667
2852 65166294
2799 274505913
2980 710005129
3484 419386978
2384 568855636
1631 707604354
3938 679765359
2258 18923654
950 949355006
1810 242611765
3366 497767478
413 431068456
2454 772007607
3085 630431975
1250 617706532
2784 107048961
2341 988779244
104 660515489
2579 582710812
2477 409310958
2069 262274749
1475 177118598
3693 262457376
3616 408495740
1494 211862835
333 401008372
3892 970998926
850 488640783
1349 574179677
231 758541808
2467 984763642
1940 129185879
3945 614697190
2220 532604893
3913 917431239
279 452468437
2944 294024452
263 199262430
654 396194503
3386 159782467
3517 297670716
2867 814213696
3601 987223819
1118 588644914
1950 403507336
701 288526149
694 706523976
3071 496478345
1382 625253578
1582 931703054
2080 552511617
1675 187714929
908 151565962
3840 842104710
734 743450822
3378 360394240
2321 388254671
2493 580176949
432 147407497
1954 476539664
3833 463220109
1184 836089624
785 430996324
3136 450505480
3878 515465434
41 454173522
2988 259956064
3551 606512964
624 666780856
2281 78076980
3427 279784971
525 705494257
2173 578436813
3669 505585846
2082 38333441
65 460331869
3244 229927393
3802 190495767
2434 960788600
1989 862814284
3807 179574058
2623 327466873
1776 141932629
2348 190920426
2129 856934062
3072 819384677
1763 533849095
2374 284658375
1988 70218581
1972 184684062
153 548275401
1131 831740254
3824 949530517
2581 551299950
3308 612317844
3242 697645778
1278 217049375
1249 456328842
1869 316257149
3822 791528238
1745 182073049
2916 818314744
719 676163562
956 599732041
2437 400883182
1679 624162263
3334 232972323
287 230929457
1504 751787351
599 694322763
3700 537793433
2795 669128184
225 150016995
1369 144352454
3559 717973248
3365 439493010
3443 863805134
2753 853340076
148 63877607
3811 744428666
2539 647817236
440 100432539
3994 788028623
3400 123100506
3667 454999258
2468 690438770
399 482899282
3047 331374932
465 850941308
1267 771732261
2712 585677738
1704 340052376
1209 518742572
3439 739901814
776 685748489
2743 836695390
1915 145427186
44 15836776
1863 656413803
1332 746910108
1464 574802351
3300 737411312
3709 677177220
530 449852772
2471 801918579
1961 667080166
2090 850689198
1732 1518094
3752 655242839
2456 201927575
309 178426653
2162 850048218
3677 126491031
1848 330323366
887 887622593
3002 391005737
1527 669630667
3467 122999309
2016 686847475
3577 316403361
2845 63452650
2967 586584143
882 420146851
2391 369360322
1788 939990550
3217 672008625
3253 655243390
3704 113323648
800 291946303
1158 481401412
880 743693789
979 880926327
2902 290246302
290 328040994
2517 281829158
1544 841993893
2974 154422162
3064 298708860
2863 624274162
1135 594736985
84 137415832
2960 13581220
1466 3223877
2715 409131924
3746 23080359
449 524797199
3931 158578616
3368 847379554
862 619550725
2501 500851730
2465 326381305
1093 575858177
3188 10565091
2040 588201021
3210 209975330
2888 326490520
3643 623218869
1522 234171221
735 366886149
1290 723512556
3157 439758413
1824 419061000
2682 273493333
556 634963803
3651 677360489
304 126828182
1030 428396898
1240 856648236
3208 358862958
755 316095247
874 834167466
3078 776787208
223 822983517
1512 102071879
329 907553276
3341 813753861
1646 673155477
888 616956131
326 831965755
2079 345230570
3658 327764795
3243 118198662
582 822889864
3234 870209494
1796 343653937
2013 255442440
2948 334644686
1177 197578005
2187 709837861
3460 18078197
2546 840828221
2201 483794569
2821 110886732
2062 115746759
486 209323311
433 307627463
3111 129292706
1987 90725362
1004 637601341
275 626843238
327 183781501
931 305925648
1895 792564320
3648 901558812
373 882420221
3000 677445723
1935 693644197
1733 376120984
3086 788655223
1918 530027861
8 495703031
2228 554821610
2492 363720235
3213 805841016
864 19687674
847 566888713
3293 663901003
489 859989775
2021 295861716
35 275339885
573 921897663
1273 199487969
1455 86229424
3241 698491206
1760 332295181
105 562954823
2091 772511339
1449 108053989
2240 599420664
3475 31007162
67 804387433
1795 990696884
526 693024703
3817 957390526
448 161640980
1706 845091384
1017 621262987
3212 14277122
1528 93946906
885 43276384
2698 647502439
1636 400546884
3500 846604582
1151 536627115
1265 297923996
1549 13332846
2141 107124032
779 88797936
3416 222492681
3745 968881875
829 374893434
813 819521529
3233 180720047
3491 58563128
504 991930876
2134 718437439
428 927305651
2122 548926796
2891 769776533
2466 849199585
2078 77255661
1688 439660562
1412 794844930
2526 556419222
2100 156296425
1230 629837805
3119 178363628
2736 938672603
3550 251240453
1110 986824385
499 919615553
1091 599491943
495 117787674
1591 872346360
758 425572082
1286 553001258
1681 633218161
3636 927368626
803 846911664
341 348207577
3031 528075457
3665 650378870
904 675365635
222 374166372
1789 508409703
3583 377358093
57 283339083
652 283260400
890 483866517
3220 191599356
3097 552782039
628 390346431
3436 977584752
1038 160516132
180 204425596
224 967273609
3402 67928204
3228 474973685
3977 65643985
795 721383685
3862 798005102
3118 544079042
3776 21345785
3135 310900297
746 331426997
3917 428435365
2338 212116624
43 101064884
2912 100979312
2521 538604429
2531 286250069
3325 675736099
269 755714980
3150 246480888
3153 890233121
1007 371809095
3786 308616029
2930 600905924
2294 375377580
661 14676752
364 899146466
2664 523489430
2563 307236925
1702 1947917
677 823761257
1904 309074573
2175 883248664
1676 447878045
2390 567838242
3125 934583619
2700 130565326
1645 801472597
875 118536024
2890 550256100
986 44481404
1375 867847903
1851 371496438
893 501546288
161 42108726
892 332381849
2306 235173862
3388 481995398
392 625954991
1721 92822711
1576 294494293
182 398674527
827 675268667
619 776301065
3926 392825317
171 523089620
277 501850238
2588 102525030
1964 588132659
312 998800198
2329 35220263
1459 62600545
2067 711101502
1889 209805224
1071 958764012
945 924321780
636 869975237
2366 858322937
3495 704948068
1546 953353921
1830 847836177
2157 397905292
823 26595104
695 831095236
658 227892998
1654 690283486
1122 830583965
916 782124858
103 210621344
1203 230515025
1430 786078109
3868 262581195
933 849944721
810 147026282
2344 697856144
2403 326083651
3760 597348742
3218 357961742
2065 950017630
1899 275854021
958 421306105
3505 969824630
83 78845377
1002 411233886
3882 933652527
3727 984994506
258 384873158
2907 28272933
184 25668504
2472 605397418
1664 34224507
144 834331394
1797 132043652
3610 42389518
1633 330308470
3910 87352936
3316 758091666
571 732582691
1052 537943801
1044 151028168
2983 198202497
3010 205618070
3424 214639178
1001 870765485
1838 112950579
3751 9115479
2716 870329865
615 746866100
2945 235023748
3303 423917884
3546 971427172
2033 410881687
3296 994600552
3364 997984659
2197 234652410
2015 713092221
2763 710373406
1121 74183317
663 841751496
2804 830465996
1993 149650822
1583 8176014
2176 483371064
2599 691439245
1354 748386054
3340 694193045
2262 799243975
792 37872797
3530 33375702
3662 848408114
3322 414532895
3737 307565858
733 234574133
3059 520521459
801 580680171
2701 514212799
1945 701836502
2164 276607879
2740 996866207
2181 588969011
736 391484738
447 286203768
2126 359379614
1323 991074414
1491 409873746
2762 215892109
1006 382059957
2822 680694866
561 891324451
343 679886948
2896 609542725
2741 38953167
3656 589139981
1330 404480061
3775 5216107
515 883352673
912 743756638
3472 119838508
616 469199993
209 423002890
3023 774261278
2499 971590766
1833 469667687
2404 994604456
905 934629285
2922 510317377
3112 494202268
401 667671495
2693 337648715
2480 700734909
176 37129894
3390 297695965
3294 415558393
2551 902574139
72 360561733
1956 921255685
3009 438877616
152 910536308
836 38007206
3808 85098640
2445 521298295
1098 389532518
2238 688154006
2433 583412360
1448 771903937
2667 21508049
1395 542341174
3284 1160199
802 161001897
1162 12788044
496 633610388
81 949176890
3681 270401579
1496 655731458
1850 201059964
195 27159846
1900 116211214
2598 576509395
56 680378660
3302 613672790
808 479850262
1333 332872113
2189 628850786
3363 381759406
1239 590523417
2208 576557436
3156 545073320
2140 75685289
2136 467941825
709 82638865
2360 367353619
2808 502651003
3345 611995973
2213 937253945
2039 71788308
3221 934237420
2072 498834136
3267 959089460
2298 630572574
679 477346371
52 959173071
2602 585440600
1119 760151521
2088 187481917
3608 437213271
1384 846546101
686 619043924
2373 432240001
1599 460892472
1921 303112883
3920 542185392
2290 994956203
3226 668875320
1338 358115413
1880 704754427
3979 723132070
720 511095543
3758 571058331
3728 436637778
3158 487219737
3051 782769982
3799 932147422
2482 627004329
715 962748346
2364 686471374
2848 935811234
288 287610563
2246 793593465
3689 367110073
3100 677200066
1603 804137978
3452 300006184
3928 473252480
550 882099645
1424 482278732
1596 523698790
192 554380530
638 731479608
276 531552531
977 712352954
2992 429612485
1379 422187931
3328 652313904
17 869450013
987 404113941
2691 620448421
3769 587168853
2223 987066151
1101 150876643
410 994600459
3065 654668440
2008 510529382
1877 783139579
2900 410869466
2427 397720599
475 950087980
519 356073150
1168 985820905
1888 445199431
535 122462678
2216 915155495
2622 343544303
107 504059306
1329 630425542
1303 625824323
1053 536793168
477 424443977
3419 924704912
3149 706148986
1431 520980615
2798 740770221
2950 325955197
3612 995492147
878 619507172
1129 692220612
1924 144762882
2766 817512315
2050 141393316
2276 703806805
3988 366731156
952 758133861
3083 556339492
3581 941429524
3195 238379283
3056 737597197
1443 688580681
3902 647021521
3657 425944937
2578 581681046
1027 675368579
778 767965292
2506 11430333
2871 707340057
115 261374641
2135 485605681
3869 313267937
3810 793206590
3453 184505568
1705 396119135
127 462862115
3036 271492157
3350 325005815
1381 45028149
1768 22534681
1413 152744392
3044 606536280
3877 532769188
2790 740499557
1719 186089082
2020 273979308
3890 944613133
2149 138349780
3298 415084542
2146 984004635
2959 385330423
2594 539436831
1302 542102726
996 856902183
2007 945609607
228 648425874
2607 163602546
1951 262310168
3063 609510803
2180 427139984
2229 341870289
1821 506867853
19 955443609
1074 360651613
1562 810999372
943 1217873
1771 759155285
1696 704766506
2322 744783074
3486 164836490
1246 837696866
1547 414927572
1855 954658676
3991 846994477
1948 511861766
2495 66846584
1173 993467825
3128 13527972
946 228215493
564 640813116
2601 972109081
2045 38198709
678 929600986
2333 867592312
656 268362037
2676 813642177
2379 784820706
913 236752156
3558 471750425
2923 536180101
2212 953759706
1245 405012554
2809 873106413
930 297114516
1875 880876588
2313 991103741
2882 568675751
2936 97885103
873 389899953
1996 296133758
929 28874330
367 491955110
3185 262508284
1069 219713616
2093 104647298
1396 32505685
3222 785443513
3532 656796739
2718 625753828
838 409613209
1399 96207455
117 669353121
2064 267169613
1911 940500407
2769 209278254
708 817031643
73 19869776
3563 758762556
2744 502342931
2037 458721573
31 467083058
1508 860217322
3240 513318589
3510 235957720
2805 798280972
1031 95141951
1277 578057462
3254 744542657
3542 222523286
534 436027308
790 799422276
2092 808434476
1758 785031483
2325 387713332
919 230025261
2305 140214286
1766 436662908
768 810689271
963 112768627
1054 353266425
1836 551345896
2675 513131634
1368 223375790
1526 3402496
3134 957735931
3205 874264845
3789 497296350
2288 265059183
351 303489859
3547 788966137
1123 373354376
1446 193571523
3343 254777161
3964 859962864
2202 534386259
2757 590363526
1938 731159408
1107 604484120
2984 465915719
2815 778806334
3171 458873568
1826 731038192
570 4767964
10 576387554
527 17127159
3070 823491985
3469 766063122
558 722709975
901 769277648
3335 231846951
1157 635047359
3600 832292644
3603 847176685
1620 152230537
1404 201673676
796 919873730
1536 347933499
3527 949584097
1433 607883144
1394 23734839
3914 956527292
1907 917059746
700 313154448
2450 767374956
3773 145496039
456 793094659
3411 396684505
2186 776464873
3849 117393165
1878 158459416
1717 574077887
3380 265469872
770 53655734
1236 359555993
232 436097899
2759 933752455
2634 206515362
3516 208713026
1463 299047432
3919 608736071
2516 961674350
2061 86367933
2055 695762173
767 932720997
1685 101843755
2442 665510733
1837 714241058
3115 608860131
978 488226447
1781 316857403
3782 333613624
2987 688644837
2819 597062441
337 36063603
3591 436347049
3666 650936847
1164 624947772
2603 170025308
747 542191199
2182 571755841
91 767568755
617 811914968
3079 859904921
302 540273985
3723 194062291
1219 939103165
372 347120276
1095 21774533
494 829407128
1144 675546505
389 593140777
2027 464547204
589 183667913
3762 2511166
2982 949804343
2881 19360070
3129 662720427
3462 885102494
2096 482078582
2529 140308330
3744 287611727
1815 452471567
2858 685597415
1829 236162794
3867 899428185
3962 759627402
3124 528176407
3082 36579255
1511 790977455
1708 400059748
3480 495007690
3410 97069833
732 605472875
417 108564531
3420 395357657
1166 322248164
3861 693386082
3972 935248812
1537 890870158
1611 631837617
2802 527709904
3446 172321836
438 289438749
3198 491327509
664 9178477
3445 555489207
714 434276716
402 799167962
1729 82299155
1180 41458061
2552 225212004
3702 632768918
1383 141449059
711 459473166
2487 150580113
3202 598078161
3093 218050591
2179 993793181
2114 302683685
2615 476734317
3315 602347633
1947 835315818
1169 428297852
174 238759774
3879 311486255
2234 174421633
650 867444197
772 143357270
2350 473052868
3907 56060876
2957 728395116
1402 199461154
3732 816661648
1500 800311149
549 594389168
1422 570740445
1812 472000710
2911 427764142
2148 21778420
2047 851182906
2646 975790521
3937 448474960
3743 431616017
965 192038132
3433 257278191
420 630722550
157 700483049
1451 728469388
94 658927165
2649 187173379
3676 478373540
1047 322743746
3568 995457054
727 511114174
1616 681558559
780 886085621
3780 2887928
3033 907114279
2846 612498812
629 128899323
2597 470126951
2017 887686310
2144 647118974
3488 238073253
3099 480743720
490 866794396
1689 495916631
578 5914318
3555 798917371
1380 336996140
2131 497173276
794 53785857
1425 914733819
1713 980172506
2077 618935297
2368 95379150
332 855231670
441 448314361
1908 778012586
3096 279822871
3477 963737049
3682 233965375
3138 700890090
2172 542325893
1870 383827490
2485 504119751
3738 630094727
690 513346566
3215 193756318
3835 950308368
3015 343019437
968 42793932
1159 679579999
2192 926639858
1982 220103037
516 657367512
1480 259633166
1697 264187958
3317 362591859
49 763128390
3561 147480856
1116 131958425
3975 597461359
1085 140072612
2060 563902154
3166 785917613
2570 995331825
1808 240302256
1353 859271373
1389 386350821
2266 146784730
1687 362654658
2515 794207277
200 806398879
2003 15676626
3454 290077596
190 20862995
2206 242710492
396 465906260
500 790874961
856 436693973
80 332099117
3761 829873800
1564 703618541
1086 464030053
3176 617997563
2361 122101588
1637 352875871
1393 446490562
3037 409561084
2315 500792159
2555 285849507
598 532306720
2569 716277035
2270 62282535
2742 605064140
3305 442108954
3548 610053965
2636 994241497
1138 91004724
1274 438429223
2681 716801009
540 304537481
3990 260215174
2962 471922813
338 568133433
995 847096240
3701 289176004
3084 552617856
3915 442367390
555 330057975
2733 803838160
2199 192067273
2704 541026459
3463 889685473
408 169337804
3270 835746387
2378 459005671
2491 770473171
1677 64283100
3736 287732356
3179 914169514
2519 896372376
2423 171616059
274 916181608
2746 457253060
548 557862714
3982 354209002
1344 916486671
1665 292487974
36 917457864
902 335244049
1343 389295408
3816 358863733
606 224222010
2269 914897268
3431 687196935
335 865081747
1090 662225185
2851 229969707
1486 471390712
342 21106968
256 8419335
1563 282472884
3409 391549121
1008 21819786
1579 591828392
179 583135251
2318 290438545
1548 660623997
3684 710020762
3048 185697836
1897 937762954
2702 955166549
1657 218974214
3152 407740811
2938 180961632
218 796922350
2432 728124058
1561 268288279
2839 672465650
3435 208095943
2156 346362324
3290 604242036
1844 81185051
1289 307344508
3332 803250309
1156 875401520
2673 250610330
2336 695559247
1517 161677883
3225 29910158
2545 434875673
350 353880831
202 141327738
3894 346828029
924 626858284
3668 919280339
939 44085838
2354 717438192
3722 390860731
955 317462762
233 132108612
2729 47884704
2408 779720300
3299 390726984
2670 930766322
1914 649331190
3753 310929954
3508 469879324
2624 407003379
3818 163257494
3933 291169236
137 928718706
2419 60698339
1691 424191506
2791 519151496
5 27054529
3821 512426077
2207 821303116
2132 696285195
3779 838751359
1605 645183351
3330 461112724
884 774179331
2355 295544942
3630 862097626
1794 684798400
1493 662136891
1317 644343308
959 515465291
1700 327971330
2835 134131295
3423 354032536
2626 652539520
2417 784100303
1316 187037066
296 742732689
124 942243219
3617 963897066
2153 551481004
2908 409756256
668 72322502
1545 931201547
3624 263036491
1648 454079338
3140 492140417
1566 273869431
1137 317577109
3414 621167789
2662 308506546
1593 955844563
3688 876610062
3478 11939136
3507 932383511
1831 99749596
2901 494147103
3092 932659765
2706 600546781
2850 99451177
2724 220066862
339 723202352
671 259919581
2470 896169375
3256 808675079
1607 490940212
542 552416734
2837 512236512
265 58054601
376 891396479
3663 18482317
259 900766829
3216 848729376
879 421628972
2502 551278803
717 961731222
390 904159084
1965 748765682
3459 883411525
1076 145937236
2448 816011553
93 553290490
609 951565800
114 788520482
2023 711819947
922 397288319
3924 621855599
2125 744823500
2571 138654591
2642 874998019
993 323419758
1109 437731764
1350 44998335
822 853549084
1799 768890505
1864 151677170
1141 161859820
2537 853498054
1484 522792433
2921 60960649
2359 910502417
3748 178557281
3888 428322842
13 207563862
421 463790075
3553 553334456
3870 947786037
1644 918006603
204 558966785
1145 767672419
2549 163947098
42 169341890
750 175666768
689 638279551
1233 201946933
1304 156693284
1182 75930338
3161 260321276
2133 447888598
2582 332043578
2697 673753501
2226 945940178
3518 98302813
2557 590200232
119 755180208
3698 38653158
2509 717161610
2111 291987806
3615 88306490
254 270913303
1575 177218955
2295 971975266
354 745227303
2271 383076683
1866 439391611
2394 55896811
588 864297408
1557 122374147
3422 693096000
1578 612612009
1698 93575080
860 838944880
1204 963270873
1737 685240922
2554 223691926
2915 568711571
2048 990005423
1023 906526500
70 109025974
3231 361294058
2566 790442142
639 683406195
1440 302694264
859 793162553
3735 641778013
1531 698052325
3726 825732588
2019 860140654
246 216496076
2717 964288871
2430 703047232
1042 38144080
2635 256117469
2877 532966227
3319 480147584
2544 902460836
2999 554441548
2589 625567006
3554 497710878
2200 310964764
2707 863518015
2174 371037704
3055 214918298
3830 995419937
3590 47400215
2864 117255539
1585 73260093
3211 588306474
1299 9802578
1346 351039838
3077 831801031
87 720818064
368 567685024
1686 409081782
385 68390260
1311 463809097
3944 575416428
2971 799068345
3175 701960428
1461 472012564
1032 598969303
1314 467836447
706 258473765
132 23670331
3781 43964040
235 605615985
2870 63836861
585 175967619
1672 253210496
2511 367363874
308 903769985
1755 418598740
2939 854980797
3116 129700919
3474 308726510
865 81384611
632 317226581
3019 573452161
3671 898804017
3257 188979745
1113 371622138
554 80419375
273 466636953
2560 625703534
3683 283283808
147 762330352
2660 151537832
3046 128545091
3504 41041345
1275 524773884
3918 378617676
483 87681238
3309 630325668
1163 129740338
471 695680149
46 976682301
1984 598337837
297 940847284
89 90999103
1388 682148645
1242 200197652
336 494810528
1056 630922240
1999 809477339
1711 106536862
1114 154815792
