1000
996423360 617684783
185786211 69958867
874860993 255667352
958263996 499023727
332728227 963964173
720306195 382009113
183707668 545515901
200872123 173436994
8346059 279836337
684011268 184352315
928749066 131810043
32476215 507398803
505827824 556978681
20307978 832470570
932536276 368021494
633617827 693671405
172153848 742565103
228294009 771647245
84589469 350398993
586049646 480907231
604279608 20783490
662495046 427205281
329027088 963592499
367909237 389024695
497212149 966906183
16676883 330063433
928025057 311877991
652273174 458214157
253815335 740618266
654822955 300249887
209589139 185687908
642858511 785684627
32708877 617548832
611875241 621840548
214641336 14696494
158787289 267629643
148685295 109190623
694496376 392190228
482863006 972404981
524846334 324500755
908999170 217165274
396829029 607446320
934813147 962801416
171576144 368576820
153216567 428497700
585038485 766711853
416394196 367995702
430802861 508863747
2040444 388809578
578852070 883948145
962702852 556621246
76732345 105014005
17180560 798886861
689832726 488317361
124881969 773099699
718587987 238701505
686150422 570276425
357174975 368545422
734545483 702964293
977861317 142611832
438977870 111896104
705348052 297269981
278765238 129699021
429193789 384134744
849929387 521193852
837003018 612905704
349515210 899392723
60287020 435870230
70702230 500252833
993677194 987097967
680573120 276931700
432281366 403091304
743179537 251699535
605000063 765632840
180884863 181194491
601965113 873478501
776242643 39834290
683605160 432959572
368220741 839819032
438527857 521909243
379625727 147834573
36339168 32093793
185178813 730868747
330327655 81226747
831652880 302612947
823873541 646528136
256346807 331734178
813718490 39506656
184693114 853444241
776199016 721856976
657215022 335410707
107542494 691498094
520397284 755772369
948423138 549372826
978261812 273396201
794258695 429594531
372612481 328266406
561706016 272315377
176135002 559876421
925551481 733409639
460414202 570061992
278989887 529863014
160967111 365026151
444509622 493491964
956978835 549350595
21013335 252644453
765394943 809803562
399478570 30299868
445876492 145491972
454518906 765407057
786307703 371560628
668452327 151725312
437486413 749255764
407561756 878064113
379705231 173895546
635438456 468176948
590444249 570383928
597376665 337796360
640246385 960030484
981343649 122627012
925415074 844203719
953204868 549707305
739339307 934635315
817786808 929634607
811771166 391417487
796413396 247884219
735767417 294765465
814818928 62819122
279399731 181743334
558207011 699116091
18015801 454383902
293795320 246249876
983274030 693865769
773060028 216983104
10016398 812571443
417103150 341853036
455299376 983808925
30326719 338767924
851231665 897958130
351899908 934694721
840297443 18125626
146866966 813435369
540342399 785449844
383491117 279956514
925463260 734710651
764929990 654224067
612756175 179855496
121926263 772055899
561504621 168725147
256459636 852962583
108903361 763840659
754931109 389903727
586128625 611277357
474974387 904941100
404978387 46818074
186434726 375112589
569318689 58687777
610759366 330620910
618681541 502755555
974450100 745908963
868111933 274111295
436029198 125505976
361197399 176514346
364753872 297364615
580606382 659095713
537602970 353223979
949055210 983973509
264704387 207425756
259037507 514404198
310681772 478827757
4687804 628797891
353734215 373591238
628708844 100930751
188321861 555901682
265704274 93767473
536052183 853291038
669234511 653228551
981089682 215590779
57448717 163747673
215725879 66213683
638495744 197274702
285013130 911572571
546035406 821456434
233620220 924724446
820723023 393549158
596769730 529072921
766864708 552058373
708365187 745923205
694962032 787137758
32407089 673198495
535170005 620353508
597975624 302648658
317715479 350017496
147527554 817732828
480972684 993404070
155707486 40189325
617000437 230929518
592212596 53745684
87577921 693762724
511985608 648983249
354309877 665463415
417592352 203868297
20876906 447494278
958421067 944481732
829605348 348793621
391211117 216108666
207777938 227581100
773926645 858812186
528456786 254473690
8896275 759373750
11516825 657720968
880681217 436779106
65790876 428912485
322389666 295933761
311894088 534628311
315226476 92236264
555334634 120576465
233387738 199432133
424913626 708665573
953208721 344693997
770580864 104236443
203655532 281990394
225892999 858572970
227667492 773318644
303640032 515114260
273188872 285576385
555735922 104361964
78554121 119428489
460987813 947823648
525310404 657930952
452188693 11823129
431283333 838685650
76751218 46741395
425947107 93772012
957755356 858416326
353818908 206908804
371268255 807836622
440086014 951829122
550004098 572039480
406032105 133958563
253560703 493588064
88771964 597184025
318559626 609884552
634220370 928908398
865864859 753332081
547831941 436844976
491031623 170688246
699999478 744937605
915883009 854069737
700448981 377851154
805655328 926779179
903638680 475415320
378527392 130391638
6540652 10285297
895782532 90594844
550065412 362918203
80524603 583519908
651661695 565921314
675517912 593269818
668123529 141898660
698031647 381495072
585455026 45246638
995446179 959640043
361823370 708478977
487468018 925226259
983796847 554802478
170976688 731424944
281736351 508157283
935815212 802908482
415983095 96794779
349882844 275814695
829695121 796936125
380951428 740348823
564768843 979753677
378670489 573155363
828115096 334440635
127462178 640255247
316755590 608541869
68400879 478669270
75606443 590462199
425266767 746462441
895403895 177450209
620919940 662142612
535463695 798958769
416691629 758758969
914628016 42967845
378903805 28221509
843433760 781470047
571790938 241238850
461696928 836994842
494562226 700069835
574346587 186672673
422487533 273765114
860076637 730212026
166469412 286062073
639297785 406177171
536089329 396233069
207352474 582315884
757014507 301888607
358886925 131635584
543641190 508796949
891157578 528292623
175407827 877710132
903250806 614125755
33421676 493832565
237936475 534368013
781114591 909216235
948535302 590738297
68034349 302971921
92745569 800870612
715199985 263822194
384761082 74977651
833629291 250667289
148179287 111406646
159510201 994566322
112397544 383239812
731508866 756238564
161031924 161948333
880249452 593004869
295637780 280273363
510030911 271792159
538394942 911257970
966081446 280725608
999593355 98483239
233770475 989807945
315432883 287405869
101066097 544075217
164439668 357786918
918162747 800178867
264519610 570597462
567993140 456967902
595629532 32080280
313290951 966573132
69694414 54735812
4111682 903686105
269638526 427968643
934535470 127745787
243551915 406190644
304797806 265664299
953995664 979387064
491465826 78263499
683769471 819347270
37464422 465854995
14416636 467364412
884978698 866659385
8584058 284799950
569634184 381149246
940644824 639226952
850877352 817379079
537516546 844037531
299138239 388954478
3021639 651514792
117790697 42289892
306051458 761392254
707141411 424694174
218837433 945450810
495492303 84017404
509918596 304263134
881517132 293646542
281718206 7718433
883750691 836705506
849345804 844441579
648296906 665507419
186000112 354124889
543011046 699796974
689283341 778262451
679401282 317384249
449750218 480810041
156499733 4540257
976535418 981941953
610160452 33322852
561707258 194693004
905891964 956923850
329584384 47371862
481534170 194499707
232454821 459029319
120729264 141224024
954861252 887152126
227195523 828150880
719390139 894225523
253944640 445428629
430342421 264617411
926157739 908507264
219365763 124022200
277595543 336929819
972200793 190101463
231357353 181978692
93155742 511687401
566383492 333983209
355785679 307341513
386102458 253887535
251526400 25320016
738322505 930623632
193218629 14174606
188462225 15885023
77283294 584622452
507752001 78939286
26937568 175646918
317353540 860584897
966491991 956791141
392316055 537122632
472351941 981655473
478092252 263895826
554906913 730222872
271007730 769836802
578355234 651881926
715822950 365757502
99272426 178675313
241064482 192279496
634910073 840844994
436392724 757701914
488546264 595262336
94262138 826483921
554280361 58447250
365439327 887395249
868688474 688677847
203115610 735004411
347360244 229347296
326599015 611869350
315707485 410035166
365985288 64319124
512138244 583630524
144624485 758066292
548681445 867136232
32434865 910862659
84946912 540324305
435331049 191361858
649845726 594571778
364491536 213463067
949098765 546766233
145666522 136388503
439457775 147650916
780677320 947317760
680642701 392289400
435154805 614070164
398767684 4743079
641690309 919009233
859352951 62110951
386172823 229323349
247528293 552214778
602847139 266103015
54598461 781207809
406790666 938148309
273333747 531355631
611081735 236567363
215253100 819708516
710307993 361511562
454443914 75143439
252315901 751230827
252925763 676795178
836874851 593338354
694021005 691498266
922469999 725036453
316180985 741549150
619056102 779322080
21257997 523919507
18493501 803321977
3797078 364050779
898626418 766401488
900741646 127786152
191926815 685813093
495786336 721654605
998690508 958571292
697389925 32547921
609699493 496726746
335448555 733983204
558952918 550183638
444145951 832325008
122464478 396820229
261639119 851267733
217795643 788558522
138156929 707781770
754961602 356766290
813435081 578666985
307629217 574694631
391523082 147666064
842989742 225863199
267779667 730971856
547468487 256303356
334084494 93915410
67126818 730869603
151666873 978249224
293645132 52506688
52915836 587078805
148644122 306188209
305597190 639943015
567080265 392706238
592172416 575619846
484135215 93509755
653338166 391644671
219991580 969771636
672025671 963304005
723917196 500070166
714473861 819913511
357741219 904986452
847934564 415749931
588081585 350034599
814971277 967842969
242128742 263830322
845570037 842266259
176554919 297891180
356916715 568445275
74784921 373131784
103481890 113232549
861489635 211773930
640533173 824346142
916380581 113940381
388366057 666428991
683806872 183739507
305966996 247227075
304758591 833876212
270731838 218487172
531964274 254055809
297433656 757094551
498247186 247471328
786163433 985163831
966425032 650066448
658421477 101996800
879344316 237062178
921804143 896041513
127576782 991050648
405867157 757814875
510742366 51260055
899446093 997386458
116997867 270900680
949557032 488143658
484937425 841713019
852486721 955279598
264671280 386468168
242683053 797806372
197000763 994543219
193455094 567869641
861902730 216472704
220199558 45583044
263335894 633736052
461367924 921186401
63775067 686209347
462313106 881232054
667646586 501803091
702594712 937464973
778387365 475919538
128217903 912229136
157250514 36209380
413895682 610816668
384201075 962580676
936364407 521369938
197534301 509414892
552533426 104846411
644591129 629915424
554790718 543504637
450379108 614135343
607149913 311678686
650321651 909388787
332607264 604535675
673430207 868532277
569742285 452012565
852092877 712487185
298998280 397485868
866180933 115680607
293168866 568661068
32881366 83722234
970394227 676007314
770844454 555704544
538339919 650081988
29065997 856970051
861837284 682743673
668616847 701213835
274129169 329761786
433017042 707196085
862979847 627957788
628719794 717540761
113800086 469027129
159919219 479571459
890820690 811462970
289303086 456066220
195391492 193595842
383290967 236535505
523024775 472301252
525457965 898079294
752517421 671027441
335690417 950079270
298804012 606264720
665611498 531546414
246996649 314002424
460785264 350453204
950540086 233488313
689376386 746337995
84353702 599954011
298358975 977966977
984808738 863611584
589461603 820510169
821686175 831639702
389275061 869123728
914861196 305316503
197942463 102898343
493459583 6547448
310206080 333139166
209262911 905824029
440585005 881487159
307486458 235612267
325275052 171310900
758635606 344845734
163751828 75207970
295283489 109317204
199757406 859282709
542034189 414441366
531206524 289071999
397448890 61689960
65372556 358021999
143679208 928911379
402513149 793819589
240498301 838021898
992807775 392717434
892043310 472886939
517009581 348283127
403611857 187964562
590316390 851258347
345334647 725522707
267328757 828365776
469313216 142173458
159546676 849673110
150680121 259789918
843346538 711656805
807510416 584575793
510106755 317260645
554367582 504345741
56559982 121230931
580437833 45860035
198914414 24696914
916365198 705612059
567601276 245383447
229258975 970473152
277179883 908197715
483912926 150709705
248444213 594595837
470531118 881133038
308193371 128350179
793880287 124942248
491502064 931548814
10076817 867121665
706815886 205461190
896925048 661572704
425561295 400243718
803042741 672881658
72553452 671013831
502709064 73900704
745872865 427867460
55217074 982026088
974453143 798445435
493014015 827423115
931721716 323848914
531159658 977181408
670363741 603043317
185758262 315258526
121935580 490580206
119952461 443516566
743437418 667349630
463505251 235033105
373062612 714959963
805164274 293658775
852444721 423734549
47927018 234823767
834999772 278176788
401080249 985636014
172169602 625950736
536730046 946627776
502440015 715934700
485533880 130049327
466398891 198710317
850421734 292500773
33912141 276447857
309933663 648801628
441151350 389937244
278502680 425280008
335052070 169094063
351239321 358828525
160634428 788604222
636680341 946755596
758477493 205233819
518799218 142274135
714590643 584241497
703850492 403752776
4797967 459315935
505768764 78190633
206690326 26400190
970789409 934533193
276209496 955154636
71405550 273196127
257305985 211262305
695034604 140837944
23948484 747991842
319548362 256174176
364754816 202789857
283822635 174405627
311300006 598946239
137884688 70650548
784821503 82343206
17886109 305362907
465356643 909836869
201574112 243902268
910557955 626412034
682128829 2157980
55105507 969711870
615168498 323350977
824261374 272082797
99878917 486856323
26686029 212488373
312978893 814447989
913943146 27977861
418835563 714877277
880779288 653593558
386344013 246279054
397552955 839447353
603421079 64807671
404122201 223830778
240267436 659448071
961186950 955295956
812581942 968901277
757440307 841595630
870577063 537027300
172191264 723113906
638269031 724019927
576295188 733615650
101656413 848003044
588076029 620770016
397498896 186482349
930318498 363303664
10592336 810591935
150011439 679778526
20673546 745811448
805819412 575828231
854750019 613871860
915906164 336875130
302134868 240649895
972891724 236685595
79276210 300202065
140148078 879477078
483953825 249810101
865260763 408579942
947259876 506382629
803347077 867467589
66596835 80157598
751073066 469106097
632351859 360025648
743869522 630051608
982706478 761451455
417882960 572618393
354709014 528716912
456814617 843685132
78432532 966336626
152321420 677033540
217932726 559797709
411228551 469526298
20249367 719879521
639467035 44332695
398704712 657207154
697943082 157822583
367682184 211533070
743675802 985464053
724702241 102873228
486029571 786468691
260018826 692647187
369024518 648947080
730992950 637358902
286670618 484843222
48999260 722854464
566369008 988613023
143943300 929282449
576029064 267978352
169520129 706096879
89812230 204550134
23158943 957515255
637028247 803233598
246290825 809131463
688960163 975081171
400324419 868514440
444866453 699724318
592534433 791305458
768194311 626299648
428093191 604204400
197904068 596293827
861688052 414186255
841928244 487160648
431687090 987951095
887378775 867040802
271938837 571999683
985870734 629934539
918134056 867865762
813907027 723826356
921020001 775921490
249704901 884697463
688579900 571768311
970388693 109622409
236634917 357736907
444320470 313384912
947709513 752575753
913007340 174798000
53855170 247914520
898810680 947445888
781273326 510630028
636583357 839377507
554143458 487936128
860414481 780333630
303257783 681321844
518545119 401783012
656095634 320829698
677203413 550476944
868544400 77782484
864406922 50167204
136467846 664025560
987281904 167142096
993480243 608381850
480600700 737771204
568747733 366929916
598200002 314052787
40585630 119616290
559182772 162601711
540695228 31079468
158698385 483961891
209335954 876384669
762956549 470441906
633933113 327579570
284376725 360625035
710847133 627152945
529320329 408856374
993246407 609151141
25321302 132372860
567220853 518539215
265283638 181401178
362906425 957402399
134958936 553248421
660023404 623081463
424950728 136885631
319922019 854794388
743417555 635252177
834648599 796652122
128741614 995366086
969443795 660354853
37123302 657768366
724805453 556470357
742987325 804690448
775128790 99892089
580242758 888351159
127774479 119870424
950312620 900833374
855331284 894511145
290405114 138007722
371119033 269225766
358356512 25030028
970161472 305065209
884547891 749512980
459780319 701479738
958253484 45324308
595578685 244513639
560767890 505226897
263043783 697789951
178118393 376689860
907690379 608858533
834407730 185472219
364780366 860935867
316842760 310879557
408824984 737890880
651403759 721379244
143545848 888431328
36633166 321595284
950547988 33555521
947833690 909390866
955333529 380395483
320404114 491356118
707394042 298618300
618444023 842181771
474118402 786785166
360363260 106943456
60488646 485823549
554822726 570254291
680860228 207568601
338002276 837587507
946264463 502837544
874360427 475086328
701224779 443808271
778438516 216791628
695817228 62638282
845962688 942392943
136789108 901973889
876524047 731338648
590415513 99282058
836452246 81918964
162951638 639533501
208960164 973348034
447163490 4394724
918992107 435199466
105484885 182780367
813588428 195557135
616580228 907500434
36568748 760308952
128246642 678925069
831813108 288389493
335976480 141586129
404411578 223056174
911608107 925306707
432943241 205093662
631745417 167734977
684547151 11755001
627439025 895223885
193718413 313765529
990832048 840330926
470705253 954919197
644334777 514106173
825821493 20666573
596857427 106777812
215840311 458862230
301807410 748010995
959519393 136001862
207734766 585647830
776287375 971663827
707846945 735363100
281933436 773469751
791481296 367243390
292365527 150178880
926032656 386829476
499775014 514286222
609683265 19645882
946586132 524189560
491548915 536224382
353989770 81168028
263012116 903759881
981358416 30365549
753893736 124441806
232873246 52187447
330212834 960700896
35808036 7072593
284880762 447744920
427665002 78610780
75561056 792562746
255861528 647695009
48427665 632352252
770435658 897619624
929135302 195666754
30732841 859699376
504395553 590470049
908321876 993044926
20874948 99236444
408543639 298528469
633404228 159949551
388385462 162798722
754230316 361043523
321135323 938233116
640129635 895074752
645781368 597216415
659718873 837507026
869262091 737988457
635611515 878807161
286546657 1625128
999287410 845157211
717968544 6153348
98882587 270141943
777966706 237624361
397193431 149672430
350329925 62298407
788257602 617224069
834949011 98180932
476872575 868412984
919327369 858444209
432252752 924978905
938170643 459398506
457979330 674751154
151458254 471638311
541360243 35348771
550510320 224495608
628586512 20129072
322108654 925314511
481082768 319685584
632117480 397704548
373381079 760592429
124465422 787560569
737312898 758967207
688329944 92321597
922030864 419763119
806340264 618486161
749115614 139357278
332594780 560739244
932006377 680534575
688208773 348262262
37821471 537922296
877796483 34141611
70567632 999936866
735173903 567476009
371713333 395929274
376715437 908278127
485662457 120927165
820242526 725741950
605127315 738440731
775275432 817822551
394400064 122431876
599308030 667272966
558313886 168419320
657671573 139528143
984776608 868070363
977867109 983798322
755826789 404255648
