500
999999999 999999998
999999998 999999996
999999997 999999994
999999996 999999992
999999995 999999990
999999994 999999988
999999993 999999986
999999992 999999984
999999991 999999982
999999990 999999980
999999989 999999978
999999988 999999976
999999987 999999974
999999986 999999972
999999985 999999970
999999984 999999968
999999983 999999966
999999982 999999964
999999981 999999962
999999980 999999960
999999979 999999958
999999978 999999956
999999977 999999954
999999976 999999952
999999975 999999950
999999974 999999948
999999973 999999946
999999972 999999944
999999971 999999942
999999970 999999940
999999969 999999938
999999968 999999936
999999967 999999934
999999966 999999932
999999965 999999930
999999964 999999928
999999963 999999926
999999962 999999924
999999961 999999922
999999960 999999920
999999959 999999918
999999958 999999916
999999957 999999914
999999956 999999912
999999955 999999910
999999954 999999908
999999953 999999906
999999952 999999904
999999951 999999902
999999950 999999900
999999949 999999898
999999948 999999896
999999947 999999894
999999946 999999892
999999945 999999890
999999944 999999888
999999943 999999886
999999942 999999884
999999941 999999882
999999940 999999880
999999939 999999878
999999938 999999876
999999937 999999874
999999936 999999872
999999935 999999870
999999934 999999868
999999933 999999866
999999932 999999864
999999931 999999862
999999930 999999860
999999929 999999858
999999928 999999856
999999927 999999854
999999926 999999852
999999925 999999850
999999924 999999848
999999923 999999846
999999922 999999844
999999921 999999842
999999920 999999840
999999919 999999838
999999918 999999836
999999917 999999834
999999916 999999832
999999915 999999830
999999914 999999828
999999913 999999826
999999912 999999824
999999911 999999822
999999910 999999820
999999909 999999818
999999908 999999816
999999907 999999814
999999906 999999812
999999905 999999810
999999904 999999808
999999903 999999806
999999902 999999804
999999901 999999802
999999900 999999800
999999899 999999798
999999898 999999796
999999897 999999794
999999896 999999792
999999895 999999790
999999894 999999788
999999893 999999786
999999892 999999784
999999891 999999782
999999890 999999780
999999889 999999778
999999888 999999776
999999887 999999774
999999886 999999772
999999885 999999770
999999884 999999768
999999883 999999766
999999882 999999764
999999881 999999762
999999880 999999760
999999879 999999758
999999878 999999756
999999877 999999754
999999876 999999752
999999875 999999750
999999874 999999748
999999873 999999746
999999872 999999744
999999871 999999742
999999870 999999740
999999869 999999738
999999868 999999736
999999867 999999734
999999866 999999732
999999865 999999730
999999864 999999728
999999863 999999726
999999862 999999724
999999861 999999722
999999860 999999720
999999859 999999718
999999858 999999716
999999857 999999714
999999856 999999712
999999855 999999710
999999854 999999708
999999853 999999706
999999852 999999704
999999851 999999702
999999850 999999700
999999849 999999698
999999848 999999696
999999847 999999694
999999846 999999692
999999845 999999690
999999844 999999688
999999843 999999686
999999842 999999684
999999841 999999682
999999840 999999680
999999839 999999678
999999838 999999676
999999837 999999674
999999836 999999672
999999835 999999670
999999834 999999668
999999833 999999666
999999832 999999664
999999831 999999662
999999830 999999660
999999829 999999658
999999828 999999656
999999827 999999654
999999826 999999652
999999825 999999650
999999824 999999648
999999823 999999646
999999822 999999644
999999821 999999642
999999820 999999640
999999819 999999638
999999818 999999636
999999817 999999634
999999816 999999632
999999815 999999630
999999814 999999628
999999813 999999626
999999812 999999624
999999811 999999622
999999810 999999620
999999809 999999618
999999808 999999616
999999807 999999614
999999806 999999612
999999805 999999610
999999804 999999608
999999803 999999606
999999802 999999604
999999801 999999602
999999800 999999600
999999799 999999598
999999798 999999596
999999797 999999594
999999796 999999592
999999795 999999590
999999794 999999588
999999793 999999586
999999792 999999584
999999791 999999582
999999790 999999580
999999789 999999578
999999788 999999576
999999787 999999574
999999786 999999572
999999785 999999570
999999784 999999568
999999783 999999566
999999782 999999564
999999781 999999562
999999780 999999560
999999779 999999558
999999778 999999556
999999777 999999554
999999776 999999552
999999775 999999550
999999774 999999548
999999773 999999546
999999772 999999544
999999771 999999542
999999770 999999540
999999769 999999538
999999768 999999536
999999767 999999534
999999766 999999532
999999765 999999530
999999764 999999528
999999763 999999526
999999762 999999524
999999761 999999522
999999760 999999520
999999759 999999518
999999758 999999516
999999757 999999514
999999756 999999512
999999755 999999510
999999754 999999508
999999753 999999506
999999752 999999504
999999751 999999502
999999750 999999500
999999749 999999498
999999748 999999496
999999747 999999494
999999746 999999492
999999745 999999490
999999744 999999488
999999743 999999486
999999742 999999484
999999741 999999482
999999740 999999480
999999739 999999478
999999738 999999476
999999737 999999474
999999736 999999472
999999735 999999470
999999734 999999468
999999733 999999466
999999732 999999464
999999731 999999462
999999730 999999460
999999729 999999458
999999728 999999456
999999727 999999454
999999726 999999452
999999725 999999450
999999724 999999448
999999723 999999446
999999722 999999444
999999721 999999442
999999720 999999440
999999719 999999438
999999718 999999436
999999717 999999434
999999716 999999432
999999715 999999430
999999714 999999428
999999713 999999426
999999712 999999424
999999711 999999422
999999710 999999420
999999709 999999418
999999708 999999416
999999707 999999414
999999706 999999412
999999705 999999410
999999704 999999408
999999703 999999406
999999702 999999404
999999701 999999402
999999700 999999400
999999699 999999398
999999698 999999396
999999697 999999394
999999696 999999392
999999695 999999390
999999694 999999388
999999693 999999386
999999692 999999384
999999691 999999382
999999690 999999380
999999689 999999378
999999688 999999376
999999687 999999374
999999686 999999372
999999685 999999370
999999684 999999368
999999683 999999366
999999682 999999364
999999681 999999362
999999680 999999360
999999679 999999358
999999678 999999356
999999677 999999354
999999676 999999352
999999675 999999350
999999674 999999348
999999673 999999346
999999672 999999344
999999671 999999342
999999670 999999340
999999669 999999338
999999668 999999336
999999667 999999334
999999666 999999332
999999665 999999330
999999664 999999328
999999663 999999326
999999662 999999324
999999661 999999322
999999660 999999320
999999659 999999318
999999658 999999316
999999657 999999314
999999656 999999312
999999655 999999310
999999654 999999308
999999653 999999306
999999652 999999304
999999651 999999302
999999650 999999300
999999649 999999298
999999648 999999296
999999647 999999294
999999646 999999292
999999645 999999290
999999644 999999288
999999643 999999286
999999642 999999284
999999641 999999282
999999640 999999280
999999639 999999278
999999638 999999276
999999637 999999274
999999636 999999272
999999635 999999270
999999634 999999268
999999633 999999266
999999632 999999264
999999631 999999262
999999630 999999260
999999629 999999258
999999628 999999256
999999627 999999254
999999626 999999252
999999625 999999250
999999624 999999248
999999623 999999246
999999622 999999244
999999621 999999242
999999620 999999240
999999619 999999238
999999618 999999236
999999617 999999234
999999616 999999232
999999615 999999230
999999614 999999228
999999613 999999226
999999612 999999224
999999611 999999222
999999610 999999220
999999609 999999218
999999608 999999216
999999607 999999214
999999606 999999212
999999605 999999210
999999604 999999208
999999603 999999206
999999602 999999204
999999601 999999202
999999600 999999200
999999599 999999198
999999598 999999196
999999597 999999194
999999596 999999192
999999595 999999190
999999594 999999188
999999593 999999186
999999592 999999184
999999591 999999182
999999590 999999180
999999589 999999178
999999588 999999176
999999587 999999174
999999586 999999172
999999585 999999170
999999584 999999168
999999583 999999166
999999582 999999164
999999581 999999162
999999580 999999160
999999579 999999158
999999578 999999156
999999577 999999154
999999576 999999152
999999575 999999150
999999574 999999148
999999573 999999146
999999572 999999144
999999571 999999142
999999570 999999140
999999569 999999138
999999568 999999136
999999567 999999134
999999566 999999132
999999565 999999130
999999564 999999128
999999563 999999126
999999562 999999124
999999561 999999122
999999560 999999120
999999559 999999118
999999558 999999116
999999557 999999114
999999556 999999112
999999555 999999110
999999554 999999108
999999553 999999106
999999552 999999104
999999551 999999102
999999550 999999100
999999549 999999098
999999548 999999096
999999547 999999094
999999546 999999092
999999545 999999090
999999544 999999088
999999543 999999086
999999542 999999084
999999541 999999082
999999540 999999080
999999539 999999078
999999538 999999076
999999537 999999074
999999536 999999072
999999535 999999070
999999534 999999068
999999533 999999066
999999532 999999064
999999531 999999062
999999530 999999060
999999529 999999058
999999528 999999056
999999527 999999054
999999526 999999052
999999525 999999050
999999524 999999048
999999523 999999046
999999522 999999044
999999521 999999042
999999520 999999040
999999519 999999038
999999518 999999036
999999517 999999034
999999516 999999032
999999515 999999030
999999514 999999028
999999513 999999026
999999512 999999024
999999511 999999022
999999510 999999020
999999509 999999018
999999508 999999016
999999507 999999014
999999506 999999012
999999505 999999010
999999504 999999008
999999503 999999006
999999502 999999004
999999501 999999002
999999500 1000000000
