50 25
577996456 767788888 495625470 723639872 763932040 460711573 405630654 605116984 590450246 28023914 294151097 802797830 966823756 747547020 216829703 205629376 279565906 226077157 498876109 274169029 722840248 592360969 760509423 466327291 634042041 19878064 362452555 213438035 696714074 340377939 362467629 802178410 973492245 144654301 814772310 318613476 462962030 61062984 969270083 859048263 233023885 2296840 194447765 537389549 676675901 47986723 563926942 823084784 583719145 312259459
1 2
1 3
1 4
1 5
1 6
1 7
1 8
1 9
1 10
1 11
1 12
1 13
1 14
1 15
1 16
1 17
1 18
1 19
1 20
1 21
1 22
1 23
1 24
1 25
1 26
1 27
1 28
1 29
1 30
1 31
1 32
1 33
1 34
1 35
1 36
1 37
1 38
1 39
1 40
1 41
1 42
1 43
1 44
1 45
1 46
1 47
1 48
1 49
1 50
