600 885
594908406 248551775 741203379 572070237 604516686 721731177 197593834 666323666 352639499 266089496 127652474 934899830 349190404 841881396 271661232 13149936 666725474 681077787 640500453 445105055 428163936 646896473 388237684 932242775 443874408 398446245 428257004 713258187 954361799 26816146 122938313 965819294 848367547 14840216 361788041 199882577 969098640 804982746 742094771 521036302 195633765 164228080 94701858 374982480 513817704 838616104 693152167 773544513 853684880 870235805 264818032 83646468 985292027 100650681 635102510 488755721 326709538 480005352 749771309 874445422 27161464 659955957 5989218 874056675 205144355 367225161 785691207 797852714 424799344 848377887 528460226 957860787 158862340 939104529 735748212 90857791 71551783 247897434 1174134 361774096 215780185 235986361 500028364 356577442 721396389 922023425 655565635 208470203 176388502 162789395 474524031 319995671 718874023 612630726 821680405 539448982 215684130 603235754 467107194 820855389 707342487 19265163 530819696 32317069 648825669 95922906 408177460 362015803 518891045 883772547 837478913 471102582 849385369 582244760 39586435 355272205 496693648 974960038 479708700 97675339 415387759 84411491 491085619 486340024 854268416 82917346 237158647 609068448 65172136 326429476 520764528 977734193 709068389 822617514 161571830 703037081 515458411 896382079 357479678 257224389 408559861 169574099 363951056 58452193 996704248 861229312 9333175 314123358 407435040 251615583 272881877 336477562 516465920 804572707 886595943 668622666 461530235 867441330 832065748 71785908 455244266 814521065 661127004 259908523 979931260 11638116 918078432 553880103 909580060 498533579 409672056 680325283 509994095 92677517 816394151 825125723 545841406 85655123 530482602 733085372 932081401 646426409 814034400 425925577 336087110 815639728 824974275 332614464 117296768 198776917 798034966 529550031 714095564 648636159 298134370 270477298 170423562 827646196 305833521 816133607 246981283 160977510 637415066 338012119 655312704 54785862 438454055 903779488 898224063 147326792 783172324 173084692 502246305 579376203 497811623 240821624 38103404 303821355 671087168 584294074 237663301 418809442 97714692 262004655 478182766 750176584 53778159 709726206 415963489 898898041 469612073 548777892 584540361 951349469 848434358 769197844 594566322 777461504 153824676 440613310 246508551 267033067 316988372 737483994 727086103 239854632 150915747 7057659 778420880 487402684 556069029 880266471 977297907 56610016 872710863 268890755 170709962 283277580 251381895 530987702 944015447 49363471 485280614 980707224 600451270 42514991 661287870 211220951 881755967 587319602 723575338 86047053 454823878 874019017 386837972 681141634 525976840 656017457 587907605 175837076 503038603 780502997 198851682 776249504 458430400 992288455 474210458 513648807 19045602 754278557 845035999 625609721 450916993 172130897 511572786 717561879 630550476 204889522 693974641 592132568 496661474 659197009 938423852 999408103 284478669 883555172 158664144 361105185 24086497 907938125 890136394 166289285 341750165 114831888 141182255 35091072 855248562 127638790 515978858 996155995 447715640 589596098 834723220 190988057 102384232 115442468 462031208 905150661 921490048 258985717 586033149 675369778 932141886 767238103 184383913 539278710 963579018 920749158 309451076 541300736 661739367 731989486 147190170 126799450 41703909 177549435 145289854 470590032 152425080 444927234 880968402 200251178 933219838 65117805 415445295 584505260 253625424 166407463 95485044 387116428 318451906 74901904 461787168 244424697 865580730 67596530 72819377 184821029 470203986 105607931 186313824 958834313 422441376 587541286 700603690 164339964 730988226 474044550 680369236 367106800 140837121 302765479 396364045 75502242 102304122 759701816 811333461 585557694 165214244 349897236 995682764 1943462 993204851 108606834 498690589 262548441 541321783 512695596 352340624 475278037 137475142 466308495 143010059 766604263 647168042 382052985 805076870 384530944 877903629 487281164 273641975 274644610 486597476 128534080 829445891 328489684 650210213 110403635 66952292 293338051 311742023 961875032 568582723 905551506 846741074 434417069 802654866 554454880 455359534 503057129 547596980 302881585 543516473 160405106 645611402 871030494 844462637 983470282 737216960 616467315 953850535 898578147 607602056 891733607 769904570 345358404 70462488 109857852 277283167 985075125 300166481 28778455 709929932 707937663 649021345 10227039 676986420 53635560 219376154 86935997 726629275 111558912 438312892 290071291 772110726 393606505 657220679 629029988 946771351 769356903 117459530 279759295 560881794 145421897 673191858 696330301 536195118 872883858 797155337 97288649 469427391 817730502 141051857 171968045 705817219 314509813 833828533 237197120 217625342 447149396 102982025 613544068 532687658 152527422 787540113 797922680 382304542 281271882 274541983 529909370 755375840 529153367 460385873 250682001 839320099 247266319 257989498 740763024 30191359 756539762 92578802 75157994 495138078 300041750 371136542 106719417 333553748 585897327 590543035 278650646 504755890 323991182 841457130 25246455 773161844 424925187 219032464 900542736 244826982 120346684 122387078 134757367 378394705 37396363 735031994 87962099 741910389 206362070 181553808 267821777 233185639 796931687 794505986 833058263 751935206 839721547 465924949 648811183 607118172 495993525 612144551 270611368 572171808 637918285 709587177 223154974 974559873 982054393 351795872 803337414 391188246 138600677 47961732 334024480 29686895 641987637 394808512 995874519 771627259 703872431 972834137 302769773 401512032 456285682 459450813 675187461 450068926 661821596 583742676 14415626 545762621 777109779 329411389 388632018 192456640 29608825 759247401 741304521 20556291 673015793 412968926 693769355 613920574 260557186 814987024 389204156 807351112 370400265 106093578 62830796
1 2
2 3
1 4
1 5
4 6
1 7
7 8
5 9
5 10
2 11
4 12
10 13
11 14
10 15
13 16
3 17
2 18
1 19
4 20
13 21
3 22
21 23
22 24
22 25
14 26
19 27
1 28
19 29
12 30
23 31
7 32
2 33
21 34
10 35
7 36
13 37
28 38
17 39
17 40
24 41
10 42
13 43
30 44
20 45
21 46
24 47
22 48
6 49
7 50
28 51
49 52
48 53
26 54
45 55
16 56
19 57
41 58
31 59
27 60
29 61
27 62
45 63
56 64
20 65
42 66
40 67
34 68
5 69
4 70
44 71
51 72
48 73
42 74
49 75
30 76
74 77
74 78
51 79
45 80
43 81
79 82
48 83
31 84
17 85
35 86
6 87
59 88
14 89
10 90
82 91
39 92
10 93
26 94
25 95
80 96
68 97
86 98
94 99
71 100
30 101
70 102
44 103
6 104
19 105
54 106
78 107
44 108
61 109
13 110
51 111
37 112
67 113
100 114
24 115
85 116
84 117
11 118
98 119
98 120
117 121
93 122
40 123
16 124
53 125
43 126
73 127
22 128
66 129
116 130
118 131
115 132
7 133
2 134
39 135
131 136
13 137
46 138
92 139
125 140
60 141
84 142
128 143
35 144
121 145
37 146
106 147
62 148
77 149
127 150
34 151
72 152
17 153
113 154
7 155
69 156
40 157
65 158
84 159
135 160
149 161
155 162
69 163
116 164
117 165
23 166
32 167
21 168
149 169
82 170
134 171
2 172
135 173
10 174
21 175
26 176
110 177
38 178
147 179
12 180
146 181
109 182
161 183
99 184
103 185
151 186
34 187
47 188
158 189
168 190
77 191
189 192
22 193
117 194
180 195
117 196
69 197
132 198
34 199
193 200
139 201
197 202
17 203
163 204
169 205
197 206
82 207
63 208
27 209
35 210
80 211
93 212
152 213
172 214
1 215
174 216
89 217
108 218
109 219
60 220
178 221
159 222
71 223
13 224
216 225
79 226
148 227
133 228
228 229
127 230
42 231
43 232
199 233
79 234
91 235
172 236
199 237
170 238
97 239
91 240
42 241
41 242
242 243
76 244
188 245
78 246
199 247
143 248
69 249
2 250
214 251
212 252
98 253
253 254
33 255
96 256
113 257
177 258
60 259
125 260
16 261
159 262
210 263
111 264
98 265
49 266
158 267
183 268
109 269
26 270
114 271
161 272
260 273
193 274
181 275
266 276
19 277
242 278
148 279
151 280
89 281
119 282
94 283
242 284
53 285
67 286
97 287
287 288
279 289
256 290
126 291
198 292
107 293
20 294
151 295
167 296
11 297
277 298
261 299
70 300
194 301
200 302
286 303
188 304
223 305
255 306
242 307
299 308
56 309
298 310
116 311
293 312
226 313
230 314
73 315
214 316
245 317
193 318
2 319
133 320
211 321
201 322
222 323
186 324
8 325
178 326
66 327
13 328
18 329
217 330
172 331
170 332
171 333
238 334
163 335
23 336
54 337
255 338
231 339
293 340
266 341
81 342
55 343
321 344
27 345
200 346
185 347
151 348
290 349
280 350
95 351
255 352
302 353
306 354
62 355
8 356
163 357
60 358
298 359
116 360
202 361
145 362
316 363
189 364
348 365
88 366
42 367
211 368
149 369
110 370
225 371
340 372
121 373
364 374
125 375
80 376
75 377
322 378
242 379
277 380
64 381
127 382
317 383
44 384
184 385
118 386
170 387
4 388
147 389
39 390
355 391
338 392
1 393
7 394
92 395
222 396
248 397
149 398
390 399
146 400
182 401
261 402
274 403
269 404
325 405
300 406
258 407
239 408
242 409
46 410
162 411
142 412
115 413
289 414
389 415
55 416
137 417
285 418
167 419
369 420
152 421
48 422
120 423
141 424
214 425
363 426
66 427
152 428
159 429
301 430
165 431
185 432
331 433
58 434
157 435
419 436
230 437
147 438
118 439
170 440
50 441
231 442
307 443
403 444
171 445
256 446
415 447
117 448
37 449
132 450
426 451
61 452
129 453
107 454
254 455
226 456
314 457
371 458
73 459
322 460
234 461
128 462
251 463
462 464
312 465
254 466
105 467
442 468
302 469
229 470
257 471
268 472
133 473
337 474
249 475
110 476
31 477
186 478
412 479
167 480
324 481
108 482
420 483
107 484
129 485
470 486
337 487
352 488
111 489
95 490
40 491
336 492
229 493
195 494
168 495
138 496
371 497
457 498
84 499
368 500
240 501
113 502
365 503
427 504
127 505
338 506
215 507
253 508
216 509
63 510
236 511
65 512
258 513
4 514
351 515
219 516
43 517
58 518
219 519
230 520
55 521
270 522
397 523
73 524
85 525
244 526
180 527
500 528
293 529
140 530
236 531
456 532
24 533
284 534
44 535
327 536
412 537
32 538
474 539
103 540
406 541
415 542
233 543
262 544
200 545
533 546
444 547
150 548
341 549
79 550
412 551
45 552
23 553
456 554
261 555
52 556
186 557
173 558
347 559
496 560
481 561
506 562
80 563
159 564
528 565
417 566
232 567
38 568
381 569
548 570
434 571
567 572
419 573
341 574
151 575
514 576
158 577
342 578
285 579
8 580
445 581
452 582
355 583
80 584
427 585
582 586
234 587
484 588
448 589
206 590
235 591
582 592
490 593
305 594
267 595
353 596
137 597
437 598
524 599
453 600
