300 299
167 193 146 375 170 202 299 187 308 159 390 257 6 45 93 93 473 327 84 144 459 38 426 377 117 183 350 251 166 487 67 335 297 94 43 203 24 6 7 265 168 71 328 490 362 235 52 336 211 154 161 494 89 438 273 361 202 51 12 66 284 355 382 400 322 306 485 169 378 174 177 145 418 391 29 206 363 7 459 136 498 425 301 72 50 229 493 89 367 139 467 69 241 243 327 3 97 201 315 181 80 228 194 119 319 248 330 20 487 292 251 206 262 381 72 197 85 62 302 448 175 480 277 276 329 66 251 362 406 467 307 68 31 289 51 425 492 95 96 325 413 480 9 260 479 331 326 302 153 403 334 107 273 174 408 257 168 243 170 312 87 191 217 201 116 108 151 442 215 82 413 204 66 176 324 414 371 107 88 467 146 272 61 27 159 75 372 83 444 232 466 25 458 42 279 409 127 26 181 424 157 453 48 46 43 188 54 423 80 11 81 194 157 231 163 103 133 69 215 411 407 35 456 19 363 139 340 396 188 324 34 476 468 244 107 47 210 208 303 326 130 393 401 292 276 333 397 104 360 330 430 447 206 333 74 52 299 249 274 30 42 328 280 337 202 132 436 449 66 54 311 382 179 227 451 449 135 154 412 389 484 95 376 356 241 334 95 115 295 498 130 493 409 412 188 403 41 34 206 359
1 2
1 3
3 4
1 5
1 6
2 7
6 8
7 9
6 10
8 11
2 12
10 13
9 14
11 15
10 16
15 17
8 18
6 19
19 20
6 21
1 22
4 23
3 24
1 25
6 26
6 27
2 28
16 29
2 30
9 31
22 32
4 33
31 34
5 35
17 36
30 37
26 38
3 39
15 40
19 41
25 42
5 43
19 44
24 45
22 46
22 47
47 48
25 49
15 50
16 51
36 52
30 53
30 54
27 55
8 56
36 57
5 58
35 59
10 60
59 61
22 62
35 63
25 64
21 65
3 66
42 67
46 68
63 69
57 70
39 71
41 72
33 73
62 74
6 75
6 76
47 77
41 78
16 79
56 80
35 81
63 82
63 83
11 84
74 85
19 86
19 87
18 88
61 89
13 90
39 91
45 92
56 93
28 94
4 95
63 96
25 97
13 98
93 99
9 100
4 101
38 102
50 103
81 104
51 105
91 106
37 107
10 108
67 109
101 110
9 111
67 112
3 113
50 114
71 115
19 116
109 117
72 118
67 119
18 120
103 121
14 122
91 123
71 124
123 125
14 126
31 127
60 128
125 129
109 130
93 131
45 132
94 133
43 134
111 135
17 136
59 137
97 138
114 139
56 140
39 141
49 142
61 143
54 144
96 145
8 146
12 147
60 148
127 149
28 150
55 151
109 152
115 153
14 154
37 155
124 156
97 157
7 158
145 159
8 160
151 161
59 162
31 163
64 164
24 165
105 166
138 167
41 168
103 169
49 170
163 171
130 172
49 173
14 174
152 175
31 176
34 177
160 178
67 179
85 180
178 181
72 182
121 183
21 184
101 185
11 186
100 187
139 188
143 189
112 190
136 191
33 192
8 193
170 194
72 195
131 196
149 197
132 198
111 199
128 200
123 201
184 202
66 203
23 204
149 205
187 206
161 207
77 208
83 209
203 210
1 211
89 212
139 213
107 214
89 215
16 216
132 217
189 218
131 219
24 220
205 221
178 222
148 223
106 224
185 225
208 226
24 227
7 228
196 229
66 230
66 231
85 232
108 233
13 234
207 235
206 236
82 237
52 238
35 239
114 240
116 241
76 242
171 243
112 244
51 245
163 246
113 247
116 248
120 249
169 250
35 251
222 252
230 253
251 254
129 255
176 256
149 257
160 258
161 259
258 260
178 261
64 262
71 263
14 264
5 265
139 266
145 267
215 268
225 269
184 270
86 271
243 272
153 273
74 274
22 275
46 276
218 277
170 278
237 279
205 280
233 281
117 282
38 283
76 284
44 285
75 286
136 287
181 288
96 289
176 290
101 291
260 292
248 293
252 294
142 295
292 296
128 297
241 298
263 299
247 300
