100 25
1172672 1811484 809764 6940662 6305827 2221722 7263922 3691419 1801726 1312483 8742137 9860333 9615808 6529105 2825977 3672396 7122981 9593879 8275585 2732777 2624769 2064489 1837192 3062723 1264659 3971762 5327466 5968874 6196095 2727893 3079476 7253714 6862823 9109114 2221828 8037968 8165653 5327323 3892003 5815789 4814393 653684 5825597 3077521 4316564 3684599 8185721 6258967 1592486 8195919 7408502 7494833 589106 1354143 4010035 8400058 4722593 9634303 3844250 2328538 2402991 3751562 7989400 1043415 6221236 9868247 3001769 6356026 3756028 313494 3730289 1531097 2244760 4818502 6064437 7317506 7456072 7725988 2949697 8039076 187481 6046149 3052580 2193405 9345052 1649621 5947336 3403504 263592 7584505 9887915 7097904 4144699 5403556 2195757 3426436 698095 5918664 711343 1561848
1 2
2 3
3 4
4 5
5 6
6 7
7 8
8 9
9 10
10 11
11 12
12 13
13 14
14 15
15 16
16 17
17 18
18 19
19 20
20 21
21 22
22 23
23 24
24 25
25 26
26 27
27 28
28 29
29 30
30 31
31 32
32 33
33 34
34 35
35 36
36 37
37 38
38 39
39 40
40 41
41 42
42 43
43 44
44 45
45 46
46 47
47 48
48 49
49 50
50 51
51 52
52 53
53 54
54 55
55 56
56 57
57 58
58 59
59 60
60 61
61 62
62 63
63 64
64 65
65 66
66 67
67 68
68 69
69 70
70 71
71 72
72 73
73 74
74 75
75 76
76 77
77 78
78 79
79 80
80 81
81 82
82 83
83 84
84 85
85 86
86 87
87 88
88 89
89 90
90 91
91 92
92 93
93 94
94 95
95 96
96 97
97 98
98 99
99 100
