300 823
616520825 205476872 578919194 982847669 563534879 119075652 150455695 221638399 640381476 232215361 198962708 583284208 712778808 835797564 595081733 73422030 887931741 228154998 557134685 97823110 369106436 788744220 831084423 259308180 991558170 439066472 109553664 943645999 180715768 843083345 746556917 440840009 403663561 246614034 587830899 906005655 922154759 304910703 521529760 676239463 621416647 979026400 314227854 394473171 356479873 848386495 913690784 499076767 234850994 201231476 882821624 309055019 786963453 259787372 30197558 210517046 566232106 775063884 331800137 859311347 459412841 630350494 345983314 633575345 676710095 7351577 966543891 528382457 162192029 523599683 958317306 821924780 51585935 652900357 345572003 677331472 539247036 955908257 778357118 167046602 830235073 507190332 596505379 290748466 626399511 608225210 38896263 254448171 184937109 773622965 788761432 641119731 227276221 647043036 40312676 390592137 516692815 471634959 90898445 229655571 983702377 838036380 269353119 701615407 350147172 541292333 2704611 559771942 837465058 452741913 102299891 121929928 520995133 512848119 958232248 674995518 451004461 641005928 730325130 292038941 444100997 149886717 835126501 128252417 746322086 965335932 87082693 109321207 862832879 465116479 108534228 628965378 478388056 68819452 526738107 609025786 325361298 568988216 885501975 220075937 604093137 954095897 263646207 783043243 387425931 528755035 804719385 198343741 402640420 798009226 919170263 922855728 962297895 272571136 475682588 245850893 300443780 64783656 133334705 439437007 900165838 622039771 57673222 697241908 309881451 583291829 504863644 647468221 981582364 103806815 656907359 467572768 993988775 376478459 985992299 120994860 92153280 475270571 154948129 975288837 960691341 169008765 789677530 199649301 827983803 584558706 876893519 8173385 310326135 405609287 85891864 932374921 277673083 512846607 8607830 237372418 672767066 509356172 204882427 659387509 298141766 266825368 433467916 626013674 910018622 933752568 152775489 989914257 241506812 22431190 150892164 281543941 747224419 523468395 461237955 595708244 571510526 863842881 835878378 734859126 240693215 900638538 264923150 443265443 594764985 286898644 712113954 742766739 561599844 234918605 587308895 410511877 804952598 691552163 137344026 600786899 132221314 552033609 279905320 409201981 410867273 118024255 813160068 222443186 985114449 610347679 4109425 179888105 75235966 797936823 387041916 241733694 202322918 55756195 584654319 441782618 896900562 983845550 498723450 685263949 761252907 86041534 824179678 156395227 129287512 316578072 393900601 445035466 532433103 116386017 367110138 560839052 499434406 685931787 314879630 203265757 558464350 747492963 84054264 137330881 710651953 906995130 79813572 846569090 687983296 566435454 773087835 224236508 164113464 985412952 558557251 873014270 742277058 944062146 434558741 939602162 937095330 962228635 165866518 942594518
1 2
2 3
1 4
3 5
1 6
6 7
2 8
3 9
2 10
2 11
10 12
11 13
2 14
11 15
12 16
15 17
4 18
18 19
3 20
5 21
20 22
4 23
9 24
1 25
16 26
19 27
18 28
13 29
13 30
30 31
8 32
29 33
12 34
21 35
26 36
6 37
23 38
36 39
6 40
11 41
34 42
11 43
20 44
19 45
28 46
27 47
14 48
16 49
19 50
21 51
29 52
40 53
3 54
38 55
21 56
40 57
41 58
22 59
15 60
52 61
57 62
12 63
54 64
27 65
36 66
7 67
43 68
12 69
34 70
32 71
12 72
68 73
36 74
44 75
60 76
40 77
33 78
54 79
32 80
69 81
23 82
72 83
69 84
25 85
47 86
6 87
52 88
51 89
68 90
31 91
3 92
44 93
36 94
24 95
72 96
90 97
80 98
2 99
96 100
41 101
78 102
85 103
23 104
2 105
78 106
75 107
50 108
10 109
81 110
38 111
94 112
98 113
71 114
110 115
104 116
5 117
87 118
69 119
61 120
71 121
7 122
111 123
38 124
118 125
34 126
95 127
124 128
43 129
27 130
127 131
49 132
130 133
129 134
41 135
103 136
59 137
55 138
90 139
34 140
128 141
137 142
133 143
127 144
103 145
64 146
125 147
127 148
89 149
81 150
5 151
136 152
11 153
146 154
26 155
34 156
127 157
88 158
94 159
44 160
6 161
87 162
130 163
1 164
5 165
78 166
117 167
103 168
121 169
79 170
81 171
118 172
102 173
108 174
11 175
46 176
10 177
92 178
169 179
148 180
180 181
170 182
151 183
106 184
27 185
113 186
115 187
121 188
96 189
149 190
88 191
18 192
123 193
11 194
29 195
10 196
67 197
132 198
59 199
161 200
37 201
81 202
101 203
181 204
180 205
132 206
155 207
141 208
150 209
16 210
36 211
203 212
134 213
128 214
39 215
113 216
162 217
11 218
203 219
171 220
57 221
207 222
108 223
11 224
26 225
140 226
59 227
40 228
42 229
118 230
200 231
144 232
1 233
135 234
136 235
146 236
7 237
146 238
93 239
156 240
59 241
104 242
123 243
104 244
15 245
207 246
111 247
185 248
27 249
247 250
84 251
196 252
72 253
173 254
78 255
247 256
77 257
175 258
18 259
235 260
220 261
115 262
29 263
122 264
138 265
222 266
42 267
122 268
259 269
122 270
72 271
22 272
23 273
190 274
97 275
76 276
83 277
104 278
18 279
54 280
73 281
72 282
215 283
24 284
203 285
170 286
248 287
17 288
268 289
112 290
57 291
80 292
105 293
76 294
127 295
68 296
55 297
24 298
283 299
169 300
