333 954
953 990 426 191 950 35 656 862 89 233 353 202 63 209 240 447 738 236 332 59 600 546 877 382 348 866 649 229 831 487 867 241 501 264 921 653 377 634 989 314 332 616 162 373 535 235 309 222 905 318 248 946 65 473 910 502 103 413 82 762 841 206 133 575 678 322 826 289 868 353 181 366 671 32 932 146 417 348 599 394 236 183 361 416 554 314 83 724 172 344 633 926 804 32 790 460 469 155 200 457 529 151 183 320 456 207 360 188 583 789 924 634 709 944 579 547 586 103 853 269 3 89 125 588 390 874 276 470 97 128 851 285 205 92 2 219 63 216 219 708 212 6 9 679 575 630 98 348 989 153 314 590 68 537 903 395 88 771 959 805 466 341 437 728 601 683 889 911 732 281 82 918 874 368 223 795 666 541 250 34 602 181 821 765 860 522 446 999 421 415 471 365 913 692 120 985 740 886 760 221 813 644 887 744 954 240 414 460 846 161 880 67 476 405 578 108 491 962 738 110 172 376 815 472 210 312 620 574 873 22 661 345 304 147 157 524 747 692 63 892 966 589 480 85 170 920 661 573 578 641 768 675 944 186 998 349 160 757 234 601 599 571 524 137 70 921 86 71 78 80 37 497 144 284 324 573 411 417 370 517 132 939 853 50 883 37 201 748 494 284 290 55 651 434 510 150 464 290 272 419 293 690 568 742 278 987 209 899 634 720 335 300 444 487 396 594 787 426 597 233 566 817 871 733 814 322 290 663 744 568 489 955 357
1 2
2 3
3 4
4 5
5 6
6 7
7 8
8 9
9 10
10 11
11 12
12 13
13 14
14 15
15 16
16 17
17 18
18 19
19 20
20 21
21 22
22 23
23 24
24 25
25 26
26 27
27 28
28 29
29 30
30 31
31 32
32 33
33 34
34 35
35 36
36 37
37 38
38 39
39 40
40 41
41 42
42 43
43 44
44 45
45 46
46 47
47 48
48 49
49 50
50 51
51 52
52 53
53 54
54 55
55 56
56 57
57 58
58 59
59 60
60 61
61 62
62 63
63 64
64 65
65 66
66 67
67 68
68 69
69 70
70 71
71 72
72 73
73 74
74 75
75 76
76 77
77 78
78 79
79 80
80 81
81 82
82 83
83 84
84 85
85 86
86 87
87 88
88 89
89 90
90 91
91 92
92 93
93 94
94 95
95 96
96 97
97 98
98 99
99 100
100 101
101 102
102 103
103 104
104 105
105 106
106 107
107 108
108 109
109 110
110 111
111 112
112 113
113 114
114 115
115 116
116 117
117 118
118 119
119 120
120 121
121 122
122 123
123 124
124 125
125 126
126 127
127 128
128 129
129 130
130 131
131 132
132 133
133 134
134 135
135 136
136 137
137 138
138 139
139 140
140 141
141 142
142 143
143 144
144 145
145 146
146 147
147 148
148 149
149 150
150 151
151 152
152 153
153 154
154 155
155 156
156 157
157 158
158 159
159 160
160 161
161 162
162 163
163 164
164 165
165 166
166 167
167 168
168 169
169 170
170 171
171 172
172 173
173 174
174 175
175 176
176 177
177 178
178 179
179 180
180 181
181 182
182 183
183 184
184 185
185 186
186 187
187 188
188 189
189 190
190 191
191 192
192 193
193 194
194 195
195 196
196 197
197 198
198 199
199 200
200 201
201 202
202 203
203 204
204 205
205 206
206 207
207 208
208 209
209 210
210 211
211 212
212 213
213 214
214 215
215 216
216 217
217 218
218 219
219 220
220 221
221 222
222 223
223 224
224 225
225 226
226 227
227 228
228 229
229 230
230 231
231 232
232 233
233 234
234 235
235 236
236 237
237 238
238 239
239 240
240 241
241 242
242 243
243 244
244 245
245 246
246 247
247 248
248 249
249 250
250 251
251 252
252 253
253 254
254 255
255 256
256 257
257 258
258 259
259 260
260 261
261 262
262 263
263 264
264 265
265 266
266 267
267 268
268 269
269 270
270 271
271 272
272 273
273 274
274 275
275 276
276 277
277 278
278 279
279 280
280 281
281 282
282 283
283 284
284 285
285 286
286 287
287 288
288 289
289 290
290 291
291 292
292 293
293 294
294 295
295 296
296 297
297 298
298 299
299 300
300 301
301 302
302 303
303 304
304 305
305 306
306 307
307 308
308 309
309 310
310 311
311 312
312 313
313 314
314 315
315 316
316 317
317 318
318 319
319 320
320 321
321 322
322 323
323 324
324 325
325 326
326 327
327 328
328 329
329 330
330 331
331 332
332 333
