1000 144
792737097 625008048 984190980 182848268 443328840 878738347 162985666 114874373 152467612 881390440 453615108 146045221 516766935 103933370 746942137 388006354 858692719 16284066 322472554 306069324 80402343 229290128 858910910 581920355 820652302 938425511 102695503 837909589 577709831 951869305 560319763 863783971 965302213 174153721 375920679 363788168 698628992 403636761 217896623 852896613 761235014 914948908 778674809 713084527 132787173 315965466 139611941 386083803 9625833 863613983 352870868 318646996 333358592 316976326 135882986 798166740 151423632 930779196 838536315 380295407 552530277 28440227 585638905 139660414 538005146 12341110 943447992 121637560 472023198 975452476 757067121 165660808 361167076 560474065 497079250 151617279 391287873 324796757 771703957 321593786 374676098 759204875 551538037 856415545 919195769 514944561 298861632 768241321 654139773 732973015 441325637 42086109 24366052 429138146 555952595 432965265 799437504 483383387 259446778 582779720 162944671 498386648 122459726 50761233 237775501 992892065 305098653 559877940 851634465 632662285 284319798 444098527 981438586 678031727 978528211 689271218 166979989 928386442 947775707 797597872 564116565 198784950 878336925 169862866 751729180 467423189 566932663 433630810 214613172 498618800 865763319 54062862 511532779 370679439 757836645 810190438 329939042 969170430 939917044 413474988 973568126 909109442 836526923 406188378 583907602 185896794 247551122 732723904 621026785 140237606 761779820 238377313 861573716 12929385 694325280 185635500 492430957 505690889 490135109 903558050 82411955 649041972 240553727 791198474 94714020 122430667 656324305 767791829 540286004 539727582 594553611 783403097 313397018 38163909 253490947 338236256 418887833 604543440 137164074 269443016 423524416 972226768 616177867 907287399 846015426 257593668 269347009 166611613 673968925 118729918 242116057 871632081 398668994 885527785 614990284 645959392 937641160 514189581 979104932 778658279 922656623 765940497 236156958 439725610 695444274 799132934 143983272 57404232 706001172 94897191 707732504 649353310 998317496 63319771 702336765 660178296 231808174 942255885 476495651 621079020 868124873 604290968 781451603 278496975 877830987 38612157 603302437 571249054 375783763 237566483 680810655 442847244 557958727 19185119 363511505 13299125 46350714 22226906 329526547 972163464 62595355 402625596 707485695 887728441 797457704 933575450 272188836 384179496 58451477 530008793 554891281 830777145 328531428 812457750 375186952 289832539 672877366 643054336 621769412 633902070 45795977 315072036 342200401 901580331 711502549 151955058 212288766 506813802 383727951 537995464 345200283 486518541 518277537 178120807 612323669 628982362 949162305 146681548 691758035 402284147 285061445 926466860 725364633 35974232 107623933 156783933 172442891 96254114 466065263 747240424 721129722 12673966 848854744 441162300 962173663 880709696 659152188 652705744 309819110 959821907 260221296 236811708 542414302 607603327 373600060 992618026 568717700 61448788 653239912 241278827 947497478 247113730 494444859 297543063 528278645 903730621 375520213 708747821 978443096 718466839 240596322 384013664 19501331 808047379 48642988 653399603 478586489 634234547 112976445 269441260 977370993 781746384 766443548 866011782 178018181 187267565 803069971 599858607 161741537 554344002 163916832 42890912 864144236 21431880 968041403 249846957 654874587 707968693 236398233 600938194 26617347 993618811 625847080 933967844 613971950 695637510 534501663 783522599 210819286 381164288 602121242 292773291 786251487 224714706 169175343 382421477 188898669 689827996 279629560 143812268 184526668 582163620 530987213 404667847 979573909 558101567 960685623 962818611 174746259 697031416 89844609 704260177 622130289 632559670 927250153 876127200 803999783 248030859 581574212 631068593 231324196 498327523 472428475 37085582 537618526 872197477 878715599 739516396 639303232 237091628 530462270 826358822 279929861 205735453 117790721 580505339 227587623 459772744 108970860 979753754 743526690 701719900 157901755 914870936 933675140 186086539 378967837 639319358 983708890 342823036 363762828 144599146 157457866 578556112 312595598 68311674 254648171 930112534 144700996 455695400 319206765 39347834 844012929 483801763 329166383 546972710 364211661 435281987 538783444 920568344 732956147 499870340 245261985 184154410 456965438 754565529 873608963 319272492 179044319 627232599 270399494 650472445 166524705 850829635 97999557 49270693 505917376 808768636 624534968 398382519 335793911 557918717 377878017 245385011 326316548 839402938 387599481 25056073 892815858 40118366 67640927 479610260 631725571 175825222 691997894 1549916 622388373 55012567 856033259 919288521 826799118 424380391 754822767 57187802 270340620 101463095 270970697 645727764 762001274 741040559 85506694 956102798 403629284 277646152 585095494 648894074 271957860 316490135 286723559 358100362 173072997 217587536 299047620 484579633 10501229 729803900 908058074 494859508 385169167 638814248 814594731 171897057 86844827 859218678 357807191 600765733 134865709 644390880 343578569 93799881 222039234 798411291 152903121 763105248 231342694 667117912 270452090 849622798 692929159 96710116 704419478 264433149 747794117 322377913 379888057 686176798 545149283 425813485 728581614 576680748 404688670 286583791 316056827 260621105 872552148 548883646 825732873 425751209 97384918 637528380 116849595 149503437 207750277 41392986 1910022 644295488 453632496 780997742 874485790 939806003 167829936 342901801 467990919 686522062 297509938 72021216 105457375 634731675 281280408 427891029 304193469 192228077 580601014 108497174 539774868 909999011 490818379 637057030 380955146 911635916 529431873 275143492 553978470 567834653 208749358 414043697 682434503 499095469 23362662 185580319 453723177 177975281 829693460 925145380 874686037 492875470 588775306 84680975 518087003 643608855 355665607 194860751 264873204 307740570 162229769 460920608 70145032 516794707 9877770 539368702 798347917 327963935 224887138 733403437 607775054 515355555 723785771 593387038 882793457 62119503 901542133 750655348 126145523 455659723 157019276 179752084 445436036 396600222 57191247 221704939 451732409 825870819 687608245 762944152 957329027 608650305 775192682 149458383 686719808 686062161 844687684 902021428 581386223 488345772 115337667 298743819 134441319 563451549 628628124 759197947 897286382 93872428 518643762 36206681 922137014 424079723 17325672 699727505 585601452 291795557 935789715 494126303 629126790 357735491 675586963 797298222 400644897 777317800 975848207 402246106 318413726 331697140 900051532 397210645 284011308 511369943 489675627 779696049 125988931 49630134 215731784 564945173 168425675 783259319 217214977 290226273 96295556 522208884 391219776 736172550 319170073 667567800 554807658 195758393 154380772 621947421 67695041 608519790 912222924 21684018 12339824 698319126 833852022 114803958 618846508 47756037 390401787 694917704 558510752 984542764 515538952 752914478 324547625 533934285 428908834 983813925 246942909 908699601 7791302 240804698 487461033 921390352 141317636 863547096 668043892 935440130 588373496 206789711 72397102 299841265 147583370 464937191 406615015 53163542 662244242 187739545 81608261 870932049 162427290 389266893 892705212 89651068 352716719 601192281 375322074 529070549 809966127 606220092 991898374 739554477 364132941 29820676 516993929 100852087 52835784 686545556 103381095 638041421 290365083 92487963 961953640 442095999 959344588 254678339 163170251 63735033 603809050 626943338 6164119 479493972 687471509 290245414 173510688 991402970 450082767 224717993 341665450 941948567 301369313 455096850 408667687 916350789 670031034 385401137 518260924 661794745 465737634 378056043 288482301 819552670 165307680 531313561 253949752 347481557 223045580 502548872 833611792 46913849 622911156 999976678 624619810 903086439 197236832 992457365 825293540 111847982 663552609 205177377 792205030 148197302 442137232 701702438 921368564 887932385 290690848 175681760 628114313 285368895 985121553 525649106 556526311 143073477 772745657 531643638 709141421 131903607 550570393 49619600 999114031 157522018 685506641 132073139 729921975 321699294 860253432 677720589 130786822 580880071 643278090 604621118 659130458 815478213 706954525 983311633 722304736 800236320 923270321 474064820 930404337 545438911 536814193 352710581 194666980 317319951 400078472 537969282 612222081 6588779 419415509 283159969 792449020 94595679 297303288 678431303 734616387 915310554 651753322 403035223 913800998 288366803 993474458 522811388 1675080 866930444 213187655 749269050 468240411 122187534 864578283 935701737 753024603 648678076 616048966 197190138 277032070 520497369 874577108 889119926 573352594 75855042 616633559 175804831 732391438 668835752 807602973 648062601 939220530 690155898 693543456 272414326 119502886 299486652 172786040 480396502 621710044 591875369 580354051 616647111 110046686 25010170 372354672 444752430 105380188 59458392 61025579 437716506 401675222 130087354 687716508 415151436 115443165 550457946 239937185 136055978 854021747 392476567 404202664 985130167 608632389 210480811 242013662 788840461 843089218 334197708 265285656 824498805 748770996 714311257 449688182 169048796 270027520 178287316 419777424 203355188 662037424 575493261 859796990 152417293 135188744 754619310 372885911 906084277 365714863 399525036 709057367 168589843 188513655 7738433 279919014 160121697 423753797 579550276 613957032 42516097 897675017 346804280 409584029 140829828 652599314 478997520 166879006 672137403 976006733 71079685 293456798 466460870 206649567 512602772 194383323 377302211 932350796 968573867 459890318 662431944 244074002 534852044 797514671 186341727 892836515 245743896 116637358 214488486 788638909 603651266 773641844 332837513 213262024 187493955 63029433 470698072
1 2
1 3
3 4
4 5
1 6
4 7
1 8
1 9
1 10
8 11
3 12
3 13
2 14
8 15
5 16
8 17
4 18
10 19
8 20
8 21
9 22
4 23
14 24
20 25
9 26
10 27
13 28
4 29
3 30
1 31
23 32
24 33
13 34
29 35
22 36
1 37
16 38
34 39
27 40
14 41
37 42
37 43
13 44
35 45
6 46
22 47
12 48
24 49
45 50
40 51
19 52
28 53
1 54
53 55
24 56
50 57
44 58
3 59
35 60
39 61
21 62
10 63
37 64
64 65
59 66
28 67
38 68
8 69
14 70
19 71
1 72
55 73
24 74
52 75
8 76
66 77
40 78
10 79
49 80
47 81
47 82
47 83
52 84
1 85
33 86
8 87
81 88
6 89
84 90
27 91
80 92
64 93
42 94
51 95
71 96
90 97
72 98
62 99
91 100
23 101
68 102
90 103
85 104
64 105
101 106
25 107
86 108
12 109
99 110
60 111
54 112
20 113
103 114
28 115
48 116
112 117
80 118
59 119
23 120
7 121
106 122
65 123
33 124
10 125
39 126
116 127
34 128
52 129
120 130
110 131
17 132
45 133
2 134
63 135
76 136
22 137
77 138
81 139
126 140
35 141
110 142
127 143
135 144
85 145
56 146
45 147
100 148
35 149
129 150
11 151
58 152
106 153
99 154
115 155
77 156
30 157
24 158
65 159
126 160
38 161
83 162
77 163
96 164
107 165
15 166
46 167
24 168
22 169
169 170
139 171
123 172
25 173
152 174
167 175
5 176
33 177
130 178
43 179
4 180
96 181
72 182
4 183
49 184
174 185
4 186
68 187
168 188
138 189
62 190
93 191
191 192
9 193
151 194
150 195
76 196
100 197
139 198
7 199
93 200
184 201
173 202
56 203
94 204
6 205
154 206
62 207
102 208
128 209
171 210
107 211
68 212
10 213
106 214
123 215
53 216
87 217
104 218
173 219
2 220
66 221
4 222
207 223
206 224
55 225
113 226
175 227
137 228
154 229
70 230
173 231
162 232
33 233
70 234
125 235
230 236
25 237
74 238
195 239
115 240
168 241
193 242
71 243
69 244
207 245
74 246
6 247
219 248
5 249
16 250
53 251
52 252
68 253
204 254
167 255
246 256
26 257
256 258
147 259
150 260
35 261
115 262
234 263
101 264
90 265
67 266
200 267
90 268
250 269
65 270
141 271
68 272
157 273
159 274
76 275
156 276
114 277
59 278
160 279
224 280
251 281
69 282
278 283
3 284
245 285
211 286
206 287
131 288
85 289
287 290
73 291
23 292
290 293
131 294
253 295
155 296
188 297
290 298
65 299
290 300
28 301
240 302
10 303
169 304
153 305
16 306
87 307
7 308
28 309
305 310
258 311
256 312
118 313
152 314
81 315
88 316
284 317
142 318
63 319
240 320
21 321
219 322
248 323
11 324
46 325
90 326
110 327
262 328
322 329
293 330
143 331
326 332
330 333
58 334
9 335
1 336
157 337
218 338
261 339
329 340
151 341
74 342
249 343
155 344
73 345
166 346
237 347
108 348
33 349
56 350
3 351
318 352
145 353
334 354
275 355
185 356
77 357
241 358
77 359
306 360
94 361
204 362
262 363
37 364
333 365
231 366
355 367
297 368
195 369
236 370
4 371
342 372
297 373
370 374
237 375
309 376
100 377
58 378
343 379
307 380
112 381
54 382
203 383
281 384
8 385
175 386
312 387
382 388
215 389
131 390
290 391
270 392
165 393
375 394
252 395
12 396
267 397
280 398
24 399
243 400
33 401
108 402
394 403
237 404
62 405
210 406
276 407
129 408
395 409
37 410
102 411
89 412
168 413
213 414
209 415
146 416
368 417
138 418
76 419
74 420
145 421
69 422
387 423
57 424
133 425
176 426
312 427
340 428
327 429
416 430
50 431
335 432
265 433
318 434
236 435
258 436
228 437
145 438
335 439
290 440
32 441
210 442
257 443
366 444
69 445
168 446
130 447
227 448
83 449
209 450
23 451
19 452
290 453
239 454
286 455
334 456
373 457
5 458
393 459
62 460
261 461
229 462
410 463
356 464
443 465
212 466
136 467
162 468
74 469
242 470
349 471
81 472
345 473
360 474
236 475
322 476
425 477
257 478
273 479
286 480
226 481
430 482
135 483
406 484
97 485
117 486
368 487
371 488
376 489
194 490
145 491
183 492
491 493
471 494
154 495
396 496
495 497
475 498
114 499
298 500
162 501
21 502
424 503
472 504
39 505
274 506
376 507
250 508
376 509
151 510
436 511
188 512
251 513
140 514
184 515
375 516
54 517
374 518
508 519
277 520
482 521
458 522
187 523
122 524
286 525
428 526
178 527
405 528
184 529
294 530
365 531
438 532
239 533
330 534
338 535
102 536
289 537
290 538
268 539
459 540
90 541
235 542
57 543
438 544
411 545
192 546
148 547
309 548
517 549
337 550
1 551
144 552
33 553
532 554
385 555
407 556
372 557
335 558
327 559
242 560
75 561
445 562
183 563
331 564
193 565
378 566
411 567
235 568
411 569
144 570
123 571
533 572
134 573
155 574
361 575
250 576
428 577
341 578
365 579
126 580
490 581
306 582
25 583
525 584
506 585
42 586
474 587
389 588
345 589
584 590
414 591
62 592
116 593
396 594
133 595
419 596
178 597
125 598
92 599
49 600
149 601
554 602
155 603
110 604
508 605
283 606
541 607
254 608
161 609
461 610
381 611
57 612
231 613
474 614
395 615
200 616
316 617
205 618
168 619
345 620
350 621
612 622
600 623
418 624
101 625
481 626
52 627
371 628
605 629
482 630
72 631
35 632
307 633
379 634
178 635
457 636
130 637
264 638
221 639
226 640
148 641
125 642
602 643
414 644
528 645
406 646
460 647
317 648
640 649
210 650
199 651
23 652
52 653
405 654
245 655
105 656
176 657
542 658
13 659
126 660
576 661
247 662
420 663
346 664
348 665
540 666
574 667
600 668
598 669
158 670
172 671
17 672
54 673
651 674
34 675
439 676
664 677
643 678
349 679
152 680
217 681
512 682
365 683
449 684
44 685
571 686
456 687
15 688
440 689
461 690
124 691
152 692
314 693
64 694
101 695
302 696
629 697
517 698
614 699
338 700
450 701
603 702
505 703
442 704
282 705
535 706
47 707
61 708
404 709
497 710
303 711
17 712
437 713
651 714
630 715
29 716
374 717
354 718
524 719
1 720
574 721
144 722
500 723
115 724
563 725
264 726
207 727
690 728
14 729
185 730
41 731
138 732
467 733
400 734
20 735
512 736
299 737
214 738
500 739
331 740
616 741
44 742
90 743
410 744
437 745
269 746
503 747
439 748
102 749
671 750
578 751
66 752
182 753
425 754
511 755
421 756
301 757
361 758
265 759
660 760
89 761
598 762
24 763
16 764
681 765
167 766
649 767
96 768
715 769
19 770
675 771
512 772
642 773
638 774
432 775
455 776
202 777
618 778
368 779
412 780
203 781
580 782
499 783
318 784
401 785
191 786
386 787
39 788
680 789
425 790
721 791
761 792
188 793
479 794
121 795
746 796
643 797
238 798
245 799
15 800
588 801
49 802
532 803
796 804
215 805
234 806
395 807
419 808
781 809
185 810
360 811
708 812
152 813
251 814
218 815
504 816
57 817
815 818
578 819
582 820
637 821
163 822
446 823
742 824
256 825
336 826
673 827
572 828
472 829
379 830
503 831
60 832
239 833
512 834
252 835
790 836
30 837
89 838
124 839
744 840
390 841
448 842
592 843
395 844
198 845
776 846
113 847
378 848
796 849
329 850
750 851
243 852
510 853
751 854
502 855
221 856
53 857
3 858
718 859
646 860
237 861
58 862
523 863
718 864
500 865
718 866
249 867
459 868
478 869
671 870
628 871
210 872
407 873
790 874
734 875
732 876
697 877
233 878
125 879
136 880
627 881
511 882
661 883
195 884
335 885
542 886
675 887
128 888
682 889
90 890
486 891
639 892
187 893
254 894
283 895
838 896
196 897
897 898
695 899
496 900
558 901
363 902
503 903
497 904
207 905
821 906
236 907
520 908
796 909
429 910
590 911
217 912
443 913
202 914
866 915
34 916
654 917
295 918
332 919
60 920
773 921
656 922
844 923
727 924
877 925
490 926
94 927
653 928
167 929
861 930
815 931
554 932
812 933
195 934
378 935
661 936
749 937
697 938
332 939
170 940
578 941
716 942
303 943
746 944
575 945
83 946
632 947
797 948
407 949
874 950
867 951
29 952
62 953
124 954
325 955
684 956
226 957
879 958
201 959
802 960
408 961
116 962
833 963
606 964
130 965
706 966
439 967
705 968
610 969
800 970
395 971
600 972
741 973
505 974
704 975
605 976
367 977
851 978
667 979
700 980
560 981
34 982
574 983
693 984
113 985
360 986
241 987
896 988
446 989
332 990
699 991
122 992
745 993
138 994
613 995
140 996
265 997
376 998
196 999
420 1000
