200 100
154 50 141 445 393 454 249 325 239 212 196 165 134 481 4 388 133 461 406 249 450 476 288 119 122 420 206 65 429 260 401 70 350 382 342 230 73 421 147 1 401 248 40 460 41 448 212 431 316 212 376 338 278 238 246 134 100 47 139 149 212 226 138 103 115 302 315 49 490 456 303 132 456 220 191 245 318 149 114 491 146 303 205 348 143 180 187 12 317 260 345 105 476 373 363 381 46 280 492 203 500 496 446 148 478 129 482 424 50 187 244 92 498 139 259 184 394 437 417 225 309 94 168 25 67 25 50 144 154 143 252 157 136 197 267 483 66 408 269 273 44 128 372 342 126 65 371 162 455 171 5 458 308 127 325 404 225 330 67 173 410 449 379 74 154 486 283 257 486 267 488 428 103 451 4 278 316 92 75 374 70 489 448 280 443 388 313 490 253 386 292 468 484 55 4 89 101 13 146 433
1 2
1 3
2 4
2 5
3 6
3 7
4 8
4 9
5 10
5 11
6 12
6 13
7 14
7 15
8 16
8 17
9 18
9 19
10 20
10 21
11 22
11 23
12 24
12 25
13 26
13 27
14 28
14 29
15 30
15 31
16 32
16 33
17 34
17 35
18 36
18 37
19 38
19 39
20 40
20 41
21 42
21 43
22 44
22 45
23 46
23 47
24 48
24 49
25 50
25 51
26 52
26 53
27 54
27 55
28 56
28 57
29 58
29 59
30 60
30 61
31 62
31 63
32 64
32 65
33 66
33 67
34 68
34 69
35 70
35 71
36 72
36 73
37 74
37 75
38 76
38 77
39 78
39 79
40 80
40 81
41 82
41 83
42 84
42 85
43 86
43 87
44 88
44 89
45 90
45 91
46 92
46 93
47 94
47 95
48 96
48 97
49 98
49 99
50 100
50 101
51 102
51 103
52 104
52 105
53 106
53 107
54 108
54 109
55 110
55 111
56 112
56 113
57 114
57 115
58 116
58 117
59 118
59 119
60 120
60 121
61 122
61 123
62 124
62 125
63 126
63 127
64 128
64 129
65 130
65 131
66 132
66 133
67 134
67 135
68 136
68 137
69 138
69 139
70 140
70 141
71 142
71 143
72 144
72 145
73 146
73 147
74 148
74 149
75 150
75 151
76 152
76 153
77 154
77 155
78 156
78 157
79 158
79 159
80 160
80 161
81 162
81 163
82 164
82 165
83 166
83 167
84 168
84 169
85 170
85 171
86 172
86 173
87 174
87 175
88 176
88 177
89 178
89 179
90 180
90 181
91 182
91 183
92 184
92 185
93 186
93 187
94 188
94 189
95 190
95 191
96 192
96 193
97 194
97 195
98 196
98 197
99 198
99 199
100 200
