400 399
8750318 8851909 1671566 1105581 6245042 5671143 7367240 4346132 9709531 1790916 1797965 5424978 5244108 9093533 4667648 5986244 4872519 1281159 5660720 9363731 4487371 2794518 1518054 2062610 5845934 4819479 2926000 7033467 2617215 5169534 9038575 9737494 7764296 917344 5445540 4262128 2336463 4629456 2705826 3798428 8987194 674018 1643022 9624924 5998686 8054197 8508342 2226390 5320632 322480 8253454 4644174 1804208 4396179 7189543 4252963 682267 8219588 9078504 9771010 7210758 8215646 8644538 797609 3643011 8038930 6769230 9305203 7837 1407979 2439865 9966649 6046031 1443096 7462857 6245236 1583684 5464695 3503486 6326533 1506537 6644342 2171010 5641747 7842745 6924669 5545740 6963090 9910228 2470622 7878433 1517216 510426 5810293 912045 4707633 5787421 3351100 5395848 7389174 3199129 537789 9197156 6549453 9435287 4852676 4870563 9977188 406502 6829680 6110724 6699405 690404 8367113 4283271 9895878 1378830 6698447 2774552 7276467 2050717 5431169 3135458 2641653 8518176 3348279 8098173 1347176 8635949 9103117 662959 8275351 3811788 269005 8232263 1469307 6578089 6237726 2458167 545371 7041050 5025085 6852413 568975 2862261 2021939 5964601 4428065 8370381 2314458 625361 5959486 231818 7536809 3239248 1854920 6908316 8259842 5143313 3911307 902518 5869699 7284562 5657338 5801483 4200375 7898061 3749478 7982981 2374699 3527456 8027538 6039934 8593880 3701320 816863 9973471 9145574 6087058 3214899 3616833 1899518 9494673 372835 1947367 2404710 8967905 8005626 1633589 6355870 9981289 5523273 4887648 2168084 4450489 387177 1170287 175289 6249064 8413379 5602643 7160162 9282650 6813146 9560548 7027012 1810216 4604828 1323618 2427764 3665847 8975721 5297545 873395 536406 5939890 986905 6267905 3271343 7286162 4973682 8268385 6362284 8792479 7670545 9486112 5218130 597219 2096561 8174080 6798536 187325 3866173 2704575 2082825 1857036 8913499 889250 4236551 7614710 1553503 1072371 9106586 3907571 7350714 6491476 3057943 4097988 6101773 6883279 9495370 9498228 6044076 4996981 5876288 6133286 4986754 674947 9391355 2018537 8403580 4129068 8950655 4993410 4375905 4196015 4510223 9108346 9677853 6237571 2818529 4095150 1400328 6273023 3965980 5943543 5044799 9243258 5214298 3085920 9364247 3632555 4100969 3453091 6651126 1342895 5239213 9922176 7035071 1502614 9360532 2018614 3357697 6886980 15785 5377304 4108765 3550000 9558240 2738944 6707254 2603326 870842 5231964 2449260 2931827 5095551 6613637 7171753 4356896 384920 1924744 9702398 9692780 5937395 9199759 6058730 5964544 646105 408660 965142 1867572 7422423 5404658 1937782 3241646 8897191 5793276 7466105 8450374 829397 7304311 4147814 8679365 8115483 3751806 1421297 5238098 4235005 6188732 9725000 8342907 5067313 231800 3943906 3795099 1322816 1593521 9034004 5379773 7469918 6106618 5386840 9056319 7805350 88168 7408107 7106300 9116457 6530963 9458672 4822419 5770949 1883654 9384213 2649975 9690002 3795724 1745453 5402168 3812592 6856701 5687225 9940889 9388375 1715881 5544218 7743586 8742293 3622076 8800958 2454359 6456246 2216505 428143 5479389 3895317 9339528 3403046 7683238 8927559 8639673 260876 3593213 3043560 2311557 7696821 705895 8870758 2742843
1 2
2 3
3 4
4 5
5 6
6 7
7 8
8 9
9 10
10 11
11 12
12 13
13 14
14 15
15 16
16 17
17 18
18 19
19 20
20 21
21 22
22 23
23 24
24 25
25 26
26 27
27 28
28 29
29 30
30 31
31 32
32 33
33 34
34 35
35 36
36 37
37 38
38 39
39 40
40 41
41 42
42 43
43 44
44 45
45 46
46 47
47 48
48 49
49 50
50 51
51 52
52 53
53 54
54 55
55 56
56 57
57 58
58 59
59 60
60 61
61 62
62 63
63 64
64 65
65 66
66 67
67 68
68 69
69 70
70 71
71 72
72 73
73 74
74 75
75 76
76 77
77 78
78 79
79 80
80 81
81 82
82 83
83 84
84 85
85 86
86 87
87 88
88 89
89 90
90 91
91 92
92 93
93 94
94 95
95 96
96 97
97 98
98 99
99 100
100 101
101 102
102 103
103 104
104 105
105 106
106 107
107 108
108 109
109 110
110 111
111 112
112 113
113 114
114 115
115 116
116 117
117 118
118 119
119 120
120 121
121 122
122 123
123 124
124 125
125 126
126 127
127 128
128 129
129 130
130 131
131 132
132 133
133 134
134 135
135 136
136 137
137 138
138 139
139 140
140 141
141 142
142 143
143 144
144 145
145 146
146 147
147 148
148 149
149 150
150 151
151 152
152 153
153 154
154 155
155 156
156 157
157 158
158 159
159 160
160 161
161 162
162 163
163 164
164 165
165 166
166 167
167 168
168 169
169 170
170 171
171 172
172 173
173 174
174 175
175 176
176 177
177 178
178 179
179 180
180 181
181 182
182 183
183 184
184 185
185 186
186 187
187 188
188 189
189 190
190 191
191 192
192 193
193 194
194 195
195 196
196 197
197 198
198 199
199 200
200 201
201 202
202 203
203 204
204 205
205 206
206 207
207 208
208 209
209 210
210 211
211 212
212 213
213 214
214 215
215 216
216 217
217 218
218 219
219 220
220 221
221 222
222 223
223 224
224 225
225 226
226 227
227 228
228 229
229 230
230 231
231 232
232 233
233 234
234 235
235 236
236 237
237 238
238 239
239 240
240 241
241 242
242 243
243 244
244 245
245 246
246 247
247 248
248 249
249 250
250 251
251 252
252 253
253 254
254 255
255 256
256 257
257 258
258 259
259 260
260 261
261 262
262 263
263 264
264 265
265 266
266 267
267 268
268 269
269 270
270 271
271 272
272 273
273 274
274 275
275 276
276 277
277 278
278 279
279 280
280 281
281 282
282 283
283 284
284 285
285 286
286 287
287 288
288 289
289 290
290 291
291 292
292 293
293 294
294 295
295 296
296 297
297 298
298 299
299 300
300 301
301 302
302 303
303 304
304 305
305 306
306 307
307 308
308 309
309 310
310 311
311 312
312 313
313 314
314 315
315 316
316 317
317 318
318 319
319 320
320 321
321 322
322 323
323 324
324 325
325 326
326 327
327 328
328 329
329 330
330 331
331 332
332 333
333 334
334 335
335 336
336 337
337 338
338 339
339 340
340 341
341 342
342 343
343 344
344 345
345 346
346 347
347 348
348 349
349 350
350 351
351 352
352 353
353 354
354 355
355 356
356 357
357 358
358 359
359 360
360 361
361 362
362 363
363 364
364 365
365 366
366 367
367 368
368 369
369 370
370 371
371 372
372 373
373 374
374 375
375 376
376 377
377 378
378 379
379 380
380 381
381 382
382 383
383 384
384 385
385 386
386 387
387 388
388 389
389 390
390 391
391 392
392 393
393 394
394 395
395 396
396 397
397 398
398 399
399 400
