800 200
4792804 1964826 3378820 1899423 3852431 6674626 8328438 6380405 2570983 5213630 4239343 6853380 520624 7739355 5052286 5809635 1005188 3562574 2706839 8520748 5767763 6897716 8833548 816362 78240 8723423 8767901 9509251 877336 9848834 7144574 4513501 1276595 17590 4189613 7292038 4944347 9529505 8371928 3557246 2538658 4731946 135484 6047677 9916114 7466160 1277316 4642863 1246219 3476767 358638 6197196 1572795 5965576 4874549 6483495 8266554 4704295 8212756 9051728 3173895 2228190 6939656 1359241 1982692 289629 2956485 4083838 436983 330457 5865365 8055131 7897358 4654558 4143293 1433832 9905256 838056 2725497 8999943 3533275 4902812 9035277 6645499 1208972 4629178 8692134 3250922 8443503 6639260 1291799 8656901 3537688 6677730 8722716 353440 9430673 3535934 9857255 5293592 8514260 4925165 5205124 5207819 6300656 748579 277162 1012462 3897495 5884676 8946986 1286492 4819542 5954684 5837156 7483491 7769205 664010 7665632 374356 8400274 3525413 3742019 3856043 2160402 231388 1852803 4964030 1166547 8384961 4258880 2067369 9431934 2163372 8255589 2374755 2213938 9703563 5028150 9253349 4381292 4922044 5241378 2883889 6104761 2952975 9833981 1862926 5233775 3637314 3749394 9165550 572554 8249311 2937690 3095491 1544586 6738328 6774019 3848077 6703076 6393726 5162387 1077318 9495560 4962153 6559171 4282854 7446172 7828846 3310794 7647672 4667317 253785 1251829 3077732 9280908 9387339 9118830 8868337 3507405 3442733 9669495 8458822 7845387 3383415 4241078 2604647 787324 9596451 9288490 3725958 9791811 803474 8329971 9430709 1582212 9295451 1252785 5818312 5737895 51581 9725132 9511375 7890594 6503335 77285 3294257 9215245 8135332 6623603 8870313 653032 2892285 702452 756797 9577619 9277298 9909791 2126066 568343 6053176 2483301 9272976 2534032 7274819 263570 246124 8425038 6674622 131245 8318539 5649023 4407289 8459981 178177 458087 1073889 9028100 8754867 5850646 3155893 6085587 2151563 9425398 6225848 148465 4433457 305936 658143 8350931 3743376 7298506 2095446 4534917 3742860 7512691 2433678 8009859 6828598 5284988 5957000 3000251 5493463 9493617 9756210 6842395 5595224 814552 3895252 9132654 5021315 1081555 2956260 1707473 7891495 2091790 2207991 4959750 6217605 6976710 5911289 1696465 3061385 6878154 7217166 9093294 2449112 6595744 1376994 753074 1013015 6254505 8127240 2965521 7749248 593654 5538201 190927 9890142 1538310 5197004 8195328 2124563 4558910 7467786 5905347 2956066 3165273 6871332 3292275 6412500 9667618 3133511 12833 1934762 3687386 5463763 9247892 5391947 7082418 1218930 22929 9198753 4983553 4234065 1899904 5370076 1171212 2063212 9834352 9527141 253407 3671101 4817831 5302096 9680380 7804730 3448224 5423478 1625297 5308099 1468013 6290721 4700042 894490 4164336 9244611 2776124 1284320 6001791 1671313 2543684 9954303 3518278 6376138 5532124 367727 9696505 3571419 531259 7159345 8860724 8268815 7614990 278454 8482272 4177177 3755228 1048029 7974356 5006316 6339955 1588717 3711520 1914034 3843814 7365926 5206049 6253023 6342912 4618825 9080339 5794608 4628275 5051970 6342339 6684549 8360399 5160655 2238058 9789040 5686851 7889143 6855439 8789354 3783186 7720883 8269482 3973118 2410401 1708781 6025488 2080951 7157121 202273 6830949 3787844 9943945 1752003 833692 7068383 3737059 1795059 3145086 149411 5492105 5476177 9726264 9554063 3855800 1982262 8473165 881027 9450541 2009422 9564843 4093279 6722756 9111418 9957938 4397837 1637024 9088264 9508716 8949028 1127291 9577767 3372865 9362944 4128869 3743435 426703 6817336 1516432 5595354 9066506 2847857 8288089 8103858 3554953 3350469 1498865 7721944 4076878 5381074 1431076 2946707 4310185 16060 7039372 8944923 913739 5831937 5822903 4498564 4898295 6957398 3616889 5211417 416649 1209985 607454 2453185 686586 3394266 8372267 1462701 473956 6059714 1720561 6032387 6084004 777835 6691923 8948386 1911145 6916486 7767242 5903033 8358325 1827251 1573365 2149379 9911610 8761547 7758341 5717656 7990673 9839744 9554780 6934060 4159956 6370843 5614522 4350620 8585209 1632592 2008232 562002 8146769 343202 6008597 8891402 9440401 4947369 491769 1149537 5899556 517472 8551045 3709813 6446806 8868912 4722624 7832275 7566530 8123759 6229542 6396766 7800634 5605148 317377 9400991 7273780 6108692 5714202 2994699 2890058 8684955 1018745 5095006 6050994 5425427 7830933 1235154 8000128 9037607 5999673 344684 7586700 8591902 7870136 9371891 8092486 522259 3894687 9439448 2273044 2412487 530473 4778693 5620899 8273962 5959632 1402510 9017604 1891647 9004731 964446 3983622 2466077 3833225 670437 3399440 5391041 7809823 9235587 7343066 7831384 8745896 3505081 7962689 1994694 4583021 6393712 633937 9122289 5283670 9332371 5242468 8942211 9752553 8990304 8244959 2969081 1652650 8982244 2782360 3710344 3407848 5745390 8231776 9646016 7138363 2784778 2467564 4210765 4519968 2045921 351316 1339584 3034546 2782695 2929377 163765 7407247 8697778 3665703 3326638 4313115 1605517 8104091 1924010 5582007 1378874 1114506 584449 4268750 7197810 2728925 2008412 7439912 4409211 4771583 8664898 7708406 4929697 3315139 9418773 6282702 445944 9786683 423053 7410679 8603766 6843379 9676373 7456823 7632243 7376289 6737450 7794642 5500175 1983404 6836219 5980356 5303844 9419684 6043940 4818427 8813231 7599242 4679812 4967465 9144027 1592507 6269185 4892025 4562856 4702848 3236204 8056031 9667327 4078200 6250595 3964067 1447668 438345 6198112 4526925 9925000 8149438 1306012 4974782 8275964 5837205 4664907 8835014 9229982 2722767 7121794 6716371 3987984 509751 283974 3635379 764490 9274477 2220810 9613960 623718 8313990 3138812 8025558 2728470 649880 6997284 9674121 6971836 9610014 6920190 5747521 8065912 6146100 7740296 7884012 3759329 8781431 1434110 2738193 6247037 2670078 9441078 72222 4474756 8924189 3729115 8282783 7929069 2110547 8173395 5056127 4769742 938165 9131402 6394392 3825115 4801514 7959073 503711 2743666 3558791 2061003 9566854 5057773 5073925 5924057 4940271 7401250 2465579 6736313 1371033 3602883 6518374 8960029 987803 2512174 6252073 9090794 9364393 1140064 7590340 9595342 9753835 6672232 2767135 3569379 4130289 3601207 6041805 9043083 1371958 1756596 3467774 7253974 8201290 7295909 6751977 4193081 5663595 754711 9426039 7483621 2140764 3174303 6223664 3112780 1454962 1375558 1196763 535255 7365491 7901772 6147570 3561706 1188128 9905303 9729828 4582405
1 2
2 3
3 4
4 5
5 6
6 7
7 8
8 9
9 10
10 11
11 12
12 13
13 14
14 15
15 16
16 17
17 18
18 19
19 20
20 21
21 22
22 23
23 24
24 25
25 26
26 27
27 28
28 29
29 30
30 31
31 32
32 33
33 34
34 35
35 36
36 37
37 38
38 39
39 40
40 41
41 42
42 43
43 44
44 45
45 46
46 47
47 48
48 49
49 50
50 51
51 52
52 53
53 54
54 55
55 56
56 57
57 58
58 59
59 60
60 61
61 62
62 63
63 64
64 65
65 66
66 67
67 68
68 69
69 70
70 71
71 72
72 73
73 74
74 75
75 76
76 77
77 78
78 79
79 80
80 81
81 82
82 83
83 84
84 85
85 86
86 87
87 88
88 89
89 90
90 91
91 92
92 93
93 94
94 95
95 96
96 97
97 98
98 99
99 100
100 101
101 102
102 103
103 104
104 105
105 106
106 107
107 108
108 109
109 110
110 111
111 112
112 113
113 114
114 115
115 116
116 117
117 118
118 119
119 120
120 121
121 122
122 123
123 124
124 125
125 126
126 127
127 128
128 129
129 130
130 131
131 132
132 133
133 134
134 135
135 136
136 137
137 138
138 139
139 140
140 141
141 142
142 143
143 144
144 145
145 146
146 147
147 148
148 149
149 150
150 151
151 152
152 153
153 154
154 155
155 156
156 157
157 158
158 159
159 160
160 161
161 162
162 163
163 164
164 165
165 166
166 167
167 168
168 169
169 170
170 171
171 172
172 173
173 174
174 175
175 176
176 177
177 178
178 179
179 180
180 181
181 182
182 183
183 184
184 185
185 186
186 187
187 188
188 189
189 190
190 191
191 192
192 193
193 194
194 195
195 196
196 197
197 198
198 199
199 200
200 201
201 202
202 203
203 204
204 205
205 206
206 207
207 208
208 209
209 210
210 211
211 212
212 213
213 214
214 215
215 216
216 217
217 218
218 219
219 220
220 221
221 222
222 223
223 224
224 225
225 226
226 227
227 228
228 229
229 230
230 231
231 232
232 233
233 234
234 235
235 236
236 237
237 238
238 239
239 240
240 241
241 242
242 243
243 244
244 245
245 246
246 247
247 248
248 249
249 250
250 251
251 252
252 253
253 254
254 255
255 256
256 257
257 258
258 259
259 260
260 261
261 262
262 263
263 264
264 265
265 266
266 267
267 268
268 269
269 270
270 271
271 272
272 273
273 274
274 275
275 276
276 277
277 278
278 279
279 280
280 281
281 282
282 283
283 284
284 285
285 286
286 287
287 288
288 289
289 290
290 291
291 292
292 293
293 294
294 295
295 296
296 297
297 298
298 299
299 300
300 301
301 302
302 303
303 304
304 305
305 306
306 307
307 308
308 309
309 310
310 311
311 312
312 313
313 314
314 315
315 316
316 317
317 318
318 319
319 320
320 321
321 322
322 323
323 324
324 325
325 326
326 327
327 328
328 329
329 330
330 331
331 332
332 333
333 334
334 335
335 336
336 337
337 338
338 339
339 340
340 341
341 342
342 343
343 344
344 345
345 346
346 347
347 348
348 349
349 350
350 351
351 352
352 353
353 354
354 355
355 356
356 357
357 358
358 359
359 360
360 361
361 362
362 363
363 364
364 365
365 366
366 367
367 368
368 369
369 370
370 371
371 372
372 373
373 374
374 375
375 376
376 377
377 378
378 379
379 380
380 381
381 382
382 383
383 384
384 385
385 386
386 387
387 388
388 389
389 390
390 391
391 392
392 393
393 394
394 395
395 396
396 397
397 398
398 399
399 400
400 401
401 402
402 403
403 404
404 405
405 406
406 407
407 408
408 409
409 410
410 411
411 412
412 413
413 414
414 415
415 416
416 417
417 418
418 419
419 420
420 421
421 422
422 423
423 424
424 425
425 426
426 427
427 428
428 429
429 430
430 431
431 432
432 433
433 434
434 435
435 436
436 437
437 438
438 439
439 440
440 441
441 442
442 443
443 444
444 445
445 446
446 447
447 448
448 449
449 450
450 451
451 452
452 453
453 454
454 455
455 456
456 457
457 458
458 459
459 460
460 461
461 462
462 463
463 464
464 465
465 466
466 467
467 468
468 469
469 470
470 471
471 472
472 473
473 474
474 475
475 476
476 477
477 478
478 479
479 480
480 481
481 482
482 483
483 484
484 485
485 486
486 487
487 488
488 489
489 490
490 491
491 492
492 493
493 494
494 495
495 496
496 497
497 498
498 499
499 500
500 501
501 502
502 503
503 504
504 505
505 506
506 507
507 508
508 509
509 510
510 511
511 512
512 513
513 514
514 515
515 516
516 517
517 518
518 519
519 520
520 521
521 522
522 523
523 524
524 525
525 526
526 527
527 528
528 529
529 530
530 531
531 532
532 533
533 534
534 535
535 536
536 537
537 538
538 539
539 540
540 541
541 542
542 543
543 544
544 545
545 546
546 547
547 548
548 549
549 550
550 551
551 552
552 553
553 554
554 555
555 556
556 557
557 558
558 559
559 560
560 561
561 562
562 563
563 564
564 565
565 566
566 567
567 568
568 569
569 570
570 571
571 572
572 573
573 574
574 575
575 576
576 577
577 578
578 579
579 580
580 581
581 582
582 583
583 584
584 585
585 586
586 587
587 588
588 589
589 590
590 591
591 592
592 593
593 594
594 595
595 596
596 597
597 598
598 599
599 600
600 601
601 602
602 603
603 604
604 605
605 606
606 607
607 608
608 609
609 610
610 611
611 612
612 613
613 614
614 615
615 616
616 617
617 618
618 619
619 620
620 621
621 622
622 623
623 624
624 625
625 626
626 627
627 628
628 629
629 630
630 631
631 632
632 633
633 634
634 635
635 636
636 637
637 638
638 639
639 640
640 641
641 642
642 643
643 644
644 645
645 646
646 647
647 648
648 649
649 650
650 651
651 652
652 653
653 654
654 655
655 656
656 657
657 658
658 659
659 660
660 661
661 662
662 663
663 664
664 665
665 666
666 667
667 668
668 669
669 670
670 671
671 672
672 673
673 674
674 675
675 676
676 677
677 678
678 679
679 680
680 681
681 682
682 683
683 684
684 685
685 686
686 687
687 688
688 689
689 690
690 691
691 692
692 693
693 694
694 695
695 696
696 697
697 698
698 699
699 700
700 701
701 702
702 703
703 704
704 705
705 706
706 707
707 708
708 709
709 710
710 711
711 712
712 713
713 714
714 715
715 716
716 717
717 718
718 719
719 720
720 721
721 722
722 723
723 724
724 725
725 726
726 727
727 728
728 729
729 730
730 731
731 732
732 733
733 734
734 735
735 736
736 737
737 738
738 739
739 740
740 741
741 742
742 743
743 744
744 745
745 746
746 747
747 748
748 749
749 750
750 751
751 752
752 753
753 754
754 755
755 756
756 757
757 758
758 759
759 760
760 761
761 762
762 763
763 764
764 765
765 766
766 767
767 768
768 769
769 770
770 771
771 772
772 773
773 774
774 775
775 776
776 777
777 778
778 779
779 780
780 781
781 782
782 783
783 784
784 785
785 786
786 787
787 788
788 789
789 790
790 791
791 792
792 793
793 794
794 795
795 796
796 797
797 798
798 799
799 800
