50 159
683188430 744664002 474464976 596060746 541861266 837238373 236998052 491506574 79479289 120010350 400612726 381726577 8202947 782345864 249041008 813542326 658245810 384847156 749311866 647373495 620322355 631629618 269840492 919993970 674136411 574250291 292598066 752605658 243690632 10958848 646680485 30497920 859112349 88354809 863467591 851317195 460753466 790152171 480907253 893576350 944116283 888666883 361932864 182813134 848922748 182017581 121219285 582843342 382688837 436518849
1 2
2 3
1 4
3 5
3 6
5 7
6 8
1 9
9 10
4 11
9 12
12 13
13 14
6 15
2 16
14 17
17 18
2 19
2 20
10 21
15 22
10 23
11 24
22 25
16 26
11 27
16 28
17 29
8 30
12 31
14 32
14 33
15 34
6 35
15 36
13 37
35 38
19 39
26 40
28 41
2 42
20 43
35 44
8 45
24 46
38 47
44 48
1 49
47 50
