200 400
2083215 5518944 317250 580049 9596188 2856076 5606999 4927111 1893355 4987703 5385729 2742305 8952710 1806853 8707652 5886309 3174963 3622274 8180528 5568760 8635630 58147 550848 8428293 4693012 2459143 9863662 9159501 2921309 9063899 9363550 2055491 6506272 3903169 1901653 46248 1319107 6458603 7947843 3894659 9716698 7399518 7400208 5696387 7227677 6158757 614066 6115920 5578603 3697820 2344782 8343942 1478049 5976167 3587455 9709155 379474 2242640 315211 1346600 7415161 489428 902217 6588213 1028073 4910705 5361916 4979045 4159314 6759808 4276735 8443117 6396395 4864277 8407940 2963050 9526029 4559508 490509 6030981 1921574 2500860 277144 3844426 2120773 9080762 9426462 4146348 9078736 8541138 9283379 241406 1681416 3068867 9281940 7492347 6407677 7099388 1190522 8689583 7660596 9269464 5021426 2613962 8201796 6662936 6936171 6690297 7450856 6174508 3454084 7470517 2325643 2027714 1994573 6542262 4240101 2616552 7089318 264481 5430297 6312203 5548444 9338170 3551840 2745388 3647392 9850150 7770607 8560037 9235923 1254410 8675185 5285842 2729256 5188397 2858868 8244873 4401437 6532160 5689301 2813486 4399967 2864807 196081 9207739 2522887 9465380 5219925 5024868 6605439 6308590 8787942 6599898 9953160 7201685 9191459 8794615 9906206 1262841 2895280 5152071 546584 8978502 1593414 2222909 2864507 8399968 6230757 6342411 3907629 2295676 5796536 8811991 2132396 9647143 3180903 1327438 1496310 7617426 3569828 5746325 5824345 9055400 7241073 2921833 6788009 8282769 2944061 5503547 3790383 6170207 4939428 6864059 3105957 1533008 7136135 6304586 7655222 425213
1 2
2 3
3 4
4 5
5 6
6 7
7 8
8 9
9 10
10 11
11 12
12 13
13 14
14 15
15 16
16 17
17 18
18 19
19 20
20 21
21 22
22 23
23 24
24 25
25 26
26 27
27 28
28 29
29 30
30 31
31 32
32 33
33 34
34 35
35 36
36 37
37 38
38 39
39 40
40 41
41 42
42 43
43 44
44 45
45 46
46 47
47 48
48 49
49 50
50 51
51 52
52 53
53 54
54 55
55 56
56 57
57 58
58 59
59 60
60 61
61 62
62 63
63 64
64 65
65 66
66 67
67 68
68 69
69 70
70 71
71 72
72 73
73 74
74 75
75 76
76 77
77 78
78 79
79 80
80 81
81 82
82 83
83 84
84 85
85 86
86 87
87 88
88 89
89 90
90 91
91 92
92 93
93 94
94 95
95 96
96 97
97 98
98 99
99 100
100 101
101 102
102 103
103 104
104 105
105 106
106 107
107 108
108 109
109 110
110 111
111 112
112 113
113 114
114 115
115 116
116 117
117 118
118 119
119 120
120 121
121 122
122 123
123 124
124 125
125 126
126 127
127 128
128 129
129 130
130 131
131 132
132 133
133 134
134 135
135 136
136 137
137 138
138 139
139 140
140 141
141 142
142 143
143 144
144 145
145 146
146 147
147 148
148 149
149 150
150 151
151 152
152 153
153 154
154 155
155 156
156 157
157 158
158 159
159 160
160 161
161 162
162 163
163 164
164 165
165 166
166 167
167 168
168 169
169 170
170 171
171 172
172 173
173 174
174 175
175 176
176 177
177 178
178 179
179 180
180 181
181 182
182 183
183 184
184 185
185 186
186 187
187 188
188 189
189 190
190 191
191 192
192 193
193 194
194 195
195 196
196 197
197 198
198 199
199 200
