900 892
325129373 879790308 727426 181273553 241812349 684348676 952038550 160112879 509712247 568955211 28825135 163894041 467676709 716255120 382189358 374263666 125794324 193701692 470873752 584273551 572632815 695965718 241967717 451383345 492202367 663901111 31376075 800100779 887412647 539970092 276079335 145841551 554519545 983066142 931291533 560414852 238861428 16404027 569126712 775113447 188681166 137902994 278595106 342013817 57464388 335457999 952048273 663962080 422941386 912788695 541292546 815522894 973460408 112653097 796492366 40278952 832532369 34778617 108676550 250173758 370044920 449196514 969430693 276005959 719306069 981632453 928957300 239461553 294163458 759340900 199697902 34831664 772943229 445441747 745506580 771815262 105497655 97961189 375314716 967434870 683720598 133691892 197964088 327355813 609220454 775177522 727079211 844105161 715947548 929811281 978833440 736774417 464183227 185264035 673722953 145832072 636523076 380917400 911450406 260947526 190584642 334533320 88962739 609142387 800405783 790868862 765887638 850727798 266192746 343839584 718082163 551854866 594311811 794067374 255838093 677707413 271571740 814616578 476331070 964055348 494207012 39801765 683281367 140224744 884927213 101130746 144982203 574468907 508174751 366820176 23789083 174327038 523774925 128602844 8623157 838888383 400167665 689116821 906421584 127074491 177194699 604320718 295244059 696563276 199610297 11706157 927035737 79661882 72853933 940638458 423536395 388454 597271377 579545212 222947604 897220809 629842617 811077151 137928792 542997232 31950596 935895062 759480522 81193733 771229221 350737301 396734687 879864763 454925915 150231104 29235479 283732102 741679153 34241839 53180604 562875715 688806727 599405370 896743520 500233703 817252346 760538177 625715629 35817388 408532056 594701966 835644847 790979583 295977814 955993977 617877473 861033234 881847146 792449047 840342960 103330406 72030830 494043021 556130834 350446360 622696598 467176196 206443065 704197297 841185346 213133855 553128824 441323223 723175472 981577962 162108755 930715867 268000381 819242513 567295964 952574900 714052790 350940762 840386790 149810066 37652810 608190257 947715352 532111139 296048407 651788146 871713238 807730365 352459272 272910766 67057179 634492817 465623481 360195314 152876468 588222439 597577187 554173867 178963928 245005964 97874344 617324914 315215213 482768238 612656670 711277518 504755508 178350793 962144949 912126488 805844209 900597452 239684779 790438003 127964696 302002262 260532519 981738679 99435922 779986264 408757403 300580791 824925772 419143462 166080398 993698712 567778032 571536282 209400955 696308004 892908021 566231198 248560677 544095825 348421006 300470158 132018975 815926004 893136567 97864222 240794021 770905924 513474756 134385738 195249114 238783462 511542775 15504128 117690996 922595390 453219470 243855526 661984142 784364829 720069488 388432787 245051815 420121450 232828472 376642287 820495218 569806540 972936390 644403357 677480435 113450430 186442871 265796357 238664022 717721232 970376223 608152918 651987136 966076377 32168393 462349210 917136166 595636993 522132371 975458663 787684142 559154288 758573002 838206591 449719428 261476951 90611045 701900138 473623692 124965988 383724636 22541083 401279375 266776404 468754719 204736247 595319479 340010774 490495615 989561186 286702663 623013130 852373299 880525128 299954610 338075414 875708175 447727079 508408029 743273900 555799467 680249011 817129255 827431048 112877345 152244299 717177125 60890421 256074006 142696260 429868147 11984072 734940588 397408204 764527924 719821923 137285303 132843404 717242922 237537570 232230825 761829215 80952503 861994069 5396541 811173902 815750784 248585336 860202469 192766090 673548684 669849480 501003015 568344348 307966938 371052424 909356706 833938705 883665568 244661601 283385342 271697045 638089868 99630218 648774163 286375520 178615514 749338932 242755945 811177115 316971208 306009214 96468732 292831760 225329065 991949940 233184021 637930267 565077758 230048627 691077645 873716307 299937250 185951670 873505424 417155784 970641926 205870148 57583685 894034721 471175857 34570233 443492548 989259423 636103784 344179065 62431167 737327384 564247567 33625108 455037525 62016672 43845145 137572337 472145191 534944419 63169605 241488698 670836417 249928398 116852727 970180360 131388441 32712717 314825076 537418656 256250971 637053310 674740378 295360410 382224269 133237206 449120559 708835830 819272421 195422592 392768687 876946391 768654984 870764464 266569067 936823521 451613149 785123590 25152270 261070916 218463877 649305074 345163904 462859348 848443250 886448526 541802030 130575079 824871836 396041426 703606072 747583553 602811887 570747785 792788317 24040134 663032868 523182207 716789577 128986321 532340309 263238069 652425210 275935362 158003540 250105591 817541048 843361067 587475629 672589511 79859122 186457681 919315377 832241342 423927931 100140618 414792312 533751502 912836842 379806723 825228390 853470294 258177479 269667655 598964845 57869860 514041329 736552692 971737248 371470779 436453751 298025765 608356671 290705809 166152585 321401064 742768870 186310457 969871273 803113529 828927585 576676919 221492917 977272444 807394885 598257086 9517692 496591507 269834012 312560135 20961198 493778576 465779157 864530928 614796023 800551740 727112327 232493398 373872614 663809498 144172429 218513607 485651186 586141280 582191883 657714717 380075196 959024020 987268043 513431293 960332652 800862281 793124967 957481727 827803577 686390104 261580272 842075601 282370297 883295857 388901081 971027168 19680371 915032914 672745963 701726862 40001401 731011105 902461453 28546528 639038339 866990704 146828058 704319959 562680301 401205646 439362533 23036131 136136544 96952334 721456079 436031223 73779552 197136302 669560122 829953158 237321194 295297414 662151014 90426889 571324417 957450052 491381806 888216870 524823393 681106002 847751754 590538298 767070451 528315198 204570510 713045020 190595482 144806421 14128712 20564166 335803870 508535789 253411796 586537203 34570736 162290687 310316322 936287250 521739868 433365777 98121861 18138348 749642419 148300822 840369966 962033001 807231348 89687819 673720299 296489676 174244105 425229295 651281074 105680964 294413168 960132434 572741060 549094716 231333084 790678888 15622318 828511594 729779541 564767232 827758024 862516253 241214195 350636727 680360589 173971630 458127534 155612997 997266374 580770337 406667109 758332604 728084586 523639570 426259652 563075390 677054916 166283822 916063066 268519912 661936015 365338051 439340448 291902194 91727252 804573572 347213879 100187396 72520123 160358127 686138250 9848115 761871691 451253472 612822389 809472439 469803216 390985795 351043462 438655750 321421916 32415175 840495598 661385852 284091841 955189945 409727150 47872142 25199387 178451057 344049647 57001462 920499899 282857842 104878589 735675513 106329759 497915295 339744164 22318718 812766100 302334189 857845187 626936669 185986697 385815718 186406155 106577293 643785351 218081742 503473940 424480308 152182594 436877674 804281505 609275620 657665410 298740139 732170816 592777136 998964863 215715381 401487004 94853196 529122292 910724178 427272596 748038958 31645279 627781640 1564075 297350077 462478658 991928166 819472319 869219026 487498257 792887598 855068558 575888153 634996177 247879778 352415536 519163011 370855629 326528263 531478192 522149092 441377622 62066453 394429891 733420519 451347 737215114 235015210 892702251 368496936 548533773 783369590 224978317 655907064 163370263 389029135 592241825 601262111 841939848 84614404 222381548 272962966 872867535 841295573 801940803 272281983 81720220 95831927 466355336 225876851 153321268 214925162 630370864 454980187 367488172 702247154 779868538 920163007 954413833 429090264 545228014 481393988 404633544 962532968 404383322 111379648 599838277 821887681 941074427 299455979 197862764 118400857 367783954 790809050 302864359 669941680 136504139 826276172 603638763 302605708 348945417 632226530 838310991 95044911 181423629 542923228 249557938 785281902 485344782 664301202 28881243 550894760 503037169 239845739 725761505 81370158 812867989 128656614 349826074 39334506 139902430 900398120 745625366 388309371 46547381 664500508 536180287 276193558 184323392 648155249 646213736 50825687 77988027 738775160 521199943 84181427 784239959 611209046 300886475 624510408 53630977 799657503 784042184 519226019 571780966 918621235 952133150 336672566 565413286 533399975 85239064 428786371 388558928 980113195 727707165 446425718 346154431 484307917 72241164 670263704 630769729 806282876 779786439 386294118 387168093 464827310 528895780 836737301 104392335 730073581 989796926 476467263 447428829 444125320 671398056 569972081 314349654 331696643 684619518 918624791 510463353 473203581 421510513 809379769 44750968 9177750 403566818
1 2
2 3
2 4
3 5
5 6
6 7
3 8
3 9
1 10
8 11
1 12
5 13
9 14
1 15
15 16
1 17
14 18
1 19
13 20
3 21
8 22
11 23
1 24
7 25
6 26
9 27
20 28
28 29
10 30
10 31
21 32
11 33
18 34
6 35
31 36
34 37
37 38
4 39
9 40
37 41
10 42
37 43
4 44
41 45
30 46
28 47
39 48
37 49
45 50
34 51
9 52
23 53
23 54
7 55
12 56
14 57
53 58
54 59
11 60
12 61
15 62
35 63
60 64
51 65
26 66
41 67
37 68
30 69
15 70
8 71
5 72
61 73
51 74
27 75
71 76
8 77
52 78
33 79
45 80
30 81
46 82
70 83
45 84
12 85
41 86
53 87
57 88
55 89
89 90
49 91
18 92
7 93
38 94
24 95
35 96
21 97
92 98
8 99
18 100
24 101
98 102
43 103
37 104
22 105
37 106
26 107
96 108
95 109
25 110
109 111
103 112
73 113
10 114
6 115
108 116
41 117
10 118
25 119
45 120
70 121
113 122
87 123
73 124
11 125
80 126
98 127
53 128
90 129
92 130
122 131
77 132
58 133
11 134
113 135
92 136
21 137
61 138
87 139
106 140
100 141
58 142
120 143
112 144
65 145
30 146
135 147
133 148
136 149
137 150
112 151
26 152
152 153
15 154
74 155
125 156
10 157
105 158
119 159
27 160
133 161
128 162
69 163
146 164
27 165
148 166
93 167
94 168
27 169
99 170
103 171
35 172
124 173
143 174
27 175
139 176
171 177
32 178
105 179
99 180
19 181
158 182
135 183
101 184
74 185
103 186
132 187
74 188
155 189
177 190
178 191
163 192
175 193
103 194
130 195
152 196
31 197
113 198
104 199
8 200
99 201
55 202
182 203
124 204
33 205
46 206
103 207
19 208
37 209
206 210
4 211
45 212
47 213
3 214
6 215
51 216
192 217
67 218
170 219
134 220
28 221
185 222
185 223
67 224
204 225
133 226
101 227
38 228
103 229
221 230
41 231
191 232
179 233
42 234
83 235
160 236
137 237
23 238
165 239
127 240
109 241
56 242
134 243
219 244
172 245
166 246
80 247
25 248
91 249
225 250
173 251
165 252
38 253
237 254
37 255
92 256
187 257
92 258
176 259
34 260
94 261
238 262
105 263
36 264
102 265
168 266
14 267
119 268
264 269
187 270
126 271
205 272
155 273
233 274
118 275
73 276
246 277
29 278
178 279
39 280
161 281
242 282
54 283
62 284
224 285
122 286
60 287
6 288
279 289
20 290
230 291
46 292
4 293
290 294
120 295
69 296
220 297
261 298
102 299
240 300
232 301
221 302
130 303
207 304
214 305
95 306
259 307
92 308
148 309
223 310
301 311
251 312
190 313
194 314
91 315
268 316
134 317
96 318
244 319
11 320
164 321
149 322
125 323
88 324
285 325
138 326
58 327
125 328
112 329
277 330
315 331
28 332
211 333
315 334
78 335
250 336
211 337
34 338
83 339
149 340
259 341
216 342
134 343
30 344
219 345
158 346
150 347
124 348
273 349
267 350
325 351
45 352
311 353
169 354
99 355
3 356
51 357
147 358
303 359
277 360
55 361
230 362
164 363
30 364
45 365
353 366
281 367
179 368
28 369
51 370
19 371
235 372
201 373
77 374
258 375
149 376
361 377
303 378
123 379
177 380
11 381
77 382
82 383
43 384
300 385
269 386
137 387
52 388
216 389
341 390
125 391
275 392
138 393
78 394
362 395
103 396
292 397
248 398
161 399
155 400
101 401
376 402
308 403
393 404
324 405
108 406
335 407
301 408
137 409
111 410
40 411
376 412
284 413
360 414
353 415
228 416
159 417
210 418
39 419
185 420
411 421
39 422
321 423
93 424
211 425
79 426
257 427
163 428
235 429
38 430
286 431
143 432
267 433
69 434
170 435
267 436
351 437
10 438
40 439
7 440
238 441
334 442
133 443
274 444
221 445
288 446
18 447
213 448
406 449
103 450
194 451
301 452
148 453
354 454
333 455
303 456
332 457
5 458
343 459
434 460
26 461
425 462
88 463
65 464
28 465
385 466
372 467
403 468
142 469
252 470
148 471
426 472
164 473
109 474
371 475
460 476
16 477
242 478
416 479
114 480
160 481
96 482
35 483
104 484
166 485
449 486
234 487
162 488
311 489
474 490
397 491
223 492
300 493
142 494
260 495
257 496
281 497
47 498
142 499
393 500
159 501
229 502
197 503
398 504
303 505
18 506
426 507
231 508
321 509
480 510
344 511
112 512
36 513
36 514
457 515
269 516
117 517
349 518
318 519
268 520
404 521
465 522
430 523
259 524
320 525
520 526
401 527
379 528
358 529
363 530
524 531
321 532
501 533
151 534
360 535
146 536
519 537
198 538
262 539
482 540
303 541
172 542
244 543
112 544
353 545
400 546
509 547
67 548
7 549
193 550
308 551
166 552
439 553
225 554
48 555
333 556
436 557
451 558
132 559
299 560
123 561
138 562
344 563
421 564
134 565
511 566
236 567
104 568
328 569
114 570
257 571
422 572
532 573
559 574
163 575
81 576
388 577
219 578
421 579
320 580
461 581
359 582
395 583
121 584
461 585
573 586
233 587
537 588
90 589
300 590
237 591
133 592
78 593
408 594
30 595
70 596
69 597
6 598
592 599
581 600
401 601
295 602
426 603
194 604
285 605
150 606
424 607
228 608
474 609
534 610
375 611
280 612
560 613
180 614
452 615
276 616
312 617
155 618
545 619
488 620
609 621
325 622
408 623
204 624
351 625
616 626
27 627
168 628
273 629
23 630
355 631
596 632
263 633
17 634
6 635
218 636
455 637
488 638
591 639
495 640
392 641
258 642
474 643
106 644
193 645
190 646
404 647
313 648
413 649
257 650
368 651
521 652
9 653
599 654
519 655
558 656
466 657
177 658
625 659
238 660
157 661
54 662
409 663
62 664
14 665
214 666
565 667
636 668
236 669
583 670
656 671
204 672
1 673
279 674
487 675
50 676
146 677
644 678
199 679
415 680
28 681
45 682
238 683
145 684
600 685
682 686
107 687
680 688
216 689
117 690
657 691
183 692
167 693
38 694
318 695
2 696
314 697
55 698
23 699
652 700
622 701
38 702
117 703
313 704
94 705
465 706
429 707
291 708
481 709
460 710
352 711
177 712
149 713
149 714
52 715
562 716
66 717
161 718
48 719
486 720
170 721
623 722
277 723
618 724
330 725
570 726
522 727
118 728
144 729
426 730
330 731
262 732
544 733
518 734
275 735
42 736
195 737
219 738
646 739
75 740
669 741
319 742
44 743
46 744
639 745
464 746
453 747
582 748
355 749
261 750
704 751
698 752
725 753
116 754
372 755
452 756
245 757
72 758
459 759
26 760
746 761
351 762
666 763
461 764
718 765
5 766
87 767
740 768
658 769
207 770
436 771
69 772
528 773
598 774
433 775
175 776
417 777
60 778
343 779
359 780
85 781
652 782
575 783
694 784
91 785
115 786
37 787
127 788
68 789
624 790
608 791
411 792
379 793
550 794
474 795
500 796
793 797
776 798
154 799
278 800
426 801
491 802
426 803
756 804
782 805
499 806
517 807
646 808
776 809
473 810
718 811
635 812
703 813
670 814
771 815
390 816
129 817
127 818
801 819
704 820
558 821
680 822
537 823
771 824
53 825
431 826
505 827
712 828
471 829
657 830
507 831
414 832
825 833
670 834
598 835
312 836
114 837
423 838
497 839
246 840
394 841
823 842
424 843
538 844
90 845
389 846
825 847
683 848
812 849
616 850
241 851
277 852
65 853
355 854
336 855
769 856
552 857
807 858
168 859
494 860
424 861
183 862
104 863
827 864
464 865
657 866
753 867
477 868
19 869
389 870
661 871
597 872
160 873
314 874
232 875
492 876
805 877
352 878
543 879
286 880
713 881
105 882
683 883
582 884
579 885
349 886
497 887
844 888
408 889
582 890
2 891
366 892
333 893
666 894
780 895
328 896
773 897
835 898
407 899
673 900
