400 447
17 3 69 55 47 80 89 67 95 63 0 85 96 1 59 19 74 30 64 37 74 32 69 1 14 12 67 22 68 40 99 2 47 0 98 77 39 37 96 82 15 10 98 33 55 5 62 65 10 77 96 75 69 78 80 70 16 27 26 61 31 15 19 82 93 38 97 14 89 41 11 15 26 43 8 93 10 76 31 1 36 77 20 50 24 32 99 67 5 73 16 28 18 73 2 47 76 40 24 13 34 66 10 14 72 10 47 2 55 62 84 85 40 28 50 69 25 35 54 56 56 52 23 69 81 29 80 71 11 16 17 69 2 94 26 32 10 87 71 55 53 17 18 46 57 88 20 34 11 1000000000 64 10 95 29 83 20 35 42 15 75 94 54 79 90 61 42 19 71 77 70 19 92 58 99 65 46 95 92 91 53 70 38 67 22 10 88 95 9 28 54 21 70 29 73 35 10 97 41 7 93 40 62 100 10 25 10 47 45 6 14 89 95 74 84 16 47 75 50 1 84 25 75 58 81 24 26 13 43 27 29 49 50 28 35 86 3 47 51 89 26 51 90 76 65 80 13 14 47 80 22 69 31 41 47 69 65 34 89 7 31 22 47 21 26 41 82 19 87 44 37 25 95 57 83 19 53 90 31 36 24 76 77 84 80 27 58 60 88 5 68 2 57 20 48 89 77 90 96 59 86 74 77 61 10 53 50 4 46 89 78 6 40 91 47 82 99 70 83 57 49 58 97 88 71 81 33 54 23 57 77 69 93 46 46 93 63 40 6 10 62 85 13 67 30 25 66 2 7 89 63 51 56 0 97 32 44 85 76 96 56 79 0 20 44 59 97 45 11 82 41 94 49 64 94 59 35 18 29 26 70 19 16 2 64 44 48 6 6 2 59 38 50 0 2 87 95 88 26 92 84
1 2
1 3
1 4
1 5
1 6
1 7
1 8
1 9
1 10
1 11
1 12
1 13
1 14
1 15
1 16
1 17
1 18
1 19
1 20
1 21
1 22
1 23
1 24
1 25
1 26
1 27
1 28
1 29
1 30
1 31
1 32
1 33
1 34
1 35
1 36
1 37
1 38
1 39
1 40
1 41
1 42
1 43
1 44
1 45
1 46
1 47
1 48
1 49
1 50
1 51
1 52
1 53
1 54
1 55
1 56
1 57
1 58
1 59
1 60
1 61
1 62
1 63
1 64
1 65
1 66
1 67
1 68
1 69
1 70
1 71
1 72
1 73
1 74
1 75
1 76
1 77
1 78
1 79
1 80
1 81
1 82
1 83
1 84
1 85
1 86
1 87
1 88
1 89
1 90
1 91
1 92
1 93
1 94
1 95
1 96
1 97
1 98
1 99
1 100
1 101
1 102
1 103
1 104
1 105
1 106
1 107
1 108
1 109
1 110
1 111
1 112
1 113
1 114
1 115
1 116
1 117
1 118
1 119
1 120
1 121
1 122
1 123
1 124
1 125
1 126
1 127
1 128
1 129
1 130
1 131
1 132
1 133
1 134
1 135
1 136
1 137
1 138
1 139
1 140
1 141
1 142
1 143
1 144
1 145
1 146
1 147
1 148
1 149
1 150
1 151
1 152
1 153
1 154
1 155
1 156
1 157
1 158
1 159
1 160
1 161
1 162
1 163
1 164
1 165
1 166
1 167
1 168
1 169
1 170
1 171
1 172
1 173
1 174
1 175
1 176
1 177
1 178
1 179
1 180
1 181
1 182
1 183
1 184
1 185
1 186
1 187
1 188
1 189
1 190
1 191
1 192
1 193
1 194
1 195
1 196
1 197
1 198
1 199
1 200
1 201
1 202
1 203
1 204
1 205
1 206
1 207
1 208
1 209
1 210
1 211
1 212
1 213
1 214
1 215
1 216
1 217
1 218
1 219
1 220
1 221
1 222
1 223
1 224
1 225
1 226
1 227
1 228
1 229
1 230
1 231
1 232
1 233
1 234
1 235
1 236
1 237
1 238
1 239
1 240
1 241
1 242
1 243
1 244
1 245
1 246
1 247
1 248
1 249
1 250
1 251
1 252
1 253
1 254
1 255
1 256
1 257
1 258
1 259
1 260
1 261
1 262
1 263
1 264
1 265
1 266
1 267
1 268
1 269
1 270
1 271
1 272
1 273
1 274
1 275
1 276
1 277
1 278
1 279
1 280
1 281
1 282
1 283
1 284
1 285
1 286
1 287
1 288
1 289
1 290
1 291
1 292
1 293
1 294
1 295
1 296
1 297
1 298
1 299
1 300
1 301
1 302
1 303
1 304
1 305
1 306
1 307
1 308
1 309
1 310
1 311
1 312
1 313
1 314
1 315
1 316
1 317
1 318
1 319
1 320
1 321
1 322
1 323
1 324
1 325
1 326
1 327
1 328
1 329
1 330
1 331
1 332
1 333
1 334
1 335
1 336
1 337
1 338
1 339
1 340
1 341
1 342
1 343
1 344
1 345
1 346
1 347
1 348
1 349
1 350
1 351
1 352
1 353
1 354
1 355
1 356
1 357
1 358
1 359
1 360
1 361
1 362
1 363
1 364
1 365
1 366
1 367
1 368
1 369
1 370
1 371
1 372
1 373
1 374
1 375
1 376
1 377
1 378
1 379
1 380
1 381
1 382
1 383
1 384
1 385
1 386
1 387
1 388
1 389
1 390
1 391
1 392
1 393
1 394
1 395
1 396
1 397
1 398
1 399
1 400
