100 200
313 213 496 449 146 327 399 255 266 35 365 119 362 244 184 434 183 73 40 341 318 491 215 161 138 131 212 169 361 94 471 364 267 67 67 304 136 201 238 425 41 3 399 68 181 404 367 470 199 340 109 327 166 405 485 93 77 311 327 92 34 168 64 99 306 173 151 328 317 191 434 85 388 432 123 263 77 389 13 346 209 124 389 303 328 342 269 271 406 49 254 290 400 119 296 176 431 437 40 322
1 2
1 3
2 4
3 5
2 6
4 7
7 8
6 9
8 10
7 11
5 12
1 13
12 14
7 15
14 16
2 17
5 18
12 19
17 20
3 21
9 22
6 23
6 24
18 25
23 26
5 27
19 28
13 29
28 30
9 31
26 32
19 33
15 34
32 35
17 36
36 37
16 38
34 39
39 40
29 41
6 42
26 43
23 44
37 45
6 46
16 47
43 48
46 49
22 50
37 51
5 52
7 53
7 54
6 55
15 56
52 57
16 58
38 59
52 60
10 61
45 62
45 63
57 64
21 65
38 66
45 67
4 68
46 69
46 70
42 71
37 72
37 73
54 74
44 75
47 76
13 77
6 78
30 79
66 80
14 81
4 82
31 83
15 84
41 85
60 86
25 87
35 88
1 89
49 90
12 91
54 92
63 93
29 94
30 95
2 96
78 97
1 98
97 99
65 100
