600 1000
5580911 4778867 51195 980911 1684430 2919787 747625 6327083 9010587 8376169 2321193 6972124 2063877 7371300 8007646 3941197 7040306 5134871 8242080 2800836 9934624 8377545 3647388 1996931 8058524 7022626 3678926 8957191 1955221 3968399 9881103 2795042 4338486 3772638 4808924 3320240 190734 4908298 7101280 8335342 2095424 627133 2281335 2626960 7189223 5595127 9449941 1282323 9841197 1817585 227746 2614894 1986878 9746020 2240773 6696594 3680322 9594780 7706353 1898929 6540443 1195921 1727628 6739524 1115167 4701438 9918721 9296376 1342487 9398904 6028739 4715154 401918 9096474 5236748 8819760 36844 1271070 9602340 6760751 6459662 8495207 585759 4805515 4057984 1089820 8805920 2348156 8917156 4728613 7729513 4498816 6784085 9435915 5857040 6015318 35993 5410074 2306894 4688740 6446410 2071174 6129603 9314012 8585621 5176458 9189394 2050888 1830746 7610722 3766054 3792237 4376509 2939295 7465632 1672361 9743289 4844795 3531158 9405082 7543682 745300 2236316 2707216 6576804 8642849 2320756 8802470 6654529 289500 4938658 234959 282776 5522771 7361012 1781059 2648279 9627907 8738021 9833785 4951528 2006425 7792154 699202 9090964 3026175 282304 4042816 812101 3241747 5096491 9345227 3976703 1161094 6522917 9704962 3049806 6954655 8031514 1153407 2244226 8219688 6140570 7825915 6740216 8195283 2001664 504058 5150587 7338254 9300377 4770656 6364505 5433624 3671297 798012 5529348 4544935 8970004 6456357 4398589 2921246 1517308 3514320 3879724 5929624 6711289 1468482 3866144 9720142 8241654 3583355 4960853 2595689 9465153 8500258 9150872 3958955 9553013 7390629 207154 5297606 2305207 614142 9777890 3308324 9230099 3595118 415711 9522299 3345581 2118945 1410816 9352335 2059744 1374498 7812371 4189858 565761 7649201 5270583 5612700 2296262 4787612 9196456 8121142 7251856 3649712 1353490 9288469 3736599 9736727 3604006 9647925 9253859 2449320 9167415 5633767 2288755 8843210 618364 2141375 6826669 6087692 1582754 5726051 1097701 3565197 8131289 2549575 6805147 2190147 8303851 5112659 8253119 2588080 2431939 4496800 1989489 9267448 4974238 7208215 3280555 7550042 9773275 9410610 5909313 9276566 11490 7143901 7100089 4010382 5294538 591188 2650784 1249225 235461 1417321 2396619 8215612 7700008 3441539 6986335 4279171 8069268 1636438 2478171 9199548 3944258 9703343 734750 638528 8779945 8434252 6778491 369127 3699729 2309048 542225 6448162 3794254 8571743 9006029 4773918 7706518 7866259 2538102 1018494 3579461 7940197 2262469 817129 1645817 4417084 6835602 9977534 6417155 4154396 4699759 8548262 1006757 114714 4539148 2189066 3904897 5304602 2142369 2151582 3981639 6609685 1404709 3720852 6593124 8135343 9899774 7168075 5867793 7354483 8368675 6451230 2778052 6658791 2818102 8116808 5393688 4196391 6343315 8996359 5706974 6656251 3219696 4069693 5969355 1099673 4863721 8995347 1972931 3899001 7519059 3712363 2635382 7508941 9280484 243934 4473241 9500722 9799807 183714 8347099 9265122 5757282 3092046 292709 7099941 868645 5425144 5949856 4208536 7599810 9882708 5403418 2923293 6142111 1743255 8968599 6451835 9548638 416018 6712013 7538961 280725 371860 5693496 6395762 3069111 6766159 6139629 5166439 6261213 8665460 345561 4309851 8478990 9622679 6229242 3685805 674312 1076753 8338420 2223936 3572196 1769443 4854723 5523238 5328690 4658219 8200755 4522930 7025161 226148 6970903 4960925 8798182 3004788 8434254 9962455 7500594 2990856 3086352 3549466 3854668 8325526 4700129 6090200 664793 2317903 4343587 402424 8289182 9959201 4768233 991446 3169905 3810460 9742334 7124893 7048065 2482120 8556556 7183094 3784958 3424628 2893360 3887575 7954692 7581716 5003287 4255896 8683126 7354424 1824616 5038284 3921910 9687227 4827259 1438935 7698077 8196174 5851316 2443354 3448087 7206151 4817853 1652512 2655562 7682572 3341904 5621612 1057700 6908268 7101915 6935491 2861298 4271546 9297684 9124867 3833695 4577856 5602775 8417223 7334409 4010798 7162376 2830483 597025 8702337 4210241 6090486 3639080 2160744 8422600 1774210 7768964 3732587 4286989 3155841 6097172 531450 5255345 6979417 748210 392192 5291184 8034355 2145173 4829462 9850119 8528596 8068470 4456208 4659181 6652080 7748320 8048249 7710292 1031951 8381658 7309546 1306800 5687000 1727556 9140683 7393563 806555 427659 5270924 4671405 9221668 1215218 4483127 7374035 7842392 2523765 432676 156845 4304506 8629044 6618704 379856 4105632 8123602 5773395 2506328 5176478 2121236 9804600 8301236 2478032 7454488 9683796 1302716 354560 6931255 3100177 3676594 7666590 4271496 1022253 2304056 8727137 4404487 7001264 6521326 6841113 4884239 9148209 2085566 3161861 5638296 3266812 8784392 8933539 6896353 8919094 7404172 7884134 8462666 588909 6445095 3652158 7668568 8279644 4065084 6454601 9333350 1102339 9313871 3022429 7702599 6215418
1 2
2 3
3 4
4 5
5 6
6 7
7 8
8 9
9 10
10 11
11 12
12 13
13 14
14 15
15 16
16 17
17 18
18 19
19 20
20 21
21 22
22 23
23 24
24 25
25 26
26 27
27 28
28 29
29 30
30 31
31 32
32 33
33 34
34 35
35 36
36 37
37 38
38 39
39 40
40 41
41 42
42 43
43 44
44 45
45 46
46 47
47 48
48 49
49 50
50 51
51 52
52 53
53 54
54 55
55 56
56 57
57 58
58 59
59 60
60 61
61 62
62 63
63 64
64 65
65 66
66 67
67 68
68 69
69 70
70 71
71 72
72 73
73 74
74 75
75 76
76 77
77 78
78 79
79 80
80 81
81 82
82 83
83 84
84 85
85 86
86 87
87 88
88 89
89 90
90 91
91 92
92 93
93 94
94 95
95 96
96 97
97 98
98 99
99 100
100 101
101 102
102 103
103 104
104 105
105 106
106 107
107 108
108 109
109 110
110 111
111 112
112 113
113 114
114 115
115 116
116 117
117 118
118 119
119 120
120 121
121 122
122 123
123 124
124 125
125 126
126 127
127 128
128 129
129 130
130 131
131 132
132 133
133 134
134 135
135 136
136 137
137 138
138 139
139 140
140 141
141 142
142 143
143 144
144 145
145 146
146 147
147 148
148 149
149 150
150 151
151 152
152 153
153 154
154 155
155 156
156 157
157 158
158 159
159 160
160 161
161 162
162 163
163 164
164 165
165 166
166 167
167 168
168 169
169 170
170 171
171 172
172 173
173 174
174 175
175 176
176 177
177 178
178 179
179 180
180 181
181 182
182 183
183 184
184 185
185 186
186 187
187 188
188 189
189 190
190 191
191 192
192 193
193 194
194 195
195 196
196 197
197 198
198 199
199 200
200 201
201 202
202 203
203 204
204 205
205 206
206 207
207 208
208 209
209 210
210 211
211 212
212 213
213 214
214 215
215 216
216 217
217 218
218 219
219 220
220 221
221 222
222 223
223 224
224 225
225 226
226 227
227 228
228 229
229 230
230 231
231 232
232 233
233 234
234 235
235 236
236 237
237 238
238 239
239 240
240 241
241 242
242 243
243 244
244 245
245 246
246 247
247 248
248 249
249 250
250 251
251 252
252 253
253 254
254 255
255 256
256 257
257 258
258 259
259 260
260 261
261 262
262 263
263 264
264 265
265 266
266 267
267 268
268 269
269 270
270 271
271 272
272 273
273 274
274 275
275 276
276 277
277 278
278 279
279 280
280 281
281 282
282 283
283 284
284 285
285 286
286 287
287 288
288 289
289 290
290 291
291 292
292 293
293 294
294 295
295 296
296 297
297 298
298 299
299 300
300 301
301 302
302 303
303 304
304 305
305 306
306 307
307 308
308 309
309 310
310 311
311 312
312 313
313 314
314 315
315 316
316 317
317 318
318 319
319 320
320 321
321 322
322 323
323 324
324 325
325 326
326 327
327 328
328 329
329 330
330 331
331 332
332 333
333 334
334 335
335 336
336 337
337 338
338 339
339 340
340 341
341 342
342 343
343 344
344 345
345 346
346 347
347 348
348 349
349 350
350 351
351 352
352 353
353 354
354 355
355 356
356 357
357 358
358 359
359 360
360 361
361 362
362 363
363 364
364 365
365 366
366 367
367 368
368 369
369 370
370 371
371 372
372 373
373 374
374 375
375 376
376 377
377 378
378 379
379 380
380 381
381 382
382 383
383 384
384 385
385 386
386 387
387 388
388 389
389 390
390 391
391 392
392 393
393 394
394 395
395 396
396 397
397 398
398 399
399 400
400 401
401 402
402 403
403 404
404 405
405 406
406 407
407 408
408 409
409 410
410 411
411 412
412 413
413 414
414 415
415 416
416 417
417 418
418 419
419 420
420 421
421 422
422 423
423 424
424 425
425 426
426 427
427 428
428 429
429 430
430 431
431 432
432 433
433 434
434 435
435 436
436 437
437 438
438 439
439 440
440 441
441 442
442 443
443 444
444 445
445 446
446 447
447 448
448 449
449 450
450 451
451 452
452 453
453 454
454 455
455 456
456 457
457 458
458 459
459 460
460 461
461 462
462 463
463 464
464 465
465 466
466 467
467 468
468 469
469 470
470 471
471 472
472 473
473 474
474 475
475 476
476 477
477 478
478 479
479 480
480 481
481 482
482 483
483 484
484 485
485 486
486 487
487 488
488 489
489 490
490 491
491 492
492 493
493 494
494 495
495 496
496 497
497 498
498 499
499 500
500 501
501 502
502 503
503 504
504 505
505 506
506 507
507 508
508 509
509 510
510 511
511 512
512 513
513 514
514 515
515 516
516 517
517 518
518 519
519 520
520 521
521 522
522 523
523 524
524 525
525 526
526 527
527 528
528 529
529 530
530 531
531 532
532 533
533 534
534 535
535 536
536 537
537 538
538 539
539 540
540 541
541 542
542 543
543 544
544 545
545 546
546 547
547 548
548 549
549 550
550 551
551 552
552 553
553 554
554 555
555 556
556 557
557 558
558 559
559 560
560 561
561 562
562 563
563 564
564 565
565 566
566 567
567 568
568 569
569 570
570 571
571 572
572 573
573 574
574 575
575 576
576 577
577 578
578 579
579 580
580 581
581 582
582 583
583 584
584 585
585 586
586 587
587 588
588 589
589 590
590 591
591 592
592 593
593 594
594 595
595 596
596 597
597 598
598 599
599 600
