150 149
277125152 953029324 25270111 846239966 257173082 666007066 76026865 926899176 542709983 347397659 728659434 870654627 262123300 707611371 691065825 586462550 944522111 637757023 516163785 938919938 317380281 424650989 826068254 456094693 235925732 136194237 176151326 475553429 504624655 312807009 190100340 647415133 304301208 780801457 306490892 145434696 924014268 689317710 613233865 92828462 458179320 696748784 867826910 388248724 907599768 268681833 89294249 360436463 351886621 892072520 13869252 210054074 287383129 485466236 920924827 727775499 836140892 325457788 258391912 231765049 38833117 583777134 69338318 455545466 60698736 661295418 115885825 181024476 925730747 503433983 401719000 797465703 130611611 512153961 567050051 609106508 876752150 392782836 649122015 850566562 571953406 259375850 452674004 793490742 818912830 832672187 641637017 632382984 489433930 81022669 150144552 998822899 413730737 29401213 67511291 864168311 371431759 336165307 91252142 660134210 706027258 637034776 464870288 669860782 179443975 74342718 181182458 891166688 170701470 97979277 238139249 603648363 371807557 842972083 877664802 241537647 908210415 755603379 251955799 454719916 518511177 206723440 338571781 218800383 677318135 343825105 410868800 935776712 144337428 822089488 711557736 279683145 350508766 617321674 251686255 946660502 721289964 204071594 297002209 312363850 335530351 500046085 975336994 586492459 463655718 26069187 904051963 68300654 30760212 128970939
1 2
2 3
3 4
4 5
5 6
6 7
7 8
8 9
9 10
10 11
11 12
12 13
13 14
14 15
15 16
16 17
17 18
18 19
19 20
20 21
21 22
22 23
23 24
24 25
25 26
26 27
27 28
28 29
29 30
30 31
31 32
32 33
33 34
34 35
35 36
36 37
37 38
38 39
39 40
40 41
41 42
42 43
43 44
44 45
45 46
46 47
47 48
48 49
49 50
50 51
51 52
52 53
53 54
54 55
55 56
56 57
57 58
58 59
59 60
60 61
61 62
62 63
63 64
64 65
65 66
66 67
67 68
68 69
69 70
70 71
71 72
72 73
73 74
74 75
75 76
76 77
77 78
78 79
79 80
80 81
81 82
82 83
83 84
84 85
85 86
86 87
87 88
88 89
89 90
90 91
91 92
92 93
93 94
94 95
95 96
96 97
97 98
98 99
99 100
100 101
101 102
102 103
103 104
104 105
105 106
106 107
107 108
108 109
109 110
110 111
111 112
112 113
113 114
114 115
115 116
116 117
117 118
118 119
119 120
120 121
121 122
122 123
123 124
124 125
125 126
126 127
127 128
128 129
129 130
130 131
131 132
132 133
133 134
134 135
135 136
136 137
137 138
138 139
139 140
140 141
141 142
142 143
143 144
144 145
145 146
146 147
147 148
148 149
149 150
