100 362
517404103 810943799 878794774 236125913 216736806 213786226 450940459 307966278 633380619 29912461 274046492 833552330 576222192 792426884 626416687 873879977 53080080 866325347 126277835 99482025 398890996 948860967 305437022 208368250 128486313 219229868 683008586 194914798 501655524 985826063 733151124 530613480 750191918 586879542 398912747 250291521 835823015 143788103 128409877 480923254 650209895 227635039 752518017 154851592 953164894 99588134 296019435 373428210 544349227 225518469 176687468 122815829 977878280 210550901 785173831 902630009 741930149 401789973 874324900 16750716 67219198 978169720 322830057 324947076 807705478 788951186 345601671 233858497 551802299 773006215 694045346 940992425 517610809 289182482 457040510 390325543 247283606 990024201 449166753 678929742 71629810 757101148 943105988 507920213 864975102 332626313 122381755 277633145 805046834 52023355 278738310 177071944 439495218 835339879 149913841 54917334 929173547 935506023 549471245 8978389
1 2
2 3
2 4
1 5
1 6
3 7
7 8
3 9
5 10
2 11
3 12
4 13
7 14
5 15
13 16
10 17
13 18
18 19
5 20
12 21
19 22
8 23
13 24
23 25
8 26
10 27
19 28
24 29
5 30
7 31
27 32
28 33
11 34
24 35
15 36
33 37
18 38
32 39
8 40
7 41
30 42
18 43
3 44
15 45
10 46
25 47
5 48
40 49
17 50
40 51
6 52
8 53
38 54
37 55
40 56
14 57
45 58
22 59
37 60
51 61
1 62
30 63
6 64
32 65
12 66
42 67
63 68
65 69
46 70
60 71
27 72
29 73
32 74
64 75
37 76
74 77
69 78
34 79
24 80
31 81
53 82
64 83
51 84
40 85
29 86
38 87
41 88
27 89
6 90
28 91
31 92
85 93
9 94
12 95
53 96
17 97
87 98
74 99
35 100
