300 150
768466370 207278109 62405682 694187064 483984901 402663995 13052510 499187059 414177188 604877020 366564374 530730499 629649937 947581972 550050683 737694109 927722780 602298408 420102382 388399692 243108786 454387743 625319754 536108749 624446452 551652228 611722350 799623616 74344486 591013928 35880400 619330066 161669661 912928116 341072890 328594902 219795712 557115988 623530213 856386912 947031783 368063713 656192785 680187680 612948376 477363003 244793038 511878185 906646661 783596751 888424159 587218138 577674691 674451553 745603343 264611562 139743665 893184035 265088869 490991676 218025961 39861552 341417072 586268199 721097799 879359075 169869938 904384829 608922455 204289602 684847636 601425751 164125011 922234179 770070333 414955668 793967790 431268430 824606103 219004912 670868846 822560461 54468406 576630421 946698318 77722890 455398134 828059538 638410711 802810952 415561273 601425449 487570365 629064887 407345302 381420217 452580505 105099927 561384235 852783884 875472785 82715716 386640337 912110282 868086901 356064988 670416247 664286076 748480666 384436417 215515093 163200818 761335740 441015465 185657485 309711747 372894148 766860502 404612245 102485630 345641389 558559005 235940139 506902458 901010900 45449419 886395539 457451107 547694541 596959144 874000336 514464847 204063759 744994012 841206095 455268188 126252127 943225345 134954263 45199150 820056425 500185091 578658580 562847966 17973490 627764759 196850557 651990565 248776138 81595340 28125600 570839959 460127188 269308879 82098708 991473082 374184470 202323209 990724041 19721243 602057135 873909311 96498182 278253833 17144088 969867193 745750552 318335567 747304604 175993019 271418242 558998397 869117565 85647492 975231604 683968826 886139189 119991136 517423727 3812474 118165961 605904119 651664027 669317842 301430080 205794428 275452070 443035200 881280016 529956681 797924557 813895533 153339239 653882061 368908365 630914505 27750449 698345143 506427099 826078014 846752794 906329096 428872603 394813706 190900257 473276833 587694636 95834003 603553551 75413536 729665607 187713890 39254315 471305523 774475910 860124035 407722165 839039654 39238231 169001219 207136090 804329718 921905350 49126947 887889190 628560818 44210078 787758761 328996155 764870840 845995270 338783951 744236260 994145639 602568335 235918249 674140364 336759602 24317096 56168709 841940359 995946338 498544093 667100173 545904671 928053592 105901291 591973841 211111483 565166559 908065994 27341522 241443732 980574117 689085646 780487310 46342078 170945364 411664666 371198177 243919549 775381523 302564176 477362690 794610674 576486103 943267405 881425277 875317635 934325525 248963626 162755225 605713397 373114231 985825141 193436062 27657288 328199170 250205048 270846223 647807093 504350714 892029201 268273913 520630085 297323533 110021135 428101796 115858976 131698244 112468835 196796808 395635858 199215128 116921195 464086843 425745395 473954160 350233176 815298722
1 2
2 3
3 4
4 5
5 6
6 7
7 8
8 9
9 10
10 11
11 12
12 13
13 14
14 15
15 16
16 17
17 18
18 19
19 20
20 21
21 22
22 23
23 24
24 25
25 26
26 27
27 28
28 29
29 30
30 31
31 32
32 33
33 34
34 35
35 36
36 37
37 38
38 39
39 40
40 41
41 42
42 43
43 44
44 45
45 46
46 47
47 48
48 49
49 50
50 51
51 52
52 53
53 54
54 55
55 56
56 57
57 58
58 59
59 60
60 61
61 62
62 63
63 64
64 65
65 66
66 67
67 68
68 69
69 70
70 71
71 72
72 73
73 74
74 75
75 76
76 77
77 78
78 79
79 80
80 81
81 82
82 83
83 84
84 85
85 86
86 87
87 88
88 89
89 90
90 91
91 92
92 93
93 94
94 95
95 96
96 97
97 98
98 99
99 100
100 101
101 102
102 103
103 104
104 105
105 106
106 107
107 108
108 109
109 110
110 111
111 112
112 113
113 114
114 115
115 116
116 117
117 118
118 119
119 120
120 121
121 122
122 123
123 124
124 125
125 126
126 127
127 128
128 129
129 130
130 131
131 132
132 133
133 134
134 135
135 136
136 137
137 138
138 139
139 140
140 141
141 142
142 143
143 144
144 145
145 146
146 147
147 148
148 149
149 150
150 151
151 152
152 153
153 154
154 155
155 156
156 157
157 158
158 159
159 160
160 161
161 162
162 163
163 164
164 165
165 166
166 167
167 168
168 169
169 170
170 171
171 172
172 173
173 174
174 175
175 176
176 177
177 178
178 179
179 180
180 181
181 182
182 183
183 184
184 185
185 186
186 187
187 188
188 189
189 190
190 191
191 192
192 193
193 194
194 195
195 196
196 197
197 198
198 199
199 200
200 201
201 202
202 203
203 204
204 205
205 206
206 207
207 208
208 209
209 210
210 211
211 212
212 213
213 214
214 215
215 216
216 217
217 218
218 219
219 220
220 221
221 222
222 223
223 224
224 225
225 226
226 227
227 228
228 229
229 230
230 231
231 232
232 233
233 234
234 235
235 236
236 237
237 238
238 239
239 240
240 241
241 242
242 243
243 244
244 245
245 246
246 247
247 248
248 249
249 250
250 251
251 252
252 253
253 254
254 255
255 256
256 257
257 258
258 259
259 260
260 261
261 262
262 263
263 264
264 265
265 266
266 267
267 268
268 269
269 270
270 271
271 272
272 273
273 274
274 275
275 276
276 277
277 278
278 279
279 280
280 281
281 282
282 283
283 284
284 285
285 286
286 287
287 288
288 289
289 290
290 291
291 292
292 293
293 294
294 295
295 296
296 297
297 298
298 299
299 300
