800 696
301605387 616759872 486914250 347939450 392305244 448202766 505439212 925720509 318096761 527618486 306957819 64561395 520839031 466715976 242692969 977383930 376796356 281981964 425210853 79214438 108812940 195018921 573615552 696939505 121644397 164079469 693193200 381112430 841914429 687428708 978645553 961747873 854183725 644193575 238077161 59323070 582037992 619461234 939210294 495690596 607109736 180431399 856368973 411167377 622026699 239126448 367528271 110474050 719661729 988954476 318540569 439086016 307337983 820698352 952691427 724314254 655482557 969848853 353626732 828829233 42172131 786483349 14494671 208529487 665118410 612895246 279555448 556958161 695406141 179382391 369363841 897573515 935339793 692016709 650377455 26609900 570379415 441446464 721906889 857980079 941092329 826866676 927623588 512592030 70087522 530337737 896246808 748540317 909922739 86272925 290526631 30920865 93765821 269413053 613294735 237670924 638643162 692277423 852635435 717767902 452864076 827697120 175446727 885624993 41586415 215493543 129842835 866587002 283879198 385758064 806666370 38788506 731268067 381129599 642098623 445939711 148218330 686880602 116683933 656122727 963455846 433964121 892013445 643851483 824531933 849993093 657218511 601047914 142000765 245207401 816023737 11942769 100779224 747541082 370703636 747349684 784120792 126390322 197726939 67443459 774131986 633679858 376532427 813194519 867776499 534920287 499367254 140758535 899594973 926283817 547783676 150681502 604825978 574519668 676013455 326086178 489485539 165361256 881279738 931549933 284889446 755653387 186072152 999466140 575365217 572333823 51922198 298675532 853696200 824547338 518199860 989901657 297272466 963547456 172516378 365466093 755504907 955777113 670042012 212848183 471022731 194056389 113391293 56575767 674228173 855410788 777611484 513142414 335184649 391812274 30677445 979290095 906076698 611058552 448694329 2173477 310595659 302033338 316033882 370985122 609630539 318636867 766925925 864383072 426515178 377079138 968722532 597604252 465751172 711143963 894934895 586515331 336501976 753538933 798225005 443083849 676169804 732040825 524468714 714901092 665821340 752982141 845102669 908873693 623329680 752068912 205490683 618170184 176051708 853442484 336684159 777385695 70823531 381109498 572969359 12249347 724659846 719741087 418721573 699395503 148342270 179747551 326554334 791522937 15264663 503745063 374511893 454066381 448521441 235155947 560001904 234073346 960919120 222257063 868900520 99275768 65691463 970626981 608210184 622239975 851747648 28362061 117912554 580626198 695808857 200757644 874622269 380328110 118985677 996314685 997040942 437475173 993950184 237482648 435347810 418725334 973471562 960998934 410137628 365246296 944430822 206161864 797316017 493217095 471208249 404609860 263567305 741863792 155956245 252496430 337336359 531940288 71857611 320480474 383921366 500689244 617133102 778055414 13138798 985963526 167954454 901244544 230326568 538907756 641717830 476743364 791110194 715443721 694967842 513637261 307309323 883131428 400551400 541383028 790828670 51035125 25475503 324296656 765219909 715298620 685399623 742237200 907098832 46416183 176529975 58459105 157235111 31734453 879113784 388216150 651136170 753477332 859320318 588467077 39268513 327272185 192187438 976961338 52742904 692253136 553669490 378462088 677942612 195370059 959790232 476601092 173000038 505384232 214664105 917622120 293912952 225701569 793671459 889225600 77793433 985995049 919476203 869438090 516266495 812040555 915057763 331155898 380869418 306476430 350429712 369561261 723267324 622663714 691639696 203278692 273683499 265134866 527024909 271755881 193474786 875363914 426797623 209256717 289739353 671705637 859091008 781770304 648981863 987260620 312480930 577710751 615170785 879410544 163025256 688423542 621193396 585711646 24152710 361634991 747968975 342227438 36756233 614458730 648817535 671302758 277664068 96234543 311760455 46684422 718096198 565503959 524738356 469114388 609975255 706261838 479365786 225593954 849400942 325293377 154039758 821294714 89888487 231707559 472015324 322635733 775084506 275676683 973186428 161507903 588696124 440934862 396009325 857652062 270860155 291073424 148253127 467750781 789543578 121229761 77902955 708545591 356755991 844285846 153626528 220952968 902954305 860592497 228702220 343317278 458741962 577798089 565381256 186430543 177020834 655850803 278398022 533276972 865361913 716584208 662478632 395275128 508687381 51256412 409234052 518540313 971799061 374910152 795198349 407941748 136786848 331181030 686446858 714908873 518317084 411667000 798210174 405865973 235927450 517325094 747489421 306146409 640592501 643479842 440000799 504946098 104809954 505631491 731012407 246149577 136924517 361556726 547516138 911880754 726749318 645944612 420098567 753494858 563370155 255250234 547732774 139497585 633943938 585783200 917387128 635027821 982809944 288290481 180877856 707397579 321052022 435293058 112521556 541068657 626548825 58145242 348768927 879536184 171621387 320551741 338693391 229632674 142782604 377322146 527733516 489256152 261056733 278307385 855890861 757035812 952127152 528800334 872287406 948542326 545939860 788027451 907564891 757874613 401415686 93338381 584478756 141544969 755438417 577702061 12422648 820844639 254780791 812229085 782233763 946286470 876280877 282547787 823505647 720208377 592127298 871102425 74850967 836246129 878996868 854977519 255540228 481257364 155930179 296315692 610339232 901073125 911256135 568451584 380978029 86819217 683510794 640875809 545712619 643791786 746420966 715105797 213090282 243479100 592665972 192989979 984777756 64299147 955860530 539409903 781482670 16826393 558460392 305993948 166427821 666942946 15000834 57595534 20101429 137506348 611705266 139021218 76302337 885178171 204748037 617277160 615476555 342429523 732497534 668449105 487659302 367022279 490487541 545858020 337908020 332120398 227131152 641614259 343196412 846475923 630548480 906475271 491574120 457405240 28101828 351655256 756148463 97871387 679894604 966552535 773552362 666199204 575445617 585420519 534207117 545904377 785804172 468039628 89803288 523800163 973187772 390823617 986918149 987894074 41523416 717714658 305321746 849306224 612604983 994026047 359076300 398695269 49564486 856744884 677519758 321255679 91270855 262834623 359676989 650242192 614689405 149872968 138448359 413318813 12716675 740296455 624780961 108970275 618657453 347815105 610139742 649364123 58407656 287121855 930890543 841941623 415251464 572147044 797933474 616609866 362961349 274981356 52847490 329839719 476260076 318889182 450232645 8219298 597808348 776702743 459064987 454832409 447099421 120582196 730468401 673103620 866032989 416981441 730593324 854405417 907471158 157910563 807755194 212544362 955000652 11329205 139181499 22270702 720929914 482408011 391341890 645076367 105144813 845107174 211793172 147103678 248679649 571504285 983745800 692318449 913207237 833104127 651193595 35997474 402629738 287966023 637082333 206448235 969449976 558640975 397373626 866808433 869500706 813796149 126946635 345148293 153291574 858067119 845304226 919138303 388231255 275777806 179104534 528051450 311567526 76877923 659306499 288520784 288021412 56695925 871173273 889712354 186060835 445532377 24441364 343143237 848911719 861457404 531133514 414628027 31924508 181426714 110519281 675852136 68571134 871957969 639748976 779860821 9815513 992027098 394478075 705415802 165928384 431726664 933192857 619534356 421575037 61393317 306546205 151797605 584051015 181760743 877697164 91055372 7028258 908916120 647214612 417084751 96099943 788090162 883177910 635964429 684433697 277360343 494079595 882349683 310563362 803494451 231772415 353884855 837761152 8452207 560296736 866380481 501446549 804710997 61750248 534955453 910464012 838165633 140870900 360541516
1 2
1 3
2 4
4 5
5 6
1 7
6 8
4 9
7 10
5 11
7 12
1 13
8 14
3 15
7 16
3 17
5 18
15 19
11 20
16 21
10 22
16 23
5 24
19 25
15 26
8 27
2 28
19 29
16 30
24 31
10 32
12 33
12 34
17 35
4 36
8 37
29 38
33 39
38 40
38 41
2 42
14 43
32 44
44 45
26 46
25 47
19 48
8 49
12 50
18 51
33 52
14 53
47 54
26 55
16 56
25 57
3 58
50 59
48 60
1 61
59 62
40 63
43 64
63 65
49 66
34 67
52 68
16 69
64 70
25 71
37 72
32 73
64 74
55 75
58 76
34 77
38 78
14 79
74 80
36 81
69 82
74 83
5 84
43 85
44 86
9 87
29 88
88 89
54 90
89 91
27 92
89 93
73 94
4 95
80 96
12 97
45 98
4 99
57 100
23 101
28 102
31 103
22 104
47 105
99 106
92 107
29 108
10 109
13 110
41 111
4 112
57 113
110 114
12 115
37 116
25 117
33 118
59 119
37 120
59 121
110 122
72 123
48 124
24 125
37 126
59 127
115 128
13 129
41 130
47 131
118 132
127 133
40 134
30 135
89 136
44 137
53 138
118 139
55 140
89 141
48 142
96 143
41 144
116 145
21 146
137 147
119 148
126 149
50 150
8 151
51 152
117 153
136 154
68 155
150 156
44 157
39 158
131 159
44 160
92 161
38 162
80 163
63 164
132 165
142 166
47 167
161 168
62 169
68 170
140 171
149 172
17 173
140 174
74 175
166 176
36 177
60 178
107 179
38 180
102 181
94 182
37 183
102 184
16 185
163 186
73 187
58 188
92 189
165 190
85 191
92 192
16 193
72 194
157 195
103 196
65 197
108 198
163 199
3 200
86 201
134 202
161 203
3 204
53 205
88 206
40 207
16 208
94 209
56 210
144 211
191 212
212 213
74 214
59 215
168 216
99 217
114 218
47 219
210 220
47 221
61 222
159 223
82 224
28 225
165 226
128 227
124 228
169 229
135 230
78 231
160 232
135 233
201 234
170 235
65 236
123 237
50 238
166 239
127 240
159 241
115 242
55 243
22 244
51 245
47 246
72 247
46 248
241 249
26 250
179 251
153 252
53 253
55 254
220 255
103 256
7 257
200 258
221 259
115 260
238 261
65 262
19 263
139 264
187 265
93 266
249 267
247 268
205 269
134 270
70 271
46 272
123 273
261 274
111 275
190 276
275 277
62 278
168 279
59 280
232 281
221 282
90 283
257 284
201 285
158 286
35 287
235 288
49 289
175 290
237 291
273 292
232 293
225 294
174 295
97 296
42 297
107 298
101 299
275 300
262 301
20 302
271 303
51 304
167 305
127 306
210 307
229 308
180 309
277 310
103 311
73 312
137 313
157 314
126 315
291 316
13 317
175 318
32 319
39 320
116 321
183 322
2 323
312 324
80 325
145 326
102 327
56 328
56 329
200 330
228 331
25 332
101 333
125 334
310 335
3 336
98 337
13 338
63 339
164 340
170 341
217 342
128 343
140 344
80 345
112 346
251 347
314 348
334 349
172 350
314 351
61 352
189 353
14 354
185 355
195 356
302 357
59 358
338 359
54 360
304 361
31 362
314 363
306 364
62 365
363 366
203 367
336 368
28 369
344 370
300 371
25 372
357 373
164 374
68 375
228 376
246 377
247 378
146 379
57 380
124 381
127 382
235 383
52 384
281 385
146 386
122 387
120 388
35 389
362 390
178 391
151 392
389 393
61 394
232 395
54 396
152 397
20 398
78 399
35 400
331 401
230 402
185 403
322 404
203 405
66 406
358 407
340 408
82 409
301 410
263 411
30 412
135 413
124 414
27 415
244 416
155 417
29 418
251 419
225 420
340 421
369 422
180 423
237 424
215 425
289 426
58 427
51 428
411 429
61 430
169 431
231 432
231 433
115 434
1 435
11 436
316 437
154 438
380 439
38 440
383 441
411 442
193 443
34 444
211 445
445 446
313 447
388 448
108 449
272 450
396 451
218 452
17 453
214 454
8 455
69 456
60 457
388 458
131 459
380 460
124 461
300 462
312 463
54 464
289 465
458 466
57 467
257 468
105 469
196 470
74 471
128 472
369 473
374 474
338 475
244 476
239 477
315 478
34 479
384 480
353 481
53 482
474 483
459 484
129 485
414 486
89 487
284 488
251 489
301 490
315 491
465 492
224 493
111 494
424 495
433 496
115 497
392 498
149 499
61 500
221 501
9 502
102 503
120 504
58 505
264 506
158 507
275 508
295 509
91 510
502 511
435 512
163 513
415 514
66 515
436 516
151 517
443 518
288 519
24 520
399 521
114 522
190 523
68 524
424 525
25 526
7 527
22 528
276 529
161 530
275 531
356 532
357 533
24 534
244 535
50 536
513 537
225 538
97 539
299 540
246 541
249 542
277 543
341 544
243 545
445 546
500 547
305 548
97 549
179 550
81 551
490 552
291 553
98 554
164 555
174 556
287 557
375 558
477 559
141 560
131 561
208 562
277 563
393 564
294 565
281 566
541 567
229 568
524 569
520 570
352 571
265 572
405 573
317 574
106 575
542 576
109 577
164 578
534 579
560 580
266 581
376 582
378 583
46 584
49 585
172 586
362 587
446 588
242 589
522 590
506 591
40 592
233 593
21 594
345 595
230 596
451 597
176 598
29 599
545 600
203 601
146 602
368 603
501 604
302 605
290 606
112 607
206 608
586 609
195 610
407 611
534 612
522 613
32 614
588 615
104 616
491 617
237 618
234 619
435 620
334 621
149 622
176 623
83 624
402 625
621 626
545 627
611 628
454 629
504 630
322 631
334 632
561 633
228 634
365 635
392 636
548 637
587 638
174 639
283 640
487 641
508 642
457 643
353 644
351 645
497 646
542 647
597 648
16 649
57 650
71 651
499 652
72 653
65 654
605 655
333 656
119 657
521 658
217 659
355 660
431 661
558 662
524 663
445 664
449 665
565 666
659 667
113 668
428 669
447 670
392 671
238 672
164 673
205 674
84 675
79 676
186 677
343 678
599 679
415 680
192 681
269 682
375 683
189 684
582 685
360 686
571 687
299 688
660 689
36 690
213 691
46 692
602 693
147 694
679 695
687 696
504 697
630 698
668 699
652 700
550 701
624 702
96 703
293 704
497 705
42 706
4 707
361 708
645 709
305 710
322 711
496 712
389 713
353 714
654 715
454 716
38 717
378 718
328 719
192 720
257 721
167 722
30 723
435 724
704 725
56 726
511 727
40 728
191 729
674 730
327 731
602 732
57 733
658 734
507 735
372 736
176 737
703 738
397 739
294 740
575 741
736 742
275 743
448 744
8 745
1 746
20 747
158 748
705 749
580 750
370 751
34 752
294 753
575 754
148 755
359 756
263 757
315 758
493 759
125 760
562 761
328 762
345 763
643 764
412 765
544 766
386 767
749 768
500 769
271 770
644 771
494 772
277 773
28 774
313 775
161 776
393 777
577 778
47 779
761 780
26 781
392 782
735 783
640 784
21 785
666 786
288 787
199 788
729 789
166 790
543 791
80 792
605 793
399 794
648 795
759 796
40 797
230 798
31 799
370 800
