250 272
433 12 76 931 463 194 274 511 728 889 836 859 134 386 663 417 180 304 849 790 282 579 338 188 113 138 57 166 29 560 482 54 791 771 688 680 369 78 906 521 521 554 425 616 996 454 358 154 40 524 836 381 618 896 251 294 855 403 614 866 14 478 25 230 549 253 891 48 949 316 240 656 502 19 419 856 57 386 875 287 702 280 215 318 181 9 64 227 184 593 138 258 752 335 397 272 201 597 613 880 39 363 752 969 142 811 83 301 575 301 525 968 169 475 784 607 491 355 377 567 697 241 604 235 718 443 164 365 227 637 344 342 308 827 977 129 219 563 7 684 467 386 503 690 392 723 339 984 579 570 764 503 871 234 730 434 874 501 950 449 940 111 631 995 557 96 757 678 607 0 729 176 704 656 86 87 360 195 457 78 235 573 516 789 698 658 958 414 47 348 566 258 17 899 562 895 206 623 654 267 714 149 302 682 59 526 274 270 233 747 791 177 122 920 672 726 595 602 78 168 192 722 173 820 418 178 721 206 507 127 64 11 960 144 836 957 262 608 434 698 645 330 653 649 600 666 84 244 771 209
1 2
1 3
2 4
2 5
3 6
3 7
4 8
4 9
5 10
5 11
6 12
6 13
7 14
7 15
8 16
8 17
9 18
9 19
10 20
10 21
11 22
11 23
12 24
12 25
13 26
13 27
14 28
14 29
15 30
15 31
16 32
16 33
17 34
17 35
18 36
18 37
19 38
19 39
20 40
20 41
21 42
21 43
22 44
22 45
23 46
23 47
24 48
24 49
25 50
25 51
26 52
26 53
27 54
27 55
28 56
28 57
29 58
29 59
30 60
30 61
31 62
31 63
32 64
32 65
33 66
33 67
34 68
34 69
35 70
35 71
36 72
36 73
37 74
37 75
38 76
38 77
39 78
39 79
40 80
40 81
41 82
41 83
42 84
42 85
43 86
43 87
44 88
44 89
45 90
45 91
46 92
46 93
47 94
47 95
48 96
48 97
49 98
49 99
50 100
50 101
51 102
51 103
52 104
52 105
53 106
53 107
54 108
54 109
55 110
55 111
56 112
56 113
57 114
57 115
58 116
58 117
59 118
59 119
60 120
60 121
61 122
61 123
62 124
62 125
63 126
63 127
64 128
64 129
65 130
65 131
66 132
66 133
67 134
67 135
68 136
68 137
69 138
69 139
70 140
70 141
71 142
71 143
72 144
72 145
73 146
73 147
74 148
74 149
75 150
75 151
76 152
76 153
77 154
77 155
78 156
78 157
79 158
79 159
80 160
80 161
81 162
81 163
82 164
82 165
83 166
83 167
84 168
84 169
85 170
85 171
86 172
86 173
87 174
87 175
88 176
88 177
89 178
89 179
90 180
90 181
91 182
91 183
92 184
92 185
93 186
93 187
94 188
94 189
95 190
95 191
96 192
96 193
97 194
97 195
98 196
98 197
99 198
99 199
100 200
100 201
101 202
101 203
102 204
102 205
103 206
103 207
104 208
104 209
105 210
105 211
106 212
106 213
107 214
107 215
108 216
108 217
109 218
109 219
110 220
110 221
111 222
111 223
112 224
112 225
113 226
113 227
114 228
114 229
115 230
115 231
116 232
116 233
117 234
117 235
118 236
118 237
119 238
119 239
120 240
120 241
121 242
121 243
122 244
122 245
123 246
123 247
124 248
124 249
125 250
