500 399
707292184 357207919 844589061 214982798 83941683 243312656 922164221 655899070 892341587 407300404 325317665 378191138 539464215 730701150 846932886 398802324 622754479 146581725 596644609 113111836 953382442 757844044 332920319 796652537 513675228 837277039 886113855 63502938 118611513 795903775 60055733 840385822 745283051 29283409 77833912 836998881 365685429 295812278 731920644 133089583 752104396 315597786 895617522 822985386 436847381 302210368 52751695 909528522 322422794 97089448 521473925 454523283 981251785 267083672 820973636 491722271 420525746 577225014 671927205 823063995 507742007 196131003 528772797 832264946 180542975 122636958 776392139 322142292 816755593 688377678 230610217 124077688 744163389 736731020 335566011 20064534 511783167 131606804 510699066 894966635 359662266 346407238 731178980 6447162 950951749 826478875 199751020 578511949 332071014 511808479 925853185 245506881 723860757 392201817 852814588 457865698 54473168 132988839 546191555 286015888 145267684 702444859 786546730 594409172 813399841 85202202 519488322 47018645 582042708 627356108 522326738 994918353 616019570 339359720 25028642 314606302 627866856 290809198 924053997 15377878 535403835 93227795 135631518 580202386 542321224 493532112 928948886 384968092 448577699 735179695 645747463 495638414 8004970 66005178 113621400 529001652 13442604 309605540 375995883 313227456 758792744 71498124 494023730 8504691 837687202 280857599 547989745 720076113 732181506 246357158 517725008 774808270 238778430 204171482 141783391 830341641 988891293 391175775 170519153 590435721 523268702 910735683 782061049 73219524 576169215 797124004 325173773 585173706 62130283 192285163 666099530 595453884 409046080 537031730 554336088 385865884 540407239 816625678 392879842 150648223 289832439 592639249 564063867 522589865 935668320 232126579 115412950 913990396 598884134 911581352 463876280 568347082 879717491 830766605 455605884 748201759 249588435 687885388 425812440 968800746 447903906 607717476 314043041 841785653 428485535 366215158 679423208 450942796 741539865 294016748 718210737 189991138 989314194 555262972 418875300 158187206 44617064 121536065 480139718 184193916 655782790 237130758 474923269 281235048 718317489 54869195 121893182 539209578 34050134 615114540 269627850 91889228 79435983 921478546 726269102 714714809 820086299 520072757 781280503 299216402 81309679 624111071 521853763 40322873 447150604 859094384 266825655 540127227 992928617 479257464 670168179 888913715 109449586 122538896 719982169 9759638 309565158 876861235 126969634 816841571 944424027 124226771 417948469 584222626 911569634 904780704 751130085 240219886 509415117 370378232 289180628 154947372 2424306 162765749 852444518 433601477 687357511 664437245 820504296 822057358 274725670 827772549 617048699 810998796 550533570 297578295 842714051 615376929 648784858 314680442 715700699 898090302 398846869 932049584 62229496 999011394 250240658 856010085 632234504 284448097 249370981 40760595 876186513 342122912 965329902 804079694 57980730 412259177 724589139 486517556 431091358 635179078 628409895 208395358 592521279 654595687 514319983 46504717 953445780 573353478 527333875 638042661 322482281 681413114 628632759 790444370 738888579 409754624 750080109 963169920 687449661 780943503 817443006 155187270 390022432 773815664 840240212 199677640 409400746 279548826 822429094 704519860 673672009 391934763 538365910 875292262 871976065 677983025 844303981 127408497 765342309 729468921 461695690 704385542 435101203 533575739 961264560 535382335 652510888 152020775 488773300 446731793 330706230 950124998 341198215 569745313 314024837 990110805 287075358 393583278 478676176 843295046 60084297 434701378 589495911 732980107 96885907 620167392 38188218 392210295 964574510 826717887 265211230 357423025 511375770 936224282 701821583 121117963 910821915 816534071 927167996 271378544 989472778 808599053 962724508 145278272 289065152 600826016 799146993 297506291 534132145 58757560 97145077 236030613 667050853 83932447 645871226 201747156 63125002 904176196 685620582 991793464 111779000 187097291 642115397 322960389 264059834 292377895 451377910 764829955 668716221 618019213 81995289 711320698 579823073 659165443 441617895 899377800 601162796 555213794 483985341 985467676 877124732 999137561 848074559 586324498 246870582 792433342 517088996 593035156 419331306 20919033 666594940 692444718 889785480 136910318 225297278 555351786 608792247 212859776 555599231 759009165 509309962 683765907 404781837 552596288 828618595 627413592 73300206 733659573 558002558 682803442 387154190 240837334 432614548 956661484 866498188 355528264 640369990 65250117 594872490 500415318 396732529 621629504 530100212 789075959 926427890 152427982 524061740 842636611 625050353 929227798 567716552 716615665 780383319 803319906 442083002 110026810 199706820 252110908 271277360 256731163 693877326 338016901 818000473 800440094 156814785 756386693 554976614 777399762
1 2
1 3
1 4
4 5
4 6
3 7
5 8
8 9
9 10
6 11
5 12
1 13
3 14
10 15
7 16
12 17
17 18
14 19
4 20
11 21
4 22
5 23
6 24
7 25
12 26
11 27
25 28
12 29
4 30
19 31
15 32
2 33
6 34
7 35
29 36
3 37
33 38
5 39
36 40
8 41
23 42
4 43
4 44
39 45
6 46
36 47
15 48
25 49
11 50
11 51
48 52
51 53
53 54
2 55
8 56
14 57
24 58
19 59
21 60
14 61
5 62
44 63
56 64
45 65
38 66
3 67
59 68
31 69
1 70
33 71
47 72
19 73
58 74
61 75
39 76
22 77
15 78
61 79
59 80
70 81
20 82
52 83
32 84
75 85
81 86
52 87
30 88
36 89
73 90
4 91
76 92
25 93
20 94
49 95
20 96
64 97
87 98
74 99
52 100
53 101
62 102
45 103
44 104
59 105
31 106
48 107
62 108
4 109
82 110
15 111
77 112
81 113
109 114
101 115
16 116
31 117
70 118
45 119
100 120
77 121
22 122
15 123
26 124
91 125
9 126
46 127
75 128
108 129
33 130
24 131
62 132
91 133
106 134
113 135
121 136
103 137
18 138
8 139
34 140
57 141
138 142
59 143
138 144
43 145
105 146
53 147
107 148
119 149
49 150
34 151
95 152
134 153
75 154
1 155
90 156
35 157
132 158
94 159
143 160
44 161
126 162
121 163
104 164
112 165
67 166
134 167
138 168
117 169
103 170
45 171
137 172
26 173
13 174
129 175
169 176
111 177
26 178
113 179
78 180
100 181
119 182
30 183
16 184
129 185
122 186
13 187
128 188
46 189
170 190
47 191
185 192
103 193
120 194
124 195
154 196
190 197
153 198
109 199
98 200
8 201
168 202
147 203
34 204
161 205
160 206
37 207
125 208
90 209
139 210
113 211
104 212
18 213
184 214
25 215
162 216
215 217
83 218
107 219
133 220
14 221
8 222
121 223
199 224
90 225
225 226
8 227
160 228
100 229
178 230
152 231
96 232
161 233
120 234
168 235
152 236
231 237
57 238
165 239
76 240
139 241
71 242
109 243
96 244
143 245
154 246
88 247
161 248
97 249
206 250
176 251
223 252
154 253
175 254
78 255
236 256
26 257
68 258
92 259
114 260
161 261
4 262
193 263
50 264
87 265
198 266
210 267
88 268
110 269
215 270
169 271
34 272
11 273
18 274
16 275
190 276
198 277
75 278
260 279
207 280
71 281
45 282
182 283
241 284
166 285
168 286
189 287
132 288
186 289
280 290
131 291
153 292
258 293
149 294
188 295
254 296
98 297
126 298
41 299
221 300
53 301
265 302
80 303
43 304
196 305
301 306
191 307
37 308
13 309
121 310
151 311
219 312
88 313
158 314
26 315
247 316
197 317
313 318
88 319
267 320
100 321
19 322
178 323
302 324
239 325
23 326
79 327
30 328
81 329
299 330
12 331
201 332
272 333
36 334
164 335
180 336
73 337
10 338
315 339
155 340
107 341
258 342
145 343
266 344
53 345
287 346
303 347
143 348
50 349
339 350
164 351
118 352
93 353
244 354
163 355
103 356
106 357
280 358
324 359
42 360
36 361
113 362
324 363
36 364
40 365
242 366
183 367
348 368
107 369
59 370
234 371
303 372
323 373
233 374
343 375
69 376
359 377
335 378
325 379
374 380
111 381
130 382
304 383
324 384
184 385
299 386
176 387
380 388
145 389
6 390
369 391
181 392
234 393
118 394
118 395
281 396
29 397
162 398
95 399
365 400
315 401
273 402
258 403
141 404
123 405
306 406
230 407
402 408
285 409
226 410
215 411
215 412
65 413
39 414
121 415
50 416
125 417
221 418
40 419
184 420
411 421
285 422
373 423
41 424
368 425
7 426
149 427
290 428
383 429
39 430
202 431
380 432
330 433
23 434
80 435
240 436
314 437
219 438
88 439
384 440
418 441
297 442
46 443
25 444
237 445
153 446
81 447
118 448
313 449
70 450
440 451
145 452
347 453
4 454
285 455
30 456
14 457
299 458
33 459
332 460
429 461
232 462
341 463
401 464
245 465
37 466
158 467
295 468
83 469
425 470
355 471
228 472
191 473
161 474
194 475
6 476
163 477
302 478
171 479
365 480
217 481
454 482
284 483
441 484
331 485
274 486
52 487
295 488
40 489
310 490
396 491
173 492
341 493
360 494
238 495
284 496
87 497
222 498
77 499
206 500
