150 149
8449623 2022178 211167 3284972 3949122 9019273 3707518 7344625 6922247 5611278 5296009 9324667 5844227 3032412 5578275 1934334 2440466 6443649 8348054 7979057 6925271 9908232 6372686 2829605 6473731 2125060 1965982 4417132 5162313 631252 7852035 480342 7347042 4071066 5955875 1798547 5296400 7697399 9571384 4477929 5966440 150212 4894504 9538137 4603902 4592407 6485090 3567017 4731745 5233672 1038827 1073993 2602650 1359925 7545958 1560733 3088108 7038734 435652 650210 2316644 8912102 1924502 5041064 2121557 2923364 769468 4572649 9313528 8577392 7193417 4654933 9823439 844570 6687832 12083 7242517 4609455 6946403 4544440 3994505 8938138 2899112 6603007 6758017 4889235 7894870 8613895 1583630 5189772 7019700 5151785 4565643 735134 3619383 6559780 4431527 5860202 9577172 8303377 4512326 2713401 5811294 5997244 7036025 7495724 9403229 7126257 8065122 7789909 2012626 5533745 2296370 8100230 409926 7136910 9768294 7325149 8319565 263483 2497004 3953204 3664161 8708492 8234336 1223007 8817975 4515375 6872390 2084437 8663292 9279211 4464612 3166623 4543162 1342306 7586718 5756266 1572466 2678731 134015 8862532 3341165 9905810 2115164 8058699 9606964 9301904 463429 55721
1 2
2 3
3 4
4 5
5 6
6 7
7 8
8 9
9 10
10 11
11 12
12 13
13 14
14 15
15 16
16 17
17 18
18 19
19 20
20 21
21 22
22 23
23 24
24 25
25 26
26 27
27 28
28 29
29 30
30 31
31 32
32 33
33 34
34 35
35 36
36 37
37 38
38 39
39 40
40 41
41 42
42 43
43 44
44 45
45 46
46 47
47 48
48 49
49 50
50 51
51 52
52 53
53 54
54 55
55 56
56 57
57 58
58 59
59 60
60 61
61 62
62 63
63 64
64 65
65 66
66 67
67 68
68 69
69 70
70 71
71 72
72 73
73 74
74 75
75 76
76 77
77 78
78 79
79 80
80 81
81 82
82 83
83 84
84 85
85 86
86 87
87 88
88 89
89 90
90 91
91 92
92 93
93 94
94 95
95 96
96 97
97 98
98 99
99 100
100 101
101 102
102 103
103 104
104 105
105 106
106 107
107 108
108 109
109 110
110 111
111 112
112 113
113 114
114 115
115 116
116 117
117 118
118 119
119 120
120 121
121 122
122 123
123 124
124 125
125 126
126 127
127 128
128 129
129 130
130 131
131 132
132 133
133 134
134 135
135 136
136 137
137 138
138 139
139 140
140 141
141 142
142 143
143 144
144 145
145 146
146 147
147 148
148 149
149 150
