555 200
938528232 463944159 296503188 82773035 433819100 196212233 598829177 504530334 255941040 926760552 305776759 286608843 705043007 760273593 830450488 426310373 564971131 903692795 480210781 949140762 683139838 419488661 484701942 674635415 90939395 396796394 958384023 210412464 835878366 865577305 978390926 241353191 182012548 125108580 11554740 32631202 588266629 633848237 347185637 734322726 35651342 322427318 955008261 429723108 546150079 546883806 559082 647890391 862017031 36647973 445318836 310359092 976169036 546667669 549612965 382222436 725881350 873980314 45983878 389266770 314833451 814309521 954841828 474566529 22140569 953377002 104545668 699664531 761724146 363755654 429588937 590045221 723920946 677294506 41688330 366488934 73391253 216075243 715078550 270469839 524470140 464243745 302000963 797995023 540960993 620659331 670428999 938713536 563727917 159008000 768999740 200064078 908307066 761307680 810611063 76591393 455212170 342258274 925157797 482257373 800475361 696683090 667990649 63431405 279473743 800968548 921690889 872865486 371126204 693203426 145887115 86063151 111610549 735292261 371051794 203980216 890032330 475297185 272060824 692173186 128586592 794759103 933040263 644013463 128736940 77113185 515628542 323890890 392070355 350685708 274263619 400090575 488522113 392153879 373003263 373852966 980151053 96738854 787857528 802693469 64302360 169320355 987679786 344532983 824026819 875649661 415553908 345367397 21718319 425470729 434208738 138528663 572071033 673386160 690244723 528797115 477870589 941943358 875286266 409464245 357470696 477624629 836782632 406199725 945358688 596493792 163989669 876870786 14533669 613863784 676079823 364073644 61859824 940253214 603288307 245006623 34002908 434007123 208372655 473209250 391771155 114640459 237761598 700582360 162147661 524177916 333640517 244429299 895527490 852537122 967486244 809707685 911559892 95993208 825050339 34399759 17453984 767882067 179794581 24186059 514305866 808015233 866750470 692773506 164501130 147877668 671296938 32488842 527284184 130123448 846139797 742186873 677213523 847119028 752373350 363449387 108892457 362728886 478708985 195691140 90966845 116929407 747168085 236472987 993336914 340848822 727771262 126303118 943496785 705398057 465255620 715466474 3960565 1183749 43407664 940224037 984148700 801462673 672062407 100937499 879491440 681797389 892764920 814681766 83132548 996613187 398887989 204925864 939363754 542511636 941437482 152407124 687385159 880385427 789666216 539148588 905446078 253038777 935248116 503485203 546000852 813032863 876349206 606731697 176384350 105768403 74713871 11844263 305781559 524498364 807113141 139668043 737485574 487956135 958895810 629531756 798162763 645796295 948965371 27255621 605575585 693425505 475467363 955992064 296027354 224264342 75756333 304370318 793056929 82283683 118276897 132807109 850462079 778182696 738508940 315981146 758707289 257675775 542665741 8379217 214107943 660444184 533422780 723733486 174777475 396865058 274590047 832774252 461543981 785148935 709947730 627969898 114858758 660671283 444014009 978633101 42439554 802138399 285939769 312725696 411409563 947829859 444799299 121140532 479874869 922665086 873396944 426342303 77590218 247336260 714839246 975226454 393656843 481895614 832965674 790718144 793153390 292117518 235934498 690787462 974033914 894323465 190783772 305363807 812925668 513366847 978438313 23503962 709194726 151975367 699477637 473568462 627408639 568802763 18954045 262934543 715486637 209566455 108119432 596959480 428407761 927632145 459690341 844481095 999471314 716728383 798096227 780941308 395488006 702029280 135161421 544989968 130524084 836155431 604831004 153219021 826915451 133836188 605802192 135366039 884320644 259709275 692747322 702984572 614290408 644731033 689969584 696672343 459019920 758020349 271491562 28246451 460479289 3805690 175253221 906413257 408569478 472189992 303125264 187769909 541348702 989708204 25423933 689001722 125311612 99392222 177441959 313042481 161319624 161592943 761545909 313895911 735585987 142064514 546557254 13622431 438106409 167380069 726371701 234885882 710196381 749667082 60592204 482840769 493490481 247643853 776120706 843736552 924659667 718736732 462102251 904953495 229421979 141173854 671645827 13855173 444469241 804261544 346854051 83738036 629450437 947842516 495502770 391205459 870334114 53485695 656869587 824921441 448531851 478023145 424472556 211089672 36996885 957732510 996248891 398874297 438943853 884431681 741156748 965512109 933029784 246027324 433549046 937992590 933103690 740040103 272008190 695317025 608395045 717853645 804521306 450168848 75074010 429589075 364751911 222834836 668326455 562705417 762557149 768488109 907906916 930507381 710965245 98882570 537758797 82138005 947394025 94748116 705294473 178976213 558450202 374652190 161342391 115814098 336802019 473078109 241634448 413076681 474065404 112412407 539785659 686550872 231422762 472900669 521326025 961869136 611194868 701353212 697590001 729181608 588532691 15778273 658226976 301272327 304259379 957798094 276980046 515859283 522290628 959686815 68439652 873485196 764448036 762572585 194884110 710621189 8018385 559263827 582293405 894831974 794623605 218031579 953656913 15613378 650463563 976784591 738093409 953570377 7240894 162760722 482037946 663972381 24365548 912199633 366958048 441109178 216835520 616808729 496809070 487001795 288178938 293926729 671231281 276554310 320698541
1 2
2 3
3 4
4 5
5 6
6 7
7 8
8 9
9 10
10 11
11 12
12 13
13 14
14 15
15 16
16 17
17 18
18 19
19 20
20 21
21 22
22 23
23 24
24 25
25 26
26 27
27 28
28 29
29 30
30 31
31 32
32 33
33 34
34 35
35 36
36 37
37 38
38 39
39 40
40 41
41 42
42 43
43 44
44 45
45 46
46 47
47 48
48 49
49 50
50 51
51 52
52 53
53 54
54 55
55 56
56 57
57 58
58 59
59 60
60 61
61 62
62 63
63 64
64 65
65 66
66 67
67 68
68 69
69 70
70 71
71 72
72 73
73 74
74 75
75 76
76 77
77 78
78 79
79 80
80 81
81 82
82 83
83 84
84 85
85 86
86 87
87 88
88 89
89 90
90 91
91 92
92 93
93 94
94 95
95 96
96 97
97 98
98 99
99 100
100 101
101 102
102 103
103 104
104 105
105 106
106 107
107 108
108 109
109 110
110 111
111 112
112 113
113 114
114 115
115 116
116 117
117 118
118 119
119 120
120 121
121 122
122 123
123 124
124 125
125 126
126 127
127 128
128 129
129 130
130 131
131 132
132 133
133 134
134 135
135 136
136 137
137 138
138 139
139 140
140 141
141 142
142 143
143 144
144 145
145 146
146 147
147 148
148 149
149 150
150 151
151 152
152 153
153 154
154 155
155 156
156 157
157 158
158 159
159 160
160 161
161 162
162 163
163 164
164 165
165 166
166 167
167 168
168 169
169 170
170 171
171 172
172 173
173 174
174 175
175 176
176 177
177 178
178 179
179 180
180 181
181 182
182 183
183 184
184 185
185 186
186 187
187 188
188 189
189 190
190 191
191 192
192 193
193 194
194 195
195 196
196 197
197 198
198 199
199 200
200 201
201 202
202 203
203 204
204 205
205 206
206 207
207 208
208 209
209 210
210 211
211 212
212 213
213 214
214 215
215 216
216 217
217 218
218 219
219 220
220 221
221 222
222 223
223 224
224 225
225 226
226 227
227 228
228 229
229 230
230 231
231 232
232 233
233 234
234 235
235 236
236 237
237 238
238 239
239 240
240 241
241 242
242 243
243 244
244 245
245 246
246 247
247 248
248 249
249 250
250 251
251 252
252 253
253 254
254 255
255 256
256 257
257 258
258 259
259 260
260 261
261 262
262 263
263 264
264 265
265 266
266 267
267 268
268 269
269 270
270 271
271 272
272 273
273 274
274 275
275 276
276 277
277 278
278 279
279 280
280 281
281 282
282 283
283 284
284 285
285 286
286 287
287 288
288 289
289 290
290 291
291 292
292 293
293 294
294 295
295 296
296 297
297 298
298 299
299 300
300 301
301 302
302 303
303 304
304 305
305 306
306 307
307 308
308 309
309 310
310 311
311 312
312 313
313 314
314 315
315 316
316 317
317 318
318 319
319 320
320 321
321 322
322 323
323 324
324 325
325 326
326 327
327 328
328 329
329 330
330 331
331 332
332 333
333 334
334 335
335 336
336 337
337 338
338 339
339 340
340 341
341 342
342 343
343 344
344 345
345 346
346 347
347 348
348 349
349 350
350 351
351 352
352 353
353 354
354 355
355 356
356 357
357 358
358 359
359 360
360 361
361 362
362 363
363 364
364 365
365 366
366 367
367 368
368 369
369 370
370 371
371 372
372 373
373 374
374 375
375 376
376 377
377 378
378 379
379 380
380 381
381 382
382 383
383 384
384 385
385 386
386 387
387 388
388 389
389 390
390 391
391 392
392 393
393 394
394 395
395 396
396 397
397 398
398 399
399 400
400 401
401 402
402 403
403 404
404 405
405 406
406 407
407 408
408 409
409 410
410 411
411 412
412 413
413 414
414 415
415 416
416 417
417 418
418 419
419 420
420 421
421 422
422 423
423 424
424 425
425 426
426 427
427 428
428 429
429 430
430 431
431 432
432 433
433 434
434 435
435 436
436 437
437 438
438 439
439 440
440 441
441 442
442 443
443 444
444 445
445 446
446 447
447 448
448 449
449 450
450 451
451 452
452 453
453 454
454 455
455 456
456 457
457 458
458 459
459 460
460 461
461 462
462 463
463 464
464 465
465 466
466 467
467 468
468 469
469 470
470 471
471 472
472 473
473 474
474 475
475 476
476 477
477 478
478 479
479 480
480 481
481 482
482 483
483 484
484 485
485 486
486 487
487 488
488 489
489 490
490 491
491 492
492 493
493 494
494 495
495 496
496 497
497 498
498 499
499 500
500 501
501 502
502 503
503 504
504 505
505 506
506 507
507 508
508 509
509 510
510 511
511 512
512 513
513 514
514 515
515 516
516 517
517 518
518 519
519 520
520 521
521 522
522 523
523 524
524 525
525 526
526 527
527 528
528 529
529 530
530 531
531 532
532 533
533 534
534 535
535 536
536 537
537 538
538 539
539 540
540 541
541 542
542 543
543 544
544 545
545 546
546 547
547 548
548 549
549 550
550 551
551 552
552 553
553 554
554 555
