500 1000
3197922 9828238 1262652 3499404 2762127 4338616 2403904 458015 8577890 6814240 9065293 2449684 7825544 4517257 7170567 8914868 5484870 6365726 7343746 3655709 8075388 9215852 8428503 6265721 9493716 853691 8882737 4897231 2344812 7615036 6433862 7179818 6964535 8579914 2833195 7729596 6102816 5102747 7786184 2987251 7327396 1103790 7221875 5755824 7388423 3072294 2641347 8621404 4434926 1208119 5675123 5089926 6754538 6226382 2167486 1161658 8804590 147580 4126928 374156 6278064 1760662 6685474 1273560 4747312 1702060 9458871 53293 726160 8904817 6735773 5779494 9811969 8464530 7309245 3957883 7450733 9613609 3596184 9188145 8892324 5763259 4411300 8845516 7490928 204068 1225287 848344 9718567 7507902 6873700 3545626 180274 6120137 1158725 7613565 1060191 3198586 2966903 1695526 4973060 8656196 2762578 9588316 2972286 4184914 7507743 8614557 4721872 5944640 195659 3856115 8296340 8893624 5943604 2122503 2615737 3790733 583146 2444189 1498544 3612165 9537189 133662 5434780 4549351 451845 1471907 9685153 7623077 7423330 5306403 3081692 2734988 8218306 2919866 2292550 648406 2065057 9616328 6722666 346494 6458752 6174870 8822760 5087500 7258885 9607394 7502057 4195567 2965736 5184615 7000339 6452466 6399156 5396299 4513131 6494696 1922187 9994239 4216729 3343118 3715232 8416792 122321 5394482 1880565 8023455 1805523 8625699 9575551 8199494 7980148 3724939 4423283 121864 3312636 5140349 1266309 226414 4472732 9379879 25917 3053907 3198227 2101494 3096376 9408480 6287831 6058071 6909200 9168503 1506969 1223568 8571961 7854030 8077336 1355583 8993618 1054552 1672894 3970248 6992261 9718640 6351728 2519040 7253548 7614481 8992200 8511301 4654260 3492397 7381095 7418268 7789482 5441596 6918162 8041960 1386906 8158075 6948531 2024345 5134230 4299352 8352179 9616645 6710110 579407 9007359 8832251 7906369 6113005 8076502 7469937 377653 8343579 2410984 8382354 7292230 6375412 2135399 6017741 246115 1988563 3714806 6209539 4429114 4771110 6456853 7968787 1839474 9139334 240767 4032984 4637632 3722956 6235339 4194875 8070243 1850190 5381172 5172682 8367825 1660110 7126343 742965 4877335 1949167 5132335 9401681 9146277 1474117 4068618 3996268 8753468 8464488 7754502 2912965 5474555 1543872 8079310 2358379 9275392 6847686 7557884 7312504 1526669 8433292 5211516 8031134 6358824 6270844 6065772 9950565 3078847 6139737 5500134 7448274 5398620 426348 7590597 6190925 4017361 4515221 1033952 8798976 3911227 665741 8532874 2432068 684495 6239597 22739 5741995 2800884 4503807 208821 9265516 9267289 7644767 1083806 2299612 7955327 4565675 5286143 9906550 5656772 6078999 4772253 3402665 1035224 7087652 527866 2227248 3285964 6843631 4080079 747594 5415604 281318 4291605 3886101 8579226 259236 5675525 365814 6697776 5950656 5102003 5741315 3485556 8248037 539241 3608088 7429828 7418919 907789 3250833 866480 4891685 194874 5641211 5974965 8413766 2159500 4847709 2828848 2704073 4222707 2074448 2525074 4481610 5216806 9098861 3707917 6016587 8039029 2625944 5234125 7859324 9840940 9615028 2790683 6672157 3564700 9378501 8093266 1076277 2085417 556159 3583955 5389802 2566395 4439609 1914326 7107864 3086624 1554735 5622269 3642110 7028293 6143244 9975355 4101744 221010 5812444 9080805 6562367 8602071 9848165 4323334 3525957 1473173 3121735 6015857 6574272 4161119 6055596 3934619 1832813 8410325 8912831 4442342 4180826 3443292 1498723 2378556 9917543 4665305 5722657 4478822 4866560 1699605 7750561 899054 386702 841154 4674402 261848 1683305 178020 4387141 414892 4317615 7881996 8947976 7165664 8164123 8092409 1359836 7856544 4716458 146916 427560 3226886 7411022 9989612 3476092 4602391 7586582 9305264 7059288 1760301 7343181 7603800 9494791 3479734 4506700 6155435 400698 6883126 9292252 8233002 9053794 2160938 2659666 4642568 1025987 9774465 9694415 9021592 1165345 2120795 8543031 1305196 9841950 330918 3300994 65976 5948062 7209248 110694 8745104 2207809 18584 3135948 3651596 9258289 5351474 1147269
1 2
2 3
3 4
4 5
5 6
6 7
7 8
8 9
9 10
10 11
11 12
12 13
13 14
14 15
15 16
16 17
17 18
18 19
19 20
20 21
21 22
22 23
23 24
24 25
25 26
26 27
27 28
28 29
29 30
30 31
31 32
32 33
33 34
34 35
35 36
36 37
37 38
38 39
39 40
40 41
41 42
42 43
43 44
44 45
45 46
46 47
47 48
48 49
49 50
50 51
51 52
52 53
53 54
54 55
55 56
56 57
57 58
58 59
59 60
60 61
61 62
62 63
63 64
64 65
65 66
66 67
67 68
68 69
69 70
70 71
71 72
72 73
73 74
74 75
75 76
76 77
77 78
78 79
79 80
80 81
81 82
82 83
83 84
84 85
85 86
86 87
87 88
88 89
89 90
90 91
91 92
92 93
93 94
94 95
95 96
96 97
97 98
98 99
99 100
100 101
101 102
102 103
103 104
104 105
105 106
106 107
107 108
108 109
109 110
110 111
111 112
112 113
113 114
114 115
115 116
116 117
117 118
118 119
119 120
120 121
121 122
122 123
123 124
124 125
125 126
126 127
127 128
128 129
129 130
130 131
131 132
132 133
133 134
134 135
135 136
136 137
137 138
138 139
139 140
140 141
141 142
142 143
143 144
144 145
145 146
146 147
147 148
148 149
149 150
150 151
151 152
152 153
153 154
154 155
155 156
156 157
157 158
158 159
159 160
160 161
161 162
162 163
163 164
164 165
165 166
166 167
167 168
168 169
169 170
170 171
171 172
172 173
173 174
174 175
175 176
176 177
177 178
178 179
179 180
180 181
181 182
182 183
183 184
184 185
185 186
186 187
187 188
188 189
189 190
190 191
191 192
192 193
193 194
194 195
195 196
196 197
197 198
198 199
199 200
200 201
201 202
202 203
203 204
204 205
205 206
206 207
207 208
208 209
209 210
210 211
211 212
212 213
213 214
214 215
215 216
216 217
217 218
218 219
219 220
220 221
221 222
222 223
223 224
224 225
225 226
226 227
227 228
228 229
229 230
230 231
231 232
232 233
233 234
234 235
235 236
236 237
237 238
238 239
239 240
240 241
241 242
242 243
243 244
244 245
245 246
246 247
247 248
248 249
249 250
250 251
251 252
252 253
253 254
254 255
255 256
256 257
257 258
258 259
259 260
260 261
261 262
262 263
263 264
264 265
265 266
266 267
267 268
268 269
269 270
270 271
271 272
272 273
273 274
274 275
275 276
276 277
277 278
278 279
279 280
280 281
281 282
282 283
283 284
284 285
285 286
286 287
287 288
288 289
289 290
290 291
291 292
292 293
293 294
294 295
295 296
296 297
297 298
298 299
299 300
300 301
301 302
302 303
303 304
304 305
305 306
306 307
307 308
308 309
309 310
310 311
311 312
312 313
313 314
314 315
315 316
316 317
317 318
318 319
319 320
320 321
321 322
322 323
323 324
324 325
325 326
326 327
327 328
328 329
329 330
330 331
331 332
332 333
333 334
334 335
335 336
336 337
337 338
338 339
339 340
340 341
341 342
342 343
343 344
344 345
345 346
346 347
347 348
348 349
349 350
350 351
351 352
352 353
353 354
354 355
355 356
356 357
357 358
358 359
359 360
360 361
361 362
362 363
363 364
364 365
365 366
366 367
367 368
368 369
369 370
370 371
371 372
372 373
373 374
374 375
375 376
376 377
377 378
378 379
379 380
380 381
381 382
382 383
383 384
384 385
385 386
386 387
387 388
388 389
389 390
390 391
391 392
392 393
393 394
394 395
395 396
396 397
397 398
398 399
399 400
400 401
401 402
402 403
403 404
404 405
405 406
406 407
407 408
408 409
409 410
410 411
411 412
412 413
413 414
414 415
415 416
416 417
417 418
418 419
419 420
420 421
421 422
422 423
423 424
424 425
425 426
426 427
427 428
428 429
429 430
430 431
431 432
432 433
433 434
434 435
435 436
436 437
437 438
438 439
439 440
440 441
441 442
442 443
443 444
444 445
445 446
446 447
447 448
448 449
449 450
450 451
451 452
452 453
453 454
454 455
455 456
456 457
457 458
458 459
459 460
460 461
461 462
462 463
463 464
464 465
465 466
466 467
467 468
468 469
469 470
470 471
471 472
472 473
473 474
474 475
475 476
476 477
477 478
478 479
479 480
480 481
481 482
482 483
483 484
484 485
485 486
486 487
487 488
488 489
489 490
490 491
491 492
492 493
493 494
494 495
495 496
496 497
497 498
498 499
499 500
