1000 999
8191786 6465693 1356373 7622787 1671307 6885060 3009354 4312066 2521699 1278373 4491498 9838428 3088001 9759358 5281065 9976554 5698756 3050599 6404642 2909032 2477188 1297022 9235884 5571658 3106400 1902799 2190578 3004468 7458009 4145123 5151138 282071 5206582 306139 1939488 3915184 2242010 1873487 8715272 6275549 6211195 7912849 7209602 1918658 4813066 1629568 5429598 2758256 8724790 4937886 2208136 1929172 7017336 7253181 493285 1674341 8520412 5701643 1033139 792745 6592391 3312503 6533699 4937946 2515621 3271920 2747335 5500412 1924654 8271651 2159654 5134806 74457 6659395 6274 7049902 3973811 1410522 2591987 4040873 5611848 2044469 6697859 8048039 7023778 6460693 1186858 8832891 2335424 7017494 9032048 2536892 4732166 8550178 1078862 4340228 3712907 7779482 7577381 7638556 2323713 8457672 9913389 8772277 345920 7611181 5407274 6690701 9698380 1069391 8300670 4710298 1835073 8780472 7621998 8476739 4602967 7295912 2572443 2623050 8812563 2190641 9109377 5349554 3144800 6679669 9111637 1982397 9280826 5584830 4973549 4060637 9615128 7722738 9562673 4113692 1125514 211636 4424896 7391193 6430713 3113800 6465939 3635555 8660936 1877996 1176505 6245792 6091487 9633494 6856104 8124374 3024359 8165150 6115628 1792160 5905949 7435913 6142478 5640359 5368956 9792613 3497661 2166203 4841569 5521838 4966929 5279072 3594330 8504965 4698040 2404834 324235 9057454 804608 8742696 3889443 7841841 4904196 7428949 2913345 4793887 3812508 242533 4435110 253274 8203089 5049967 1626559 7790116 1923549 6291606 7669570 781797 4219708 3254284 4622119 6809666 9179994 4579051 7765851 3027801 1932577 6233774 2548554 7753851 4540877 5248632 1117204 2263580 9501337 1510045 776244 8456908 8201621 9302542 4552055 4239511 3600785 3551322 6992151 4505777 5068767 6128385 5275271 6968760 4766692 4371596 2180674 137067 3496635 624671 4728659 8641442 5911083 7430825 4248664 7620848 7385166 5359166 7345769 3068648 3096178 6618761 4182238 7220423 2513082 4381099 2534842 787171 5199033 4456672 5308329 3048801 2725217 9202873 4202532 5280237 5632433 6465325 4091224 4203566 2807423 2232083 5267799 9966 1037907 942659 6726837 5596121 264331 5747107 4574418 1880867 6141133 8094986 5170941 228503 4208893 4779232 5402787 2516808 5985958 1704197 3489973 1837663 4593416 1410185 3162347 9481739 9492034 4777045 846829 2061565 8110970 7995104 933940 5089143 6240782 2416623 4855653 5776900 5290101 110192 3566662 7610036 2353456 9982532 1945731 6455927 1607605 7426329 6560718 770382 7356278 1589565 770560 7368333 3611780 6272159 9060507 1625717 9059807 6392496 5866376 967751 2861596 3245423 6955992 6499663 2991554 2919057 9693982 3393893 2614667 9972127 5220520 3289067 7131663 5904126 1075428 506084 6241297 6391545 4397287 4152243 2148331 2992127 2662076 4645667 7558303 6479480 1753432 1290975 4845746 65952 1921415 4289636 4289861 5201396 6102884 9570762 8066586 2819422 11769 3296419 4415710 903869 6997599 3093910 967737 3954904 8785541 8369449 8940433 9314951 6082513 3320193 7839991 3608407 9400214 3933875 360673 9394390 8091320 8449697 930104 1601493 6683995 9171248 7039562 4286344 189611 2351967 852607 7421358 8680201 6074242 75156 4336858 5459260 2566415 3066383 5297445 4087136 6707262 4590603 3664956 3318258 8830709 8184938 7365024 7538678 3826175 6585589 6720973 3976153 6120767 9283523 383670 4918221 4585623 9670582 6273467 6230911 740704 4599026 8997885 4765099 5530541 1044391 3448253 1749737 5476628 9364760 7835132 6072341 2213919 173526 601531 78121 3746838 6373766 1530828 3390506 3177234 2829347 3895932 9854298 3916604 3111339 2706429 2204888 2129630 5172666 5640453 5453405 4578258 6320837 4857098 7655872 3116607 8454958 5961354 590240 7804416 5699728 3339386 6109905 2631890 9356624 7288745 6651477 4684305 9118429 6626703 8037735 2666180 7596607 8391764 6604301 3428087 1818507 9481848 3525964 6786344 5565403 220083 6911321 8604821 1732585 7584672 8551737 3261601 4788453 7004236 8964658 4766581 9214119 698078 6576735 9127226 3771194 2332455 4690097 6882364 4574730 3616756 2327894 8088634 5799720 5725887 1486131 6543916 775654 1491032 1594440 2162193 5150235 2966593 9144830 8607940 7137944 6714836 1356877 4182849 8089 3604153 2587805 2659027 8969931 759492 8217614 2835114 2020588 3653581 5442321 39065 7340325 6074531 9421038 5341010 8191778 7472402 6785014 7645919 6263206 5080425 8801282 179351 4782899 83262 2864310 4198968 6225591 1989313 7582146 4152042 9696247 5584575 8787030 5414012 5666759 3638266 1653721 6531057 3276182 898506 6243808 223697 7406435 1919239 2137644 8964277 7777739 7340817 4970193 4113885 7592220 49686 4982613 6898258 9092565 4191472 5768163 4953827 5151187 2952458 3195760 775269 1926161 4006310 6779386 793378 6243465 897329 6711201 9625663 681780 3748899 4913643 8234673 9220944 2473049 8889836 1713026 4163246 9502344 6462798 529592 4803473 3956659 1588119 1337401 9726009 9100570 6515971 390588 2752141 306668 76301 566840 4612649 5294413 6606132 3888409 9683748 4445980 6601642 839878 844498 740448 1710020 2356785 1204820 8892014 245884 2241067 2305822 3511475 2306473 3339427 7983403 2581014 4778923 1983466 3690831 1903372 4316547 6797677 1879587 5434258 6827939 996081 5585555 6401078 4062740 5431994 3581935 1989955 296022 649356 620768 8862737 8658175 9306418 9380730 9600760 6233452 3110054 2715629 1430784 9336537 5178458 19392 3115456 1301641 7994663 2793671 2264738 2359458 8591946 507209 242458 3665136 2247565 3618860 193331 9079907 2461305 1498760 6847541 8484437 733332 2673958 7328749 9662947 5646967 8475840 9374912 5313496 2021984 9974255 6440867 328613 6897949 2198100 5551736 8325238 7624802 4213565 1257360 1622176 10183 7582565 6943618 118008 6626929 4483677 3254023 7361253 1806084 7833336 3768427 4982025 5768594 3641541 6665512 7560184 5166185 7437048 8604179 5898496 9288264 2197587 353426 8840406 984288 9750825 348136 2837523 8991089 8254737 8307761 6608522 3992080 3535658 5259783 2561319 5444773 9903405 7477642 8245453 5825077 1779822 4607316 618703 4773090 5432500 4353213 1704205 3271632 753335 9876904 9582452 5344754 4588763 7349963 1429813 9686999 3650513 9186930 548005 8520111 3336132 3858097 9829994 9881472 6127384 3497253 3688670 9765579 4872903 6396131 7198270 491390 1754936 7471771 7634428 6966275 8727962 4082992 3004396 1102193 7220975 8518126 230943 7626945 1650912 771816 9866520 6296564 5490321 6106367 6735671 5069917 7847649 5122882 7490966 1565881 8915709 1595302 8811502 4606567 7644358 2886566 757033 6729949 1051912 2125714 758451 7224349 6270456 594225 4647979 673017 7635450 7212427 6271313 1320607 3729082 8088339 3105818 8548498 9002857 9703330 3439811 6956479 2950419 3100487 285414 4530203 4385152 576932 4819538 1977040 9430013 3352798 2314317 3830186 3486621 5021185 8212892 8139137 9081371 3940760 2752036 8154322 912889 2368134 985826 8749616 2557208 9384196 4962200 87429 8733026 7675423 8586816 1773725 976025 1380690 8933384 7518657 6373598 6053592 6338017 5961461 7987405 1206525 9222192 5556925 8726273 5453177 567654 2933763 4297668 7403032 9970871 7449778 1299698 1865225 8421305 6828465 4476824 581257 6677530 6839918 9020320 4721988 672138 980815 5379088 4958944 2825168 956848 7524926 2559786 2154061 8369324 4381262 1679762 5899878 7586360 4626289 9275309 6723778 3169221 9193849 3290025 1954687 5672761 7891838 1579666 116025 339608 9552068 5076696 4281892 2685122 6573584 2568390 5233662 3004382 3999888 8805037 5863774 7391705 3866886 7669458 2865644 5335259 6579084 5152602 5208547 5878382 22613 6821376 3885252 3352319 1299327 8408630 3409715 6868760 105547 1994768 7226326 7107162 242759 6652103 3839134 4184716 9029786 7050164 1867999 1241644 8285514 2297822 560076 1973818 8635435 2392772 5922535 5589331 4236851 4726088 8191072 7189561 5714385 2620712 1618612 3149980 1566550 5251151 6831942 2074424 6098069 821340 5319348 7225149 9376679 777244 6757474 7726531 9876993 3086518 8548480 1325168 6833630 4796184
1 2
2 3
3 4
4 5
5 6
6 7
7 8
8 9
9 10
10 11
11 12
12 13
13 14
14 15
15 16
16 17
17 18
18 19
19 20
20 21
21 22
22 23
23 24
24 25
25 26
26 27
27 28
28 29
29 30
30 31
31 32
32 33
33 34
34 35
35 36
36 37
37 38
38 39
39 40
40 41
41 42
42 43
43 44
44 45
45 46
46 47
47 48
48 49
49 50
50 51
51 52
52 53
53 54
54 55
55 56
56 57
57 58
58 59
59 60
60 61
61 62
62 63
63 64
64 65
65 66
66 67
67 68
68 69
69 70
70 71
71 72
72 73
73 74
74 75
75 76
76 77
77 78
78 79
79 80
80 81
81 82
82 83
83 84
84 85
85 86
86 87
87 88
88 89
89 90
90 91
91 92
92 93
93 94
94 95
95 96
96 97
97 98
98 99
99 100
100 101
101 102
102 103
103 104
104 105
105 106
106 107
107 108
108 109
109 110
110 111
111 112
112 113
113 114
114 115
115 116
116 117
117 118
118 119
119 120
120 121
121 122
122 123
123 124
124 125
125 126
126 127
127 128
128 129
129 130
130 131
131 132
132 133
133 134
134 135
135 136
136 137
137 138
138 139
139 140
140 141
141 142
142 143
143 144
144 145
145 146
146 147
147 148
148 149
149 150
150 151
151 152
152 153
153 154
154 155
155 156
156 157
157 158
158 159
159 160
160 161
161 162
162 163
163 164
164 165
165 166
166 167
167 168
168 169
169 170
170 171
171 172
172 173
173 174
174 175
175 176
176 177
177 178
178 179
179 180
180 181
181 182
182 183
183 184
184 185
185 186
186 187
187 188
188 189
189 190
190 191
191 192
192 193
193 194
194 195
195 196
196 197
197 198
198 199
199 200
200 201
201 202
202 203
203 204
204 205
205 206
206 207
207 208
208 209
209 210
210 211
211 212
212 213
213 214
214 215
215 216
216 217
217 218
218 219
219 220
220 221
221 222
222 223
223 224
224 225
225 226
226 227
227 228
228 229
229 230
230 231
231 232
232 233
233 234
234 235
235 236
236 237
237 238
238 239
239 240
240 241
241 242
242 243
243 244
244 245
245 246
246 247
247 248
248 249
249 250
250 251
251 252
252 253
253 254
254 255
255 256
256 257
257 258
258 259
259 260
260 261
261 262
262 263
263 264
264 265
265 266
266 267
267 268
268 269
269 270
270 271
271 272
272 273
273 274
274 275
275 276
276 277
277 278
278 279
279 280
280 281
281 282
282 283
283 284
284 285
285 286
286 287
287 288
288 289
289 290
290 291
291 292
292 293
293 294
294 295
295 296
296 297
297 298
298 299
299 300
300 301
301 302
302 303
303 304
304 305
305 306
306 307
307 308
308 309
309 310
310 311
311 312
312 313
313 314
314 315
315 316
316 317
317 318
318 319
319 320
320 321
321 322
322 323
323 324
324 325
325 326
326 327
327 328
328 329
329 330
330 331
331 332
332 333
333 334
334 335
335 336
336 337
337 338
338 339
339 340
340 341
341 342
342 343
343 344
344 345
345 346
346 347
347 348
348 349
349 350
350 351
351 352
352 353
353 354
354 355
355 356
356 357
357 358
358 359
359 360
360 361
361 362
362 363
363 364
364 365
365 366
366 367
367 368
368 369
369 370
370 371
371 372
372 373
373 374
374 375
375 376
376 377
377 378
378 379
379 380
380 381
381 382
382 383
383 384
384 385
385 386
386 387
387 388
388 389
389 390
390 391
391 392
392 393
393 394
394 395
395 396
396 397
397 398
398 399
399 400
400 401
401 402
402 403
403 404
404 405
405 406
406 407
407 408
408 409
409 410
410 411
411 412
412 413
413 414
414 415
415 416
416 417
417 418
418 419
419 420
420 421
421 422
422 423
423 424
424 425
425 426
426 427
427 428
428 429
429 430
430 431
431 432
432 433
433 434
434 435
435 436
436 437
437 438
438 439
439 440
440 441
441 442
442 443
443 444
444 445
445 446
446 447
447 448
448 449
449 450
450 451
451 452
452 453
453 454
454 455
455 456
456 457
457 458
458 459
459 460
460 461
461 462
462 463
463 464
464 465
465 466
466 467
467 468
468 469
469 470
470 471
471 472
472 473
473 474
474 475
475 476
476 477
477 478
478 479
479 480
480 481
481 482
482 483
483 484
484 485
485 486
486 487
487 488
488 489
489 490
490 491
491 492
492 493
493 494
494 495
495 496
496 497
497 498
498 499
499 500
500 501
501 502
502 503
503 504
504 505
505 506
506 507
507 508
508 509
509 510
510 511
511 512
512 513
513 514
514 515
515 516
516 517
517 518
518 519
519 520
520 521
521 522
522 523
523 524
524 525
525 526
526 527
527 528
528 529
529 530
530 531
531 532
532 533
533 534
534 535
535 536
536 537
537 538
538 539
539 540
540 541
541 542
542 543
543 544
544 545
545 546
546 547
547 548
548 549
549 550
550 551
551 552
552 553
553 554
554 555
555 556
556 557
557 558
558 559
559 560
560 561
561 562
562 563
563 564
564 565
565 566
566 567
567 568
568 569
569 570
570 571
571 572
572 573
573 574
574 575
575 576
576 577
577 578
578 579
579 580
580 581
581 582
582 583
583 584
584 585
585 586
586 587
587 588
588 589
589 590
590 591
591 592
592 593
593 594
594 595
595 596
596 597
597 598
598 599
599 600
600 601
601 602
602 603
603 604
604 605
605 606
606 607
607 608
608 609
609 610
610 611
611 612
612 613
613 614
614 615
615 616
616 617
617 618
618 619
619 620
620 621
621 622
622 623
623 624
624 625
625 626
626 627
627 628
628 629
629 630
630 631
631 632
632 633
633 634
634 635
635 636
636 637
637 638
638 639
639 640
640 641
641 642
642 643
643 644
644 645
645 646
646 647
647 648
648 649
649 650
650 651
651 652
652 653
653 654
654 655
655 656
656 657
657 658
658 659
659 660
660 661
661 662
662 663
663 664
664 665
665 666
666 667
667 668
668 669
669 670
670 671
671 672
672 673
673 674
674 675
675 676
676 677
677 678
678 679
679 680
680 681
681 682
682 683
683 684
684 685
685 686
686 687
687 688
688 689
689 690
690 691
691 692
692 693
693 694
694 695
695 696
696 697
697 698
698 699
699 700
700 701
701 702
702 703
703 704
704 705
705 706
706 707
707 708
708 709
709 710
710 711
711 712
712 713
713 714
714 715
715 716
716 717
717 718
718 719
719 720
720 721
721 722
722 723
723 724
724 725
725 726
726 727
727 728
728 729
729 730
730 731
731 732
732 733
733 734
734 735
735 736
736 737
737 738
738 739
739 740
740 741
741 742
742 743
743 744
744 745
745 746
746 747
747 748
748 749
749 750
750 751
751 752
752 753
753 754
754 755
755 756
756 757
757 758
758 759
759 760
760 761
761 762
762 763
763 764
764 765
765 766
766 767
767 768
768 769
769 770
770 771
771 772
772 773
773 774
774 775
775 776
776 777
777 778
778 779
779 780
780 781
781 782
782 783
783 784
784 785
785 786
786 787
787 788
788 789
789 790
790 791
791 792
792 793
793 794
794 795
795 796
796 797
797 798
798 799
799 800
800 801
801 802
802 803
803 804
804 805
805 806
806 807
807 808
808 809
809 810
810 811
811 812
812 813
813 814
814 815
815 816
816 817
817 818
818 819
819 820
820 821
821 822
822 823
823 824
824 825
825 826
826 827
827 828
828 829
829 830
830 831
831 832
832 833
833 834
834 835
835 836
836 837
837 838
838 839
839 840
840 841
841 842
842 843
843 844
844 845
845 846
846 847
847 848
848 849
849 850
850 851
851 852
852 853
853 854
854 855
855 856
856 857
857 858
858 859
859 860
860 861
861 862
862 863
863 864
864 865
865 866
866 867
867 868
868 869
869 870
870 871
871 872
872 873
873 874
874 875
875 876
876 877
877 878
878 879
879 880
880 881
881 882
882 883
883 884
884 885
885 886
886 887
887 888
888 889
889 890
890 891
891 892
892 893
893 894
894 895
895 896
896 897
897 898
898 899
899 900
900 901
901 902
902 903
903 904
904 905
905 906
906 907
907 908
908 909
909 910
910 911
911 912
912 913
913 914
914 915
915 916
916 917
917 918
918 919
919 920
920 921
921 922
922 923
923 924
924 925
925 926
926 927
927 928
928 929
929 930
930 931
931 932
932 933
933 934
934 935
935 936
936 937
937 938
938 939
939 940
940 941
941 942
942 943
943 944
944 945
945 946
946 947
947 948
948 949
949 950
950 951
951 952
952 953
953 954
954 955
955 956
956 957
957 958
958 959
959 960
960 961
961 962
962 963
963 964
964 965
965 966
966 967
967 968
968 969
969 970
970 971
971 972
972 973
973 974
974 975
975 976
976 977
977 978
978 979
979 980
980 981
981 982
982 983
983 984
984 985
985 986
986 987
987 988
988 989
989 990
990 991
991 992
992 993
993 994
994 995
995 996
996 997
997 998
998 999
999 1000
