50 100
3810560 6259350 6146305 3401949 1215825 8435959 5679769 9229150 8844700 4229209 9568498 6312628 1106577 6966816 6701179 4845509 2956811 8660543 6297718 7126434 754343 2431482 6490319 2271714 6919193 1974407 4912005 4576884 5591801 4141199 5364948 5421276 462565 9744929 7500063 2155721 2665092 7336801 2808223 9656140 5393152 1449549 4410623 5322438 8419194 6728947 905595 541058 4585917 1872906
1 2
2 3
3 4
4 5
5 6
6 7
7 8
8 9
9 10
10 11
11 12
12 13
13 14
14 15
15 16
16 17
17 18
18 19
19 20
20 21
21 22
22 23
23 24
24 25
25 26
26 27
27 28
28 29
29 30
30 31
31 32
32 33
33 34
34 35
35 36
36 37
37 38
38 39
39 40
40 41
41 42
42 43
43 44
44 45
45 46
46 47
47 48
48 49
49 50
