100 91
13 128 23 178 12 192 98 166 48 179 29 26 158 2 198 29 89 74 16 36 47 30 155 122 153 107 6 138 95 97 108 61 112 76 138 164 108 85 59 134 14 131 195 101 33 141 14 151 152 145 98 16 41 132 15 45 99 126 67 183 104 180 165 79 103 162 67 22 169 114 91 144 145 61 179 151 64 10 191 49 113 165 151 148 99 185 108 88 168 171 47 131 172 127 160 20 4 25 37 36
1 2
1 3
2 4
2 5
3 6
3 7
4 8
4 9
5 10
5 11
6 12
6 13
7 14
7 15
8 16
8 17
9 18
9 19
10 20
10 21
11 22
11 23
12 24
12 25
13 26
13 27
14 28
14 29
15 30
15 31
16 32
16 33
17 34
17 35
18 36
18 37
19 38
19 39
20 40
20 41
21 42
21 43
22 44
22 45
23 46
23 47
24 48
24 49
25 50
25 51
26 52
26 53
27 54
27 55
28 56
28 57
29 58
29 59
30 60
30 61
31 62
31 63
32 64
32 65
33 66
33 67
34 68
34 69
35 70
35 71
36 72
36 73
37 74
37 75
38 76
38 77
39 78
39 79
40 80
40 81
41 82
41 83
42 84
42 85
43 86
43 87
44 88
44 89
45 90
45 91
46 92
46 93
47 94
47 95
48 96
48 97
49 98
49 99
50 100
