250 300
664147288 198895778 576387877 319117549 934569346 756749491 386692818 24703094 206635135 606888258 481896102 243791866 647022722 263080004 452988961 51900293 801061382 438430276 971856360 259496998 988361001 310895884 489042963 571647572 119707695 403805536 970593438 361909335 91374575 208582028 719269958 849460818 975031671 248158939 699521311 728541680 724012735 297540276 799904896 677266438 914142427 38042252 212236916 316659944 547644716 325992552 324025051 961997301 519426637 993030313 378036686 733245227 792736304 229783846 97341659 207851607 510374972 299559829 125943533 314817629 86819999 475859492 761178216 147222900 57902418 363611537 455553365 201373269 497781998 38050198 492690525 882572797 707117938 347513476 850646171 23606607 652085743 153501871 996208481 758847998 282199751 578323488 141932641 431906968 611667721 894743451 668766977 334845916 712383988 661690046 788814978 739173499 338111351 63477175 914081241 348448335 174135657 947212468 63626786 536122427 774439788 441913091 201091987 982059997 21419517 419839181 437935727 35935756 568277556 127349005 249763230 539488096 214398067 389354302 668464318 89462604 365845085 237963142 841517684 65419048 786109800 618852976 792721394 186298073 241283586 426125874 853751871 190401534 428669731 952080669 572257078 603823938 248962568 158898341 164787481 563171800 909091965 104949999 431375622 961291386 273697888 807921281 89496682 693320980 530762381 234868433 73850254 629141136 973572196 641441637 957696983 425551599 896144066 178113489 770820020 961224714 469344564 663734052 320933363 482083721 341282450 123755359 518633120 482563841 325416075 895818086 810370217 630588113 627059941 980336853 168649741 169904329 474527484 862326331 993617584 487923427 636905721 520238616 566437694 762828201 67377926 604667444 791467419 989948061 495766445 746166396 918871822 319394185 459393942 307191620 71884637 869864096 661094940 600721551 239199665 829488971 944576764 357348497 522184220 446982535 681446081 634976306 70138990 498681111 590257777 531374975 794487971 206419367 684524974 251744220 779412935 123970457 646122128 460024940 776146155 392584147 757903014 50186189 718014916 13051800 275904380 728568490 437706877 95867347 210889446 531238822 987015184 525938791 913028431 735610682 503702396 286898677 245464493 634390427 506293751 338169430 376902177 29559906 564727490 87411176 542312219 332012996 73996541 730220082 155643369 47285837 168127041 17885361 399205111 190249437
1 2
1 3
1 4
1 5
1 6
1 7
1 8
1 9
1 10
1 11
1 12
1 13
1 14
1 15
1 16
1 17
1 18
1 19
1 20
1 21
1 22
1 23
1 24
1 25
1 26
1 27
1 28
1 29
1 30
1 31
1 32
1 33
1 34
1 35
1 36
1 37
1 38
1 39
1 40
1 41
1 42
1 43
1 44
1 45
1 46
1 47
1 48
1 49
1 50
1 51
1 52
1 53
1 54
1 55
1 56
1 57
1 58
1 59
1 60
1 61
1 62
1 63
1 64
1 65
1 66
1 67
1 68
1 69
1 70
1 71
1 72
1 73
1 74
1 75
1 76
1 77
1 78
1 79
1 80
1 81
1 82
1 83
1 84
1 85
1 86
1 87
1 88
1 89
1 90
1 91
1 92
1 93
1 94
1 95
1 96
1 97
1 98
1 99
1 100
1 101
1 102
1 103
1 104
1 105
1 106
1 107
1 108
1 109
1 110
1 111
1 112
1 113
1 114
1 115
1 116
1 117
1 118
1 119
1 120
1 121
1 122
1 123
1 124
1 125
1 126
1 127
1 128
1 129
1 130
1 131
1 132
1 133
1 134
1 135
1 136
1 137
1 138
1 139
1 140
1 141
1 142
1 143
1 144
1 145
1 146
1 147
1 148
1 149
1 150
1 151
1 152
1 153
1 154
1 155
1 156
1 157
1 158
1 159
1 160
1 161
1 162
1 163
1 164
1 165
1 166
1 167
1 168
1 169
1 170
1 171
1 172
1 173
1 174
1 175
1 176
1 177
1 178
1 179
1 180
1 181
1 182
1 183
1 184
1 185
1 186
1 187
1 188
1 189
1 190
1 191
1 192
1 193
1 194
1 195
1 196
1 197
1 198
1 199
1 200
1 201
1 202
1 203
1 204
1 205
1 206
1 207
1 208
1 209
1 210
1 211
1 212
1 213
1 214
1 215
1 216
1 217
1 218
1 219
1 220
1 221
1 222
1 223
1 224
1 225
1 226
1 227
1 228
1 229
1 230
1 231
1 232
1 233
1 234
1 235
1 236
1 237
1 238
1 239
1 240
1 241
1 242
1 243
1 244
1 245
1 246
1 247
1 248
1 249
1 250
