700 218
29640156 39463306 171902816 352179732 997584920 684970912 672320967 184627600 542784666 261721282 963248339 785219731 343987290 290639797 93129252 845070074 342130942 841893041 355157068 897941335 165286215 829494896 765706720 659350811 58282665 707292096 259647356 976126493 110248157 95488630 628347538 419721447 720354670 591090314 851763586 133810871 757956515 364380731 37767945 357185537 243887705 450901017 574348399 125287267 208642365 904811743 314692889 413475711 615656140 253029108 339127014 264667175 724860981 786741938 487505871 117855826 267059684 984198440 2552182 196277551 880533986 441461821 602616452 533799979 222182182 653326724 441703727 445275524 148704988 386336101 385465223 132253004 209837885 283647063 132302410 377647265 148016450 404646313 940670606 85977551 503220679 440647989 91180928 594558491 981912025 995072732 375359349 910664699 160176552 123909732 252304814 179983808 850881820 637946837 139305705 180507181 779050582 913792483 399974486 898193807 983434527 795880511 969561293 559843409 52279329 820641701 713578197 630279775 916881214 235381029 813643201 623428470 253768201 912414090 209616788 852338654 121056738 605543470 847279638 20405403 613771122 89820786 384918467 948634886 136240743 899402825 851682958 877218214 782311598 841701915 319038982 31835561 582471916 484859004 131716766 224883733 769540910 117825910 757372985 159887313 125233805 469755939 501439534 545366308 687590662 861035405 935279631 890666490 490923687 117371100 552071904 419744592 100122684 309152928 639480048 349788839 136743755 945511695 213910909 743136227 308995809 633277132 362143238 784086490 6828704 293896579 117368851 20974826 903281681 114942364 689738846 287796738 287283544 193922847 191521435 774197770 871513364 405956489 149016768 317713615 384127247 737888452 24630977 420113025 374397897 754540493 302829596 429204982 929669522 4771832 666934243 793701240 727933262 533410047 592163503 379598282 273277921 197503718 550778970 390603099 81589881 316237808 823535704 300373265 647819445 135137779 762979816 639152009 954307167 390645728 754772995 115222528 376045374 409862955 584960158 904298657 559771133 91372200 559567060 379460930 16846212 182920062 860281044 923874135 830276413 70801212 30759018 893772426 955717798 164570496 838383609 936457905 598395362 873441001 13309073 125255835 584809893 540424981 927867805 660549194 331326452 89990345 293665817 219575531 894732498 916708609 493268801 75280571 853110681 448047280 179301811 509793196 24155484 936044836 805146347 586409375 289234396 383383695 140588811 882993915 498884980 655914217 745842085 154689938 533666154 948236684 140696105 686657826 828646666 71999539 647049327 205554127 33964649 436381526 632490062 977768724 271162949 982212631 971123731 903845363 444019125 96506120 323432950 935759361 734929423 414339175 745645025 923952412 427639904 596428088 922771300 65346301 600821578 202094744 984010888 328548095 906388333 796804968 365620691 565514459 33955203 805020884 771174521 7657711 944541629 825500954 531247895 801035744 640244027 46461891 639853668 795696992 879996401 736032051 21667790 806975429 775748874 308963462 327622672 208154118 822917012 812321528 800900037 889651670 784362135 427867322 513785157 634806866 866716668 820012474 275396510 288881318 206551946 534038042 628262892 217377052 745236722 306910108 18356753 429736647 453192991 966458142 337069532 803891675 96935996 459739572 919476240 497793245 675489940 617310446 913759670 527830456 357144198 507026445 24788666 149052061 307914848 417206397 526699982 335144359 612366612 216056540 415325115 467468609 749519217 804632660 969276926 78283476 881168508 216462941 559167351 129650931 175127971 933773624 473974946 3726110 936249209 611646465 514310854 149206931 218126713 378493231 138644360 691552864 724271226 85780889 213474190 478610840 234450286 657604703 104612489 981554809 357762514 415234624 863406737 99241837 184664327 54559628 171875895 786106839 314504373 288541489 494342676 552446048 237146012 320034486 996319926 59047386 193438670 285691718 409334630 290256630 710809300 487055123 863645331 428460564 974650745 715457970 772599501 696786521 73401307 682314416 268070188 902331772 155781894 424364879 269303738 741989955 567544491 414362084 379072562 951843339 233411492 23721558 602827569 381617728 18794577 178728548 44725184 450821572 10789547 527738359 931747398 942299108 975493315 439427600 496745689 986554466 219200704 256324579 25372831 508796719 166562813 600498445 874262501 874919173 215675959 44023402 126884313 348231274 67309246 793371184 744873197 448341238 756699832 458903730 56126651 472113759 767032256 243735778 614544808 491058368 760842295 884939572 709057514 278147264 908123500 191637930 796725934 196816357 384164380 281786607 828357923 20565829 987992098 306784307 557978966 340004313 433274662 797969606 665892345 893202134 787607577 261626168 175190853 358520851 745254248 236181984 949279491 832889217 24066989 105841866 256181635 853414888 272758903 635686007 260451229 263893328 546060020 281340338 622299096 488784992 711081540 572253829 132863704 45467662 446349609 685377359 567573475 314056616 700933852 165429519 845379876 130623379 382607909 311414084 318952978 652411179 103188264 872745788 849189669 229085316 303857169 48088554 8910355 448084830 530548071 743552688 697420303 486248322 920694188 349722835 434222659 199550276 454437133 36349372 818137327 832224215 857919453 376164112 137238584 83938736 918833631 13437152 348607166 275080475 75964283 667105274 411687007 908365512 910723090 573866969 449244331 240331866 594655305 487262773 131047485 3821881 976241434 731774084 470899132 863521570 241179810 288719534 300296330 24635864 798919098 251548345 879358217 983748640 48967940 897147515 906901375 28853966 889260938 56088095 773362109 526570281 757014408 36355617 411885143 51271269 918658367 880215913 138622952 339974641 227123658 967134628 837324489 130859944 344654027 141295198 935432566 544425195 952326190 806069767 429055478 282468564 608021485 464078364 318921188 566695281 848234464 258300819 876228485 40733782 144302981 254570815 465925524 245170778 732555872 609163678 371855857 87883514 571076548 115976138 675140000 991031022 402678107 378061126 842752558 407454392 583609380 276621124 139767777 893622669 253438431 60104463 391438868 895795717 940739495 796056210 788733802 331843994 21912140 722199347 578441798 623976010 866976453 939052892 751407778 17612569 71619485 50696797 947053218 725144073 387948845 838534251 173347589 507935172 467468477 313269580 228011045 288764156 749702599 145019161 504074981 693400696 652237720 256765010 320545328 835395296 978147523 445579088 250676980 355432125 639347943 202609393 378951358 747096686 904092841 357433937 839032592 691750151 281110547 663250460 35794505 457414954 598094821 262612271 100625880 465866848 853820411 887136749 708111495 133396589 712830345 507414315 729740085 284005077
1 2
2 3
3 4
1 5
3 6
1 7
7 8
2 9
5 10
5 11
7 12
6 13
11 14
1 15
7 16
5 17
7 18
7 19
3 20
15 21
10 22
4 23
1 24
16 25
14 26
8 27
22 28
25 29
4 30
28 31
18 32
9 33
14 34
13 35
15 36
21 37
18 38
3 39
22 40
20 41
40 42
11 43
33 44
12 45
14 46
21 47
32 48
43 49
10 50
11 51
42 52
34 53
30 54
48 55
2 56
20 57
31 58
37 59
35 60
57 61
54 62
32 63
48 64
14 65
53 66
38 67
60 68
38 69
52 70
70 71
31 72
62 73
23 74
44 75
57 76
76 77
9 78
4 79
63 80
29 81
72 82
62 83
79 84
20 85
14 86
20 87
69 88
4 89
41 90
78 91
48 92
14 93
44 94
83 95
15 96
62 97
48 98
47 99
67 100
57 101
9 102
36 103
2 104
53 105
44 106
99 107
82 108
19 109
33 110
83 111
15 112
76 113
99 114
60 115
42 116
35 117
92 118
117 119
31 120
32 121
52 122
9 123
24 124
71 125
13 126
78 127
76 128
92 129
2 130
64 131
116 132
92 133
45 134
4 135
129 136
91 137
108 138
49 139
81 140
34 141
66 142
54 143
117 144
124 145
129 146
75 147
18 148
107 149
126 150
103 151
133 152
63 153
79 154
76 155
87 156
28 157
20 158
100 159
50 160
140 161
97 162
153 163
139 164
23 165
113 166
113 167
124 168
157 169
92 170
63 171
167 172
145 173
8 174
166 175
165 176
139 177
5 178
178 179
99 180
109 181
87 182
55 183
123 184
178 185
134 186
168 187
107 188
160 189
68 190
11 191
158 192
167 193
108 194
58 195
138 196
25 197
81 198
67 199
35 200
35 201
61 202
95 203
84 204
197 205
62 206
74 207
12 208
21 209
87 210
41 211
133 212
19 213
181 214
35 215
6 216
6 217
172 218
2 219
5 220
58 221
169 222
155 223
41 224
196 225
62 226
90 227
151 228
15 229
168 230
196 231
106 232
5 233
68 234
186 235
58 236
52 237
16 238
147 239
230 240
89 241
56 242
189 243
148 244
62 245
217 246
118 247
73 248
17 249
49 250
81 251
158 252
22 253
248 254
18 255
209 256
172 257
36 258
132 259
51 260
163 261
165 262
120 263
183 264
197 265
124 266
193 267
41 268
58 269
244 270
135 271
116 272
56 273
272 274
207 275
245 276
109 277
225 278
179 279
73 280
172 281
262 282
233 283
77 284
217 285
136 286
161 287
187 288
101 289
169 290
246 291
2 292
6 293
125 294
290 295
107 296
35 297
266 298
169 299
14 300
189 301
164 302
68 303
9 304
45 305
163 306
240 307
123 308
246 309
305 310
121 311
136 312
106 313
222 314
13 315
223 316
95 317
16 318
113 319
162 320
114 321
181 322
288 323
240 324
10 325
318 326
44 327
111 328
172 329
214 330
304 331
274 332
85 333
211 334
327 335
267 336
129 337
155 338
277 339
41 340
287 341
268 342
22 343
240 344
322 345
14 346
296 347
184 348
96 349
306 350
32 351
66 352
23 353
45 354
134 355
304 356
297 357
253 358
229 359
168 360
326 361
50 362
120 363
285 364
283 365
56 366
208 367
247 368
247 369
219 370
147 371
100 372
332 373
41 374
164 375
310 376
226 377
67 378
185 379
139 380
246 381
364 382
225 383
225 384
324 385
169 386
93 387
26 388
352 389
1 390
309 391
277 392
188 393
387 394
143 395
69 396
192 397
101 398
21 399
66 400
121 401
364 402
254 403
220 404
122 405
177 406
302 407
50 408
79 409
16 410
97 411
224 412
106 413
35 414
331 415
315 416
378 417
1 418
136 419
138 420
368 421
159 422
10 423
249 424
175 425
149 426
400 427
49 428
32 429
9 430
175 431
223 432
413 433
201 434
238 435
333 436
176 437
287 438
221 439
265 440
154 441
399 442
184 443
73 444
205 445
190 446
362 447
170 448
180 449
2 450
145 451
369 452
259 453
90 454
354 455
43 456
363 457
200 458
28 459
295 460
148 461
400 462
273 463
405 464
170 465
381 466
212 467
14 468
369 469
343 470
171 471
103 472
375 473
116 474
30 475
472 476
385 477
193 478
195 479
102 480
107 481
389 482
53 483
278 484
333 485
266 486
375 487
197 488
12 489
73 490
290 491
446 492
333 493
407 494
437 495
362 496
130 497
428 498
310 499
147 500
234 501
328 502
340 503
297 504
361 505
24 506
252 507
385 508
254 509
76 510
408 511
4 512
57 513
189 514
345 515
89 516
344 517
164 518
472 519
97 520
178 521
381 522
169 523
160 524
500 525
301 526
59 527
298 528
340 529
481 530
71 531
337 532
362 533
438 534
353 535
216 536
324 537
226 538
507 539
264 540
97 541
458 542
539 543
190 544
380 545
12 546
267 547
193 548
48 549
536 550
240 551
51 552
61 553
472 554
131 555
524 556
539 557
404 558
519 559
529 560
58 561
32 562
150 563
147 564
505 565
143 566
465 567
18 568
559 569
143 570
385 571
182 572
445 573
170 574
401 575
266 576
203 577
469 578
34 579
363 580
136 581
438 582
126 583
327 584
263 585
394 586
456 587
133 588
358 589
345 590
15 591
337 592
101 593
571 594
406 595
320 596
585 597
324 598
467 599
74 600
440 601
546 602
54 603
397 604
588 605
542 606
261 607
413 608
125 609
517 610
64 611
328 612
554 613
422 614
499 615
57 616
204 617
579 618
437 619
406 620
32 621
550 622
327 623
348 624
164 625
300 626
343 627
44 628
626 629
429 630
321 631
342 632
527 633
588 634
400 635
442 636
219 637
347 638
334 639
281 640
528 641
244 642
624 643
218 644
299 645
215 646
431 647
72 648
266 649
132 650
66 651
328 652
266 653
368 654
638 655
163 656
148 657
171 658
267 659
365 660
567 661
261 662
290 663
593 664
16 665
580 666
47 667
278 668
95 669
436 670
236 671
306 672
434 673
377 674
598 675
393 676
338 677
46 678
56 679
204 680
78 681
173 682
538 683
445 684
439 685
545 686
456 687
345 688
561 689
310 690
495 691
403 692
639 693
479 694
303 695
269 696
578 697
694 698
38 699
562 700
