200 827
792547080 306006718 865341837 64566601 874008381 882979101 216280736 449170302 389975492 758595885 584722718 697325425 702908153 877756536 562712878 242813932 509446796 688999309 632907371 575334357 808193620 813745777 635453384 386422011 759233800 538776428 521174737 863768094 623169039 591573588 579777808 589552545 264488438 49311706 881833192 860399703 149272434 337248294 1165160 694766571 892071709 87778408 278169575 836108948 753410615 172446681 145518503 311950118 132950392 537249420 606229976 665907500 456946667 388762795 10955852 971804494 16129424 925280885 629400412 285462952 671490434 288407293 671228198 421815325 372366524 248572210 788451598 977313448 866274834 244536469 750225685 437026968 401243831 992128199 236677279 162133935 128671860 973273190 177865567 43189562 594488929 667585089 625772469 344884154 916700262 525869470 225394838 174052054 949646049 175510256 541373565 451803074 290002010 154965659 84322740 862508886 104093619 964155632 517590574 978582182 645605023 83363789 382864122 289827485 255580598 145462187 632205363 508339111 493201401 577252331 770414698 644839259 923892366 485085847 900966067 236667064 739047386 743506716 869167498 965689321 961084225 262448371 152592740 503739102 391673903 835702149 325485371 947280077 349287902 521322033 783662376 112064508 189674886 844000419 477071396 759839478 750024737 223051655 33559669 58713756 615277491 755699436 311819709 312464623 298619660 891968314 446885387 466980816 985419550 311830168 55127979 126602168 846691794 122097676 867344712 248862788 665445008 962023307 837581254 289322134 918323682 744837761 874140721 388613491 172508856 328713258 857295889 108065190 150428717 438144580 986479628 904585454 549402036 118123617 376412014 632351876 540466567 948214127 449956625 727991339 814043099 292606294 646893789 444403088 803725027 26061734 757452862 431606866 131683045 405456338 449603070 782837552 295594239 843590154 686600356 927569593 482999251 465533724 377276902 877680121
1 2
1 3
3 4
1 5
2 6
3 7
1 8
8 9
2 10
7 11
5 12
3 13
3 14
11 15
5 16
12 17
2 18
14 19
11 20
15 21
12 22
3 23
20 24
12 25
7 26
24 27
9 28
15 29
29 30
7 31
1 32
10 33
8 34
23 35
19 36
21 37
33 38
28 39
4 40
18 41
14 42
41 43
6 44
31 45
38 46
20 47
43 48
47 49
45 50
27 51
48 52
43 53
27 54
19 55
10 56
6 57
12 58
19 59
56 60
52 61
24 62
21 63
10 64
11 65
39 66
39 67
9 68
47 69
15 70
3 71
71 72
17 73
3 74
18 75
7 76
63 77
54 78
32 79
29 80
44 81
38 82
11 83
54 84
71 85
46 86
40 87
55 88
50 89
6 90
32 91
69 92
8 93
25 94
68 95
66 96
87 97
54 98
4 99
84 100
98 101
88 102
96 103
42 104
80 105
16 106
103 107
53 108
54 109
84 110
57 111
110 112
100 113
68 114
16 115
13 116
98 117
40 118
24 119
12 120
50 121
50 122
69 123
122 124
6 125
116 126
41 127
91 128
8 129
24 130
111 131
92 132
84 133
127 134
11 135
89 136
85 137
71 138
10 139
75 140
49 141
15 142
59 143
59 144
117 145
2 146
13 147
57 148
117 149
34 150
109 151
27 152
36 153
4 154
103 155
99 156
98 157
96 158
14 159
113 160
124 161
85 162
95 163
35 164
62 165
161 166
111 167
24 168
155 169
106 170
20 171
67 172
120 173
70 174
9 175
4 176
75 177
31 178
136 179
46 180
8 181
72 182
124 183
12 184
166 185
130 186
175 187
88 188
14 189
28 190
83 191
176 192
42 193
102 194
25 195
161 196
18 197
84 198
43 199
81 200
