300 75
3287486 9303130 1597326 2570043 2807476 9307846 806244 1934465 5446404 2614509 2892741 2240818 2991753 4126438 5973666 5921199 2239587 4171806 5049222 3877415 4712950 8735436 9748786 2025096 2844876 1201832 1753376 5961543 2134096 1772010 7912185 6582202 8581509 3437135 9410114 8944524 1325341 3466560 8923507 5126591 8446529 5128621 7720108 6584817 1100851 1886447 4320644 9103477 7623703 6206977 4648858 2790068 2713488 1452305 5919638 5583142 6042931 4506508 1947342 9694797 3862974 7062445 8521787 9841559 38426 2414176 9936175 6062519 1988013 2498592 7591743 1816026 5813291 7366698 3341237 7638044 4084770 1289688 2665524 5894765 9425926 7018072 2419006 2238200 5933694 8673776 1409138 4364881 4800172 104685 4428542 8107020 4099262 7617543 3234268 4837133 195237 4218470 729127 6366951 3109012 5079550 341035 2574525 5926445 8838139 3274747 7299540 1885366 7160128 6974187 7879955 165668 2217013 1194266 3365881 5952108 7703923 1002623 7094303 8077472 3221036 7686992 9661059 6180551 7300 5107547 1623205 3886225 1180241 4558333 1577114 9929483 7338133 1875384 1882933 5334005 3640222 5410820 4119773 6723936 4898329 3328734 5488325 151992 384021 9204712 4928411 7938129 6100767 2687577 1992406 6955723 6431825 9775820 1094625 8208114 2866374 6147800 4683171 4334690 1132225 1142313 9934907 5303979 7671489 196701 1337724 6776922 8658367 7366816 7475340 6941141 458007 5174909 4391159 249409 9958168 2925443 796095 2018256 5580007 5569224 8532354 699176 3348954 4860801 4552117 4666043 1006394 820236 1231403 4890914 2242946 9341821 674046 8557465 4953782 7129932 7139431 5335301 5529886 8270277 9472626 6413739 9297074 3843309 5894700 8743368 3739972 8412783 7030083 4277650 4158147 1150885 702816 3054180 3252449 115372 2669500 9578293 5619586 6230047 7750283 7059591 5223367 5393689 393992 9496027 5562203 8180389 767739 17761 9778259 9598761 7161604 8170531 695756 5838813 9238713 8173337 9214891 2225618 4366619 2130195 7199583 3998089 775829 8978743 267557 2481475 4917865 4645216 4121049 9419940 2136767 1065810 6908454 3544256 7210880 275969 8119564 9701512 672190 3134657 9669300 4404261 198919 3844223 5701251 3342897 9669940 7620569 6831168 4126038 4868728 3231196 9245856 9810025 2913885 3248243 4436420 2090035 9963835 5442433 6443461 8320212 6374103 2993248 9807001 2802925 7693522 8449655 8021388 2667973 2798681 1487899 634219 1338760 3156732
1 2
2 3
3 4
4 5
5 6
6 7
7 8
8 9
9 10
10 11
11 12
12 13
13 14
14 15
15 16
16 17
17 18
18 19
19 20
20 21
21 22
22 23
23 24
24 25
25 26
26 27
27 28
28 29
29 30
30 31
31 32
32 33
33 34
34 35
35 36
36 37
37 38
38 39
39 40
40 41
41 42
42 43
43 44
44 45
45 46
46 47
47 48
48 49
49 50
50 51
51 52
52 53
53 54
54 55
55 56
56 57
57 58
58 59
59 60
60 61
61 62
62 63
63 64
64 65
65 66
66 67
67 68
68 69
69 70
70 71
71 72
72 73
73 74
74 75
75 76
76 77
77 78
78 79
79 80
80 81
81 82
82 83
83 84
84 85
85 86
86 87
87 88
88 89
89 90
90 91
91 92
92 93
93 94
94 95
95 96
96 97
97 98
98 99
99 100
100 101
101 102
102 103
103 104
104 105
105 106
106 107
107 108
108 109
109 110
110 111
111 112
112 113
113 114
114 115
115 116
116 117
117 118
118 119
119 120
120 121
121 122
122 123
123 124
124 125
125 126
126 127
127 128
128 129
129 130
130 131
131 132
132 133
133 134
134 135
135 136
136 137
137 138
138 139
139 140
140 141
141 142
142 143
143 144
144 145
145 146
146 147
147 148
148 149
149 150
150 151
151 152
152 153
153 154
154 155
155 156
156 157
157 158
158 159
159 160
160 161
161 162
162 163
163 164
164 165
165 166
166 167
167 168
168 169
169 170
170 171
171 172
172 173
173 174
174 175
175 176
176 177
177 178
178 179
179 180
180 181
181 182
182 183
183 184
184 185
185 186
186 187
187 188
188 189
189 190
190 191
191 192
192 193
193 194
194 195
195 196
196 197
197 198
198 199
199 200
200 201
201 202
202 203
203 204
204 205
205 206
206 207
207 208
208 209
209 210
210 211
211 212
212 213
213 214
214 215
215 216
216 217
217 218
218 219
219 220
220 221
221 222
222 223
223 224
224 225
225 226
226 227
227 228
228 229
229 230
230 231
231 232
232 233
233 234
234 235
235 236
236 237
237 238
238 239
239 240
240 241
241 242
242 243
243 244
244 245
245 246
246 247
247 248
248 249
249 250
250 251
251 252
252 253
253 254
254 255
255 256
256 257
257 258
258 259
259 260
260 261
261 262
262 263
263 264
264 265
265 266
266 267
267 268
268 269
269 270
270 271
271 272
272 273
273 274
274 275
275 276
276 277
277 278
278 279
279 280
280 281
281 282
282 283
283 284
284 285
285 286
286 287
287 288
288 289
289 290
290 291
291 292
292 293
293 294
294 295
295 296
296 297
297 298
298 299
299 300
