400 728
409229210 655900732 45507891 390338634 598138309 516032851 742511921 280439061 473493481 838787063 488900071 239930337 896249988 704324107 670962839 529679476 68436821 863493647 923038737 770673903 979512491 478434383 423471517 922225313 633160847 850016290 814397707 355172482 643977067 290820380 911172725 615314015 849996132 412349983 187340459 28764998 728423123 902542155 218674476 808722320 963319807 456512305 483091636 288451843 196875764 771802605 615457010 789326241 218492791 720589738 308650366 103243294 315433727 541970592 298221708 921032658 790632847 97692453 836165654 228577284 806438135 313213472 790121562 537892416 78257386 227392969 40532437 350832040 86960533 390345937 899262494 886563804 548973803 644272316 401146023 884300393 155040618 918247049 316304746 801620382 303017061 431271360 129686085 3826518 520106836 904933543 880211902 83149808 35836167 817020858 274337243 126772709 940431032 40316829 420086918 393408165 609502631 617470719 135085718 442729238 394302057 491101955 314217594 48733976 326874331 192108098 240228920 146891314 267613115 471854805 203004336 512089920 221143139 56012181 694627472 320792284 797510321 328931322 794390447 807815580 744074774 411756959 457158494 308308848 389164444 918478658 457297114 866797597 807172507 358361955 416689849 419349218 647791492 909637425 577697948 834629357 804780777 340233611 973694786 7591653 256579488 838116759 539357384 582152251 930899829 884456431 814006679 512575033 635454433 89732691 188019055 745146640 680861110 973776456 526241779 697242808 466794138 437029625 1761663 536159196 671868744 966366092 276408956 97071839 640980734 750797028 230241998 802736271 405939127 58015258 982847886 24284937 399799172 115828872 813720936 112890129 189197771 371427560 442655307 278186031 583837018 374651694 384661057 288945710 311590529 898269350 173753208 119793345 940893804 128148339 220666936 761198599 823256812 671880240 7677519 681748942 678153050 650027709 731880353 47709854 633223333 147661621 300325591 40222224 781608016 413952345 387308550 832069940 981056519 868646704 94984472 432405593 118612602 963969538 583450667 861135011 857450322 554625322 185014231 662613774 340267643 620117795 615133420 397727503 740865240 192589000 710649683 872458558 879530362 306329405 53018939 862064119 466390727 561531103 9882744 502144753 338546268 44629847 603130716 935997907 804474709 769728844 50238782 405157205 261025366 986686972 446626883 612724262 91708079 857446759 206850474 563359457 631883678 276581381 338567199 946029052 232464233 677909462 125961631 987622862 736527654 147484771 71185547 909644106 847853448 641713251 274430060 540083073 939754871 710812503 969918163 242490602 547936392 883513678 791997065 125238001 905082216 491208285 237366874 369023284 669605933 333133551 291016320 861075655 454248564 385460896 621860212 881669008 300570232 83481054 436240712 102907061 430671521 382442144 592279065 607679527 762052036 149399432 532462702 717742993 718282501 989400155 337099622 747323157 1878761 177036450 176726541 841477543 915710664 294896104 743046643 484357637 676112184 348724865 654819522 838731475 896927703 752940857 122859174 334252102 280428736 461668891 845781308 42718291 550968623 528087785 63944501 814839084 460509178 667035867 226298715 658724459 982973662 719330591 41350259 155680856 371956587 120581070 817697161 319289248 678463040 853251610 150251835 743777636 423418103 442335886 248931910 797107392 518835124 171107582 954448961 284885205 899143477 661867940 404012917 419308636 934570568 247600484 583996832 96188632 335072953 171539239 838168163 764674339 845979104 955476733 896918943 685922096 663924464 735633869 718893832 764162273 142513571 90520910 480908477 453144112 479001562 899178506 904884132 211646294 899415004 248003496 317768995 893505093 182203957 456109530 95698144 345428305 852206875 91183670 991016985 173396763 208507915 966963956 37734177 432691123 39418797 450172247 508036896 647948298
1 2
2 3
2 4
3 5
3 6
5 7
6 8
4 9
3 10
2 11
2 12
9 13
10 14
14 15
10 16
13 17
10 18
3 19
18 20
2 21
12 22
3 23
2 24
22 25
1 26
16 27
22 28
21 29
7 30
6 31
16 32
16 33
20 34
16 35
7 36
3 37
13 38
29 39
11 40
12 41
5 42
41 43
18 44
7 45
16 46
2 47
42 48
44 49
34 50
3 51
49 52
3 53
18 54
32 55
44 56
55 57
24 58
31 59
12 60
1 61
58 62
36 63
30 64
44 65
7 66
22 67
16 68
16 69
64 70
60 71
50 72
57 73
9 74
67 75
44 76
63 77
38 78
55 79
25 80
15 81
37 82
23 83
14 84
1 85
21 86
32 87
33 88
19 89
13 90
6 91
38 92
55 93
56 94
47 95
59 96
51 97
82 98
11 99
32 100
26 101
86 102
83 103
20 104
57 105
55 106
11 107
6 108
25 109
92 110
64 111
20 112
66 113
11 114
57 115
111 116
62 117
76 118
69 119
97 120
89 121
36 122
95 123
49 124
37 125
110 126
82 127
12 128
73 129
34 130
104 131
10 132
68 133
19 134
29 135
75 136
27 137
49 138
124 139
100 140
51 141
134 142
35 143
137 144
18 145
19 146
52 147
50 148
60 149
7 150
104 151
52 152
115 153
48 154
92 155
91 156
112 157
102 158
93 159
30 160
46 161
104 162
155 163
123 164
82 165
131 166
48 167
151 168
162 169
165 170
41 171
122 172
69 173
145 174
139 175
50 176
120 177
25 178
176 179
163 180
125 181
78 182
43 183
174 184
6 185
82 186
179 187
128 188
26 189
102 190
121 191
1 192
176 193
37 194
21 195
150 196
88 197
106 198
197 199
103 200
114 201
126 202
123 203
57 204
87 205
129 206
167 207
87 208
171 209
155 210
62 211
31 212
53 213
34 214
161 215
46 216
176 217
45 218
150 219
139 220
95 221
89 222
51 223
98 224
201 225
109 226
121 227
223 228
77 229
63 230
57 231
123 232
79 233
175 234
58 235
61 236
111 237
55 238
141 239
127 240
13 241
61 242
175 243
206 244
174 245
91 246
200 247
95 248
200 249
27 250
38 251
111 252
77 253
67 254
166 255
135 256
24 257
29 258
191 259
116 260
38 261
37 262
55 263
104 264
194 265
8 266
231 267
17 268
265 269
231 270
270 271
198 272
35 273
52 274
196 275
229 276
76 277
124 278
101 279
253 280
77 281
143 282
148 283
223 284
253 285
132 286
107 287
195 288
3 289
40 290
210 291
134 292
269 293
43 294
153 295
123 296
117 297
139 298
235 299
214 300
52 301
181 302
100 303
212 304
111 305
37 306
272 307
164 308
188 309
89 310
133 311
222 312
273 313
308 314
209 315
162 316
94 317
80 318
146 319
198 320
65 321
86 322
54 323
92 324
99 325
175 326
43 327
234 328
293 329
271 330
281 331
152 332
2 333
24 334
268 335
83 336
163 337
4 338
104 339
213 340
230 341
199 342
73 343
263 344
170 345
195 346
45 347
157 348
273 349
115 350
171 351
117 352
240 353
238 354
320 355
218 356
24 357
297 358
283 359
269 360
121 361
193 362
288 363
233 364
332 365
105 366
293 367
289 368
195 369
89 370
2 371
288 372
337 373
189 374
322 375
275 376
10 377
370 378
146 379
112 380
161 381
160 382
209 383
335 384
46 385
1 386
225 387
66 388
15 389
310 390
164 391
328 392
369 393
392 394
99 395
82 396
193 397
328 398
270 399
203 400
