26
2 1000000000
1000000000 1000000000
169 10103303
295754 237115 35549 289327 3696 55945 283292 184167 270335 365871 394511 138866 442849 29028 51328 168280 277806 306 157537 179823 445286 426112 192391 88360 5103303 14298 446791 35649 28006 103591 478430 5000000 401394 96502 344470 320585 454511 326781 51990 340435 209564 489604 103732 119171 413376 73450 340406 78732 405487 413584 244268 230273 444903 155404 388919 476893 350126 149193 222160 287941 48190 426070 196428 31370 14032 132819 462016 204156 116796 436102 172874 462134 28322 95249 57208 304423 290830 374076 437821 229272 423186 37868 360791 48715 164725 261313 173459 151532 356497 381515 361379 435572 159405 398345 90582 110922 38168 305945 260691 370055 398627 33953 237279 448186 159276 345741 351878 97859 372892 278986 17759 41790 258420 341637 465058 468550 442806 209743 157656 463267 184409 54486 346119 210160 210345 46849 381196 409728 79055 409686 56546 275491 69877 381772 219612 107934 355604 314797 438887 498039 465811 173552 317239 448192 309894 147303 9257 488882 466594 145295 32129 151183 154050 243032 10488 401383 165268 256782 492984 302527 15630 234594 232632 130696 97322 243800 239128 98593 395598
50 80
3384242 9340990 8932186 3635224 8633033 3705425 7196368 6281377 8634371 3821655 9571192 1085445 2051812 3567487 2026958 718301 978867 5741796 9416244 8194416 8584651 5272653 2632031 2537756 2169774 8349385 2336645 855093 8440910 1537226 2801865 5197132 5034983 1720455 9351446 7078811 1117635 9450181 9625061 3583504 9224791 1102353 293131 5481369 270565 4018320 2825356 8479344 7176983 8278092
75 3695846
369 1040 1045 1089 6245 6471 6759 7489 7868 8914 9939 12174 12793 13116 13230 17563 23078 25240 25890 27939 30752 31372 32278 32962 33562 36113 36861 38293 39750 41925 42546 48982 49139 51483 53252 53951 55726 56841 58136 59144 59310 59692 60858 61412 62119 62685 64351 64636 65449 65540 67514 69877 72372 72407 74958 75906 76295 76836 76977 79815 79846 80174 80768 82401 83541 86686 87955 90040 90761 91481 91916 94809 96988 97666 98887
34 32
1959 2819 2950 4018 5491 6984 8278 18384 18793 31276 34384 36346 37739 43929 44500 46779 48283 57563 62214 66501 67628 74503 75034 76153 76174 77958 79587 81939 82648 84118 91951 93495 94673 98602
39 21103
551 551 551 551 551 551 551 551 551 551 551 551 551 551 551 551 551 551 551 551 551 551 551 551 551 551 551 551 551 551 551 551 551 551 551 551 551 551 551
20 914331
97225 91661 90069 86123 84878 69524 58846 51822 48202 43262 39717 35899 33877 33456 29510 20154 17202 15803 8951 3661
41 14741
6072 3995 3725 3725 3725 3725 3995 6072 3995 6072 3725 6072 3995 3725 3725 6072 6072 6072 4931 6072 3725 4931 3995 3725 3995 3725 6072 3725 6072 3995 6072 3995 3995 3725 4931 4931 4931 3725 3995 4931 3995
7 1
12766 21271 46049 49335 53326 94308 96747
26 11100
5550 5550 2642 2642 5550 2642 5550 5550 2642 2642 5550 5550 5550 2642 5550 2642 5550 2642 2642 2642 5550 5550 5550 2642 5550 5550
7 11744069
235527 496251 403739 451334 475121 5729404 5000000
14 33664827
6113548 7167984 3121224 3738804 717435 7119609 3812997 2929298 567429 1166033 6611177 351631 6205702 4725327
19 3
1 1 1 1 1 1 1 1 1 1 1 1 1 1 1 1 1 1 1
18 1000000000
1000000000 1000000000 1000000000 1000000000 1000000000 1000000000 1000000000 1000000000 1000000000 1000000000 1000000000 1000000000 1000000000 1000000000 1000000000 1000000000 1000000000 1000000000
13 408
178 178 178 178 178 178 178 178 178 178 178 178 178
28 199910
5163 8794 8794 5163 8794 8794 8794 8794 8794 5163 8794 5163 8794 8794 8794 8794 8794 8794 5163 5163 8794 8794 5163 5163 8794 8794 5163 8794
13 51575272
2742693 665341 3446711 5695458 5569477 4280758 1791901 9157714 5180791 5885081 9314167 5864063 7414198
6 1
471016 82071 5231167 452094 5000000 179284
1 2125831
2203066
12 394
177 177 177 177 177 177 177 177 177 177 177 177
2 15673502
7510189 9764668
9 9
1 1 1 1 1 1 1 1 1
10 1
97841 89818 89205 84175 69675 50282 41745 21254 14788 14131
1 86
208
5 7789302
974803 8455760 2555886 7364893 7789302
43 16980872
569968 368588 926243 405023 308860 746829 426386 39099 696107 276727 368663 776504 681047 155673 437717 537746 171958 529386 501332 67938 64791 746192 83902 196374 451062 81421 357922 106493 841640 210389 56005 103909 363306 892774 631716 24461 597781 250071 650060 59321 604787 581874 234782
