50
319 3
3 1 3 1 3 1 3 1 3 1 3 1 3 1 3 1 3 1 3 1 3 1 3 1 3 1 3 1 3 1 3 1 3 1 3 1 3 1 3 1 3 1 3 1 3 1 3 1 3 1 3 1 3 1 3 1 3 1 3 1 3 1 3 1 3 1 3 1 3 1 3 1 3 1 3 1 3 1 3 1 3 1 3 1 3 1 3 1 3 1 3 1 3 1 3 1 3 1 3 1 3 1 3 1 3 1 3 1 3 1 3 1 3 1 3 1 3 1 3 1 3 1 3 1 3 1 3 1 3 1 3 1 3 1 3 1 3 1 3 1 3 1 3 1 3 1 3 1 3 1 3 1 3 1 3 1 3 1 3 1 3 1 3 1 3 1 3 1 3 1 3 1 3 1 3 1 3 1 3 1 3 1 3 1 3 1 3 1 3 1 3 1 3 1 3 1 3 1 3 1 3 1 3 1 3 1 3 1 3 1 3 1 3 1 3 1 3 1 3 1 3 1 3 1 3 1 3 1 3 1 3 1 3 1 3 1 3 1 3 1 3 1 3 1 3 1 3 1 3 1 3 1 3 1 3 1 3 1 3 1 3 1 3 1 3 1 3 1 3 1 3 1 3 1 3 1 3 1 3 1 3 1 3 1 3 1 3 1 3 1 3 1 3 1 3 1 3 1 3 1 3 1 3 1 3 1 3 1 3 1 3 1 3 1 3 1 3 1 4
155 73
1 1 1 1 1 1 1 1 1 1 1 1 1 1 1 1 1 1 1 1 1 1 1 1 1 1 1 1 1 1 1 1 1 1 1 1 1 1 1 1 1 1 1 1 1 1 1 1 1 1 1 1 1 1 1 1 1 1 1 1 1 1 1 1 1 1 1 1 1 1 1 1 1 1 1 1 1 1 1 1 1 1 1 1 1 1 1 1 1 1 1 1 1 1 1 1 1 1 1 1 1 1 1 1 1 1 1 1 1 1 1 1 1 1 1 1 1 1 1 1 1 1 1 1 1 1 1 1 1 1 1 1 1 1 1 1 1 1 1 1 1 1 1 1 1 1 1 1 1 1 1 1 1 1 1
253 15
1 1 1 1 1 1 1 1 1 1 1 1 1 1 1 1 1 1 1 1 1 1 1 1 1 1 1 1 1 1 1 1 1 1 1 1 1 1 1 1 1 1 1 1 1 1 1 1 1 1 1 1 1 1 1 1 1 1 1 1 1 1 1 1 1 1 1 1 1 1 1 1 1 1 1 1 1 1 1 1 1 1 1 1 1 1 1 1 1 1 1 1 1 1 1 1 1 1 1 1 1 1 1 1 1 1 1 1 1 1 1 1 1 1 1 1 1 1 1 1 1 1 1 1 1 1 1 1 1 1 1 1 1 1 1 1 1 1 1 1 1 1 1 1 1 1 1 1 1 1 1 1 1 1 1 1 1 1 1 1 1 1 1 1 1 1 1 1 1 1 1 1 1 1 1 1 1 1 1 1 1 1 1 1 1 1 1 1 1 1 1 1 1 1 1 1 1 1 1 1 1 1 1 1 1 1 1 1 1 1 1 1 1 1 1 1 1 1 1 1 1 1 1 1 1 1 1 1 1 1 1 1 1 1 1 1 1 1 1 1 1 1 1 1 1 1 1 1 1 1 1 1 1
179 24
25 25 25 25 25 25 25 25 25 25 25 25 25 25 25 25 25 25 25 25 25 25 25 25 25 25 25 25 25 25 25 25 25 25 25 25 25 25 25 25 25 25 25 25 25 25 25 25 25 25 25 25 25 25 25 25 25 25 25 25 25 25 25 25 25 25 25 25 25 25 25 25 25 25 25 25 25 25 25 25 25 25 25 25 25 25 25 25 25 25 25 25 25 25 25 25 25 25 25 25 25 25 25 25 25 25 25 25 25 25 25 25 25 25 25 25 25 25 25 25 25 25 25 25 25 25 25 25 25 25 25 25 25 25 25 25 25 25 25 25 25 25 25 25 25 25 25 25 25 25 25 25 25 25 25 25 25 25 25 25 25 25 25 25 25 25 25 25 25 25 25 25 25 25 25 25 25 25 25
354 10
11 10 10 10 10 10 10 10 10 10 10 10 10 10 10 10 10 10 10 10 10 10 10 10 10 10 10 10 10 10 10 10 10 10 10 10 10 10 10 10 10 10 10 10 10 10 10 10 10 10 10 10 10 10 10 10 10 10 10 10 10 10 10 10 10 10 10 10 10 10 10 10 10 10 10 10 10 10 10 10 10 10 10 10 10 10 10 10 10 10 10 10 10 10 10 10 10 10 10 10 10 10 10 10 10 10 10 10 10 10 10 10 10 10 10 10 10 10 10 10 10 10 10 10 10 10 10 10 10 10 10 10 10 10 10 10 10 10 10 10 10 10 10 10 10 10 10 10 10 10 10 10 10 10 10 10 10 10 10 10 10 10 10 10 10 10 10 10 10 10 10 10 10 10 10 10 10 10 10 10 10 10 10 10 10 10 10 10 10 10 10 10 10 10 10 10 10 10 10 10 10 10 10 10 10 10 10 10 10 10 10 10 10 10 10 10 10 10 10 10 10 10 10 10 10 10 10 10 10 10 10 10 10 10 10 10 10 10 10 10 10 10 10 10 10 10 10 10 10 10 10 10 10 10 10 10 10 10 10 10 10 10 10 10 10 10 10 10 10 10 10 10 10 10 10 10 10 10 10 10 10 10 10 10 10 10 10 10 10 10 10 10 10 10 10 10 10 10 10 10 10 10 10 10 10 10 10 10 10 10 10 10 10 10 10 10 10 10 10 10 10 10 10 10 10 10 10 10 10 10 10 10 10 10 10 10 10 10 10 10 10 10 10 10 10 10 10 10 10 10 10 10 10 10
89 2
3 3 3 3 3 3 3 3 3 3 3 3 3 3 3 3 3 3 3 3 3 3 3 3 3 3 3 3 3 3 3 3 3 3 3 3 3 3 3 3 3 3 3 3 3 3 3 3 3 3 3 3 3 3 3 3 3 3 3 3 3 3 3 3 3 3 3 3 3 3 3 3 3 3 3 3 3 3 3 3 3 3 3 3 3 3 3 3 3
164 8
9 9 9 9 9 9 9 9 9 9 9 9 9 9 9 9 9 9 9 9 9 9 9 9 9 9 9 9 9 9 9 9 9 9 9 9 9 9 9 9 9 9 9 9 9 9 9 9 9 9 9 9 9 9 9 9 9 9 9 9 9 9 9 9 9 9 9 9 9 9 9 9 9 9 9 9 9 9 9 9 9 9 9 9 9 9 9 9 9 9 9 9 9 9 9 9 9 9 9 9 9 9 9 9 9 9 9 9 9 9 9 9 9 9 9 9 9 9 9 9 9 9 9 9 9 9 9 9 9 9 9 9 9 9 9 9 9 9 9 9 9 9 9 9 9 9 9 9 9 9 9 9 9 9 9 9 9 9 9 9 9 9 9 9
115 63
1 24 42 41 16 60 25 61 28 42 3 29 23 6 34 33 51 2 10 19 5 30 50 9 19 3 53 59 18 1 41 1 29 24 28 50 8 50 40 53 17 4 29 39 43 43 54 61 40 6 34 23 37 20 57 45 10 46 57 34 37 33 49 37 22 36 26 20 19 12 7 6 29 26 24 25 35 47 34 4 46 59 22 37 26 46 46 51 2 11 2 26 52 24 39 9 12 14 39 7 56 42 9 3 46 18 24 48 39 20 59 35 18 12 1
365 48
49 3 3 3 3 3 3 3 3 3 3 3 3 3 3 3 3 3 3 3 3 3 3 3 3 3 3 3 3 3 3 3 3 3 3 3 3 3 3 3 3 3 3 3 3 3 3 3 3 3 3 3 3 3 3 3 3 3 3 3 3 3 3 3 3 3 3 3 3 3 3 3 3 3 3 3 3 3 3 3 3 3 3 3 3 3 3 3 3 3 3 3 3 3 3 3 3 3 3 3 3 3 3 3 3 3 3 3 3 3 3 3 3 3 3 3 3 3 3 3 3 3 3 3 3 3 3 3 3 3 3 3 3 3 3 3 3 3 3 3 3 3 3 3 3 3 3 3 3 3 3 3 3 3 3 3 3 3 3 3 3 3 3 3 3 3 3 3 3 3 3 3 3 3 3 3 3 3 3 3 3 3 3 3 3 3 3 3 3 3 3 3 3 3 3 3 3 3 3 3 3 3 3 3 3 3 3 3 3 3 3 3 3 3 3 3 3 3 3 3 3 3 3 3 3 3 3 3 3 3 3 3 3 3 3 3 3 3 3 3 3 3 3 3 3 3 3 3 3 3 3 3 3 3 3 3 3 3 3 3 3 3 3 3 3 3 3 3 3 3 3 3 3 3 3 3 3 3 3 3 3 3 3 3 3 3 3 3 3 3 3 3 3 3 3 3 3 3 3 3 3 3 3 3 3 3 3 3 3 3 3 3 3 3 3 3 3 3 3 3 3 3 3 3 3 3 3 3 3 3 3 3 3 3 3 3 3 3 3 3 3 3 3 3 3 3 3 3 3 3 3 3 3 3 3 3 3 3 3 3 3 3 3 3 3
204 90
91 9 90 9 90 9 90 9 90 9 90 9 90 9 90 9 90 9 90 9 90 9 90 9 90 9 90 9 90 9 90 9 90 9 90 9 90 9 90 9 90 9 90 9 90 9 90 9 90 9 90 9 90 9 90 9 90 9 90 9 90 9 90 9 90 9 90 9 90 9 90 9 90 9 90 9 90 9 90 9 90 9 90 9 90 9 90 9 90 9 90 9 90 9 90 9 90 9 90 9 90 9 90 9 90 9 90 9 90 9 90 9 90 9 90 9 90 9 90 9 90 9 90 9 90 9 90 9 90 9 90 9 90 9 90 9 90 9 90 9 90 9 90 9 90 9 90 9 90 9 90 9 90 9 90 9 90 9 90 9 90 9 90 9 90 9 90 9 90 9 90 9 90 9 90 9 90 9 90 9 90 9 90 9 90 9 90 9 90 9 90 9 90 9 90 9 90 9 90 9 90 9 90 9
52 20
3 3 3 3 3 3 3 3 3 3 3 3 3 3 3 3 3 3 3 3 3 3 3 3 3 3 3 3 3 3 3 3 3 3 3 3 3 3 3 3 3 3 3 3 3 3 3 3 3 3 3 21
102 74
1 34 56 11 50 8 52 12 36 55 65 44 65 39 69 71 34 14 22 69 69 23 49 59 36 12 49 37 6 18 67 40 29 45 13 49 70 71 6 44 62 10 70 47 33 17 37 29 16 68 59 38 66 70 39 35 24 12 14 50 58 56 64 24 2 38 42 14 35 25 63 33 49 7 49 32 49 52 14 18 3 68 65 31 57 3 61 63 29 31 4 11 25 62 20 44 49 28 28 4 55 1
426 55
56 56 56 56 56 56 56 56 56 56 56 56 56 56 56 56 56 56 56 56 56 56 56 56 56 56 56 56 56 56 56 56 56 56 56 56 56 56 56 56 56 56 56 56 56 56 56 56 56 56 56 56 56 56 56 56 56 56 56 56 56 56 56 56 56 56 56 56 56 56 56 56 56 56 56 56 56 56 56 56 56 56 56 56 56 56 56 56 56 56 56 56 56 56 56 56 56 56 56 56 56 56 56 56 56 56 56 56 56 56 56 56 56 56 56 56 56 56 56 56 56 56 56 56 56 56 56 56 56 56 56 56 56 56 56 56 56 56 56 56 56 56 56 56 56 56 56 56 56 56 56 56 56 56 56 56 56 56 56 56 56 56 56 56 56 56 56 56 56 56 56 56 56 56 56 56 56 56 56 56 56 56 56 56 56 56 56 56 56 56 56 56 56 56 56 56 56 56 56 56 56 56 56 56 56 56 56 56 56 56 56 56 56 56 56 56 56 56 56 56 56 56 56 56 56 56 56 56 56 56 56 56 56 56 56 56 56 56 56 56 56 56 56 56 56 56 56 56 56 56 56 56 56 56 56 56 56 56 56 56 56 56 56 56 56 56 56 56 56 56 56 56 56 56 56 56 56 56 56 56 56 56 56 56 56 56 56 56 56 56 56 56 56 56 56 56 56 56 56 56 56 56 56 56 56 56 56 56 56 56 56 56 56 56 56 56 56 56 56 56 56 56 56 56 56 56 56 56 56 56 56 56 56 56 56 56 56 56 56 56 56 56 56 56 56 56 56 56 56 56 56 56 56 56 56 56 56 56 56 56 56 56 56 56 56 56 56 56 56 56 56 56 56 56 56 56 56 56 56 56 56 56 56 56 56 56 56 56 56 56 56 56 56 56 56 56 56 56 56 56 56 56 56 56 56 56 56 56 56 56 56 56 56 56 56 56 56 56 56 56 56 56 56 56 56 56
346 20
20 2 20 2 20 2 20 2 20 2 20 2 20 2 20 2 20 2 20 2 20 2 20 2 20 2 20 2 20 2 20 2 20 2 20 2 20 2 20 2 20 2 20 2 20 2 20 2 20 2 20 2 20 2 20 2 20 2 20 2 20 2 20 2 20 2 20 2 20 2 20 2 20 2 20 2 20 2 20 2 20 2 20 2 20 2 20 2 20 2 20 2 20 2 20 2 20 2 20 2 20 2 20 2 20 2 20 2 20 2 20 2 20 2 20 2 20 2 20 2 20 2 20 2 20 2 20 2 20 2 20 2 20 2 20 2 20 2 20 2 20 2 20 2 20 2 20 2 20 2 20 2 20 2 20 2 20 2 20 2 20 2 20 2 20 2 20 2 20 2 20 2 20 2 20 2 20 2 20 2 20 2 20 2 20 2 20 2 20 2 20 2 20 2 20 2 20 2 20 2 20 2 20 2 20 2 20 2 20 2 20 2 20 2 20 2 20 2 20 2 20 2 20 2 20 2 20 2 20 2 20 2 20 2 20 2 20 2 20 2 20 2 20 2 20 2 20 2 20 2 20 2 20 2 20 2 20 2 20 2 20 2 20 2 20 2 20 2 20 2 20 2 20 2 20 2 20 2 20 2 20 2 20 2 20 2 20 2 20 2 20 2 20 2 20 2 20 2 20 2 20 2 20 2 20 2 20 2 20 2 20 2 20 2 20 2 20 2 20 2 20 2 20 2 20 2 20 2 20 2 20 2 20 2 20 2 20 2 20 2 20 2 20 2 20 21
159 16
1 1 1 1 1 1 1 1 1 1 1 1 1 1 1 1 1 1 1 1 1 1 1 1 1 1 1 1 1 1 1 1 1 1 1 1 1 1 1 1 1 1 1 1 1 1 1 1 1 1 1 1 1 1 1 1 1 1 1 1 1 1 1 1 1 1 1 1 1 1 1 1 1 1 1 1 1 1 1 1 1 1 1 1 1 1 1 1 1 1 1 1 1 1 1 1 1 1 1 1 1 1 1 1 1 1 1 1 1 1 1 1 1 1 1 1 1 1 1 1 1 1 1 1 1 1 1 1 1 1 1 1 1 1 1 1 1 1 1 1 1 1 1 1 1 1 1 1 1 1 1 1 1 1 1 1 1 1 1
402 27
1 2 3 4 5 6 7 8 9 10 11 12 13 14 15 16 17 18 19 20 21 22 23 24 25 26 27 28 29 30 31 32 33 34 35 36 37 38 39 40 41 42 43 44 45 46 47 48 49 50 51 52 53 54 55 56 57 58 59 60 61 62 63 64 65 66 67 68 69 70 71 72 73 74 75 76 77 78 79 80 81 82 83 84 85 86 87 88 89 90 91 92 93 94 95 96 97 98 99 100 100 100 100 100 100 100 100 100 100 100 100 100 100 100 100 100 100 100 100 100 100 100 100 100 100 100 100 100 100 100 100 100 100 100 100 100 100 100 100 100 100 100 100 100 100 100 100 100 100 100 100 100 100 100 100 100 100 100 100 100 100 100 100 100 100 100 100 100 100 100 100 100 100 100 100 100 100 100 100 100 100 100 100 100 100 100 100 100 100 100 100 100 100 100 100 100 100 100 100 100 100 100 100 100 100 100 100 100 100 100 100 100 100 100 100 100 100 100 100 100 100 100 100 100 100 100 100 100 100 100 100 100 100 100 100 100 100 100 100 100 100 100 100 100 100 100 100 100 100 100 100 100 100 100 100 100 100 100 100 100 100 100 100 100 100 100 100 100 100 100 100 100 100 100 100 100 100 100 100 100 100 100 100 100 100 100 100 100 100 100 100 100 100 100 100 100 100 100 100 100 100 100 100 100 100 100 100 100 100 100 100 100 100 100 100 100 100 100 100 100 100 100 100 100 100 100 100 100 100 100 100 100 100 100 100 100 100 100 100 100 100 100 100 100 100 100 100 100 100 100 100 100 100 100 100 100 100 100 100 100 100 100 100 100 100 100 100 100 100 100 100 100 100 100 100 100 100 100 100 100 100 100 100 100 100 100 100 100 100 100 100 100 100 100 100 100 100 100 100 100 100 28
423 28
1 26 26 26 26 26 26 26 26 26 26 26 26 26 26 26 26 26 26 26 26 26 26 26 26 26 26 26 26 26 26 26 26 26 26 26 26 26 26 26 26 26 26 26 26 26 26 26 26 26 26 26 26 26 26 26 26 26 26 26 26 26 26 26 26 26 26 26 26 26 26 26 26 26 26 26 26 26 26 26 26 26 26 26 26 26 26 26 26 26 26 26 26 26 26 26 26 26 26 26 26 26 26 26 26 26 26 26 26 26 26 26 26 26 26 26 26 26 26 26 26 26 26 26 26 26 26 26 26 26 26 26 26 26 26 26 26 26 26 26 26 26 26 26 26 26 26 26 26 26 26 26 26 26 26 26 26 26 26 26 26 26 26 26 26 26 26 26 26 26 26 26 26 26 26 26 26 26 26 26 26 26 26 26 26 26 26 26 26 26 26 26 26 26 26 26 26 26 26 26 26 26 26 26 26 26 26 26 26 26 26 26 26 26 26 26 26 26 26 26 26 26 26 26 26 26 26 26 26 26 26 26 26 26 26 26 26 26 26 26 26 26 26 26 26 26 26 26 26 26 26 26 26 26 26 26 26 26 26 26 26 26 26 26 26 26 26 26 26 26 26 26 26 26 26 26 26 26 26 26 26 26 26 26 26 26 26 26 26 26 26 26 26 26 26 26 26 26 26 26 26 26 26 26 26 26 26 26 26 26 26 26 26 26 26 26 26 26 26 26 26 26 26 26 26 26 26 26 26 26 26 26 26 26 26 26 26 26 26 26 26 26 26 26 26 26 26 26 26 26 26 26 26 26 26 26 26 26 26 26 26 26 26 26 26 26 26 26 26 26 26 26 26 26 26 26 26 26 26 26 26 26 26 26 26 26 26 26 26 26 26 26 26 26 26 26 26 26 26 26 26 26 26 26 26 26 26 26 26 26 26 26 26 26 26 26 26 26 26 26 26 26 1
290 60
61 21 22 23 24 25 26 27 28 29 30 31 32 33 34 35 36 37 38 39 40 41 42 43 44 45 46 47 48 49 50 51 52 53 54 55 56 57 58 59 60 61 62 63 64 65 66 67 68 69 70 71 72 73 74 75 76 77 78 79 80 81 82 83 84 85 86 87 88 89 90 91 92 93 94 95 96 97 98 99 100 100 100 100 100 100 100 100 100 100 100 100 100 100 100 100 100 100 100 100 100 100 100 100 100 100 100 100 100 100 100 100 100 100 100 100 100 100 100 100 100 100 100 100 100 100 100 100 100 100 100 100 100 100 100 100 100 100 100 100 100 100 100 100 100 100 100 100 100 100 100 100 100 100 100 100 100 100 100 100 100 100 100 100 100 100 100 100 100 100 100 100 100 100 100 100 100 100 100 100 100 100 100 100 100 100 100 100 100 100 100 100 100 100 100 100 100 100 100 100 100 100 100 100 100 100 100 100 100 100 100 100 100 100 100 100 100 100 100 100 100 100 100 100 100 100 100 100 100 100 100 100 100 100 100 100 100 100 100 100 100 100 100 100 100 100 100 100 100 100 100 100 100 100 100 100 100 100 100 100 100 100 100 100 100 100 100 100 100 100 100 100 100 100 100 100 100 100 100 100 100 100 100 100 100 100 100 100 100 100
347 68
1 61 13 41 5 14 45 15 13 52 8 48 15 20 38 7 59 38 45 56 44 37 34 21 63 45 62 35 46 54 27 63 28 32 64 16 63 13 51 11 3 62 39 17 4 61 48 15 28 30 49 54 62 32 40 50 41 1 27 58 41 26 5 15 46 40 31 10 12 50 32 43 10 17 62 10 59 18 43 23 64 40 14 24 13 47 2 58 11 63 27 57 37 51 62 13 22 14 60 53 54 24 5 36 55 55 46 48 19 6 59 20 63 11 27 5 39 41 32 28 3 65 14 61 5 11 25 59 47 21 23 12 2 3 28 60 20 57 54 10 7 28 34 54 26 5 37 24 41 40 62 49 48 27 49 13 11 63 28 22 12 41 58 7 32 8 62 45 28 53 60 39 62 31 42 12 15 4 23 54 66 21 10 34 2 23 11 50 40 48 20 63 26 2 8 39 48 46 11 19 41 5 45 63 56 14 4 16 23 39 41 24 54 13 20 3 38 4 25 23 1 7 4 39 48 51 66 21 14 5 44 2 61 55 37 53 26 26 53 15 51 52 57 49 28 8 6 32 28 58 41 63 15 30 25 6 29 38 43 46 42 33 47 64 6 35 50 2 59 27 48 26 35 45 24 7 34 15 43 27 9 21 7 6 38 44 66 66 12 38 57 47 45 64 1 56 30 59 17 66 18 36 61 56 66 45 21 62 36 52 13 53 29 4 41 43 2 65 44 1 6 12 9 57 20 50 9 22 1 47 63 17 17 56 21 61 28 48 58 39 30 61 41 6 65 7 1
174 88
89 8 88 8 88 8 88 8 88 8 88 8 88 8 88 8 88 8 88 8 88 8 88 8 88 8 88 8 88 8 88 8 88 8 88 8 88 8 88 8 88 8 88 8 88 8 88 8 88 8 88 8 88 8 88 8 88 8 88 8 88 8 88 8 88 8 88 8 88 8 88 8 88 8 88 8 88 8 88 8 88 8 88 8 88 8 88 8 88 8 88 8 88 8 88 8 88 8 88 8 88 8 88 8 88 8 88 8 88 8 88 8 88 8 88 8 88 8 88 8 88 8 88 8 88 8 88 8 88 8 88 8 88 8 88 8 88 8 88 8 88 8 88 8 88 8 88 8 88 8 88 8 88 8 88 8 88 8 88 8 88 8 88 8 88 8 88 8 88 8 88 8 88 8
69 75
76 76 76 76 76 76 76 76 76 76 76 76 76 76 76 76 76 76 76 76 76 76 76 76 76 76 76 76 76 76 76 76 76 76 76 76 76 76 76 76 76 76 76 76 76 76 76 76 76 76 76 76 76 76 76 76 76 76 76 76 76 76 76 76 76 76 76 76 76
19 48
49 16 17 18 19 20 21 22 23 24 25 26 27 28 29 30 31 32 33
352 81
82 82 82 82 82 82 82 82 82 82 82 82 82 82 82 82 82 82 82 82 82 82 82 82 82 82 82 82 82 82 82 82 82 82 82 82 82 82 82 82 82 82 82 82 82 82 82 82 82 82 82 82 82 82 82 82 82 82 82 82 82 82 82 82 82 82 82 82 82 82 82 82 82 82 82 82 82 82 82 82 82 82 82 82 82 82 82 82 82 82 82 82 82 82 82 82 82 82 82 82 82 82 82 82 82 82 82 82 82 82 82 82 82 82 82 82 82 82 82 82 82 82 82 82 82 82 82 82 82 82 82 82 82 82 82 82 82 82 82 82 82 82 82 82 82 82 82 82 82 82 82 82 82 82 82 82 82 82 82 82 82 82 82 82 82 82 82 82 82 82 82 82 82 82 82 82 82 82 82 82 82 82 82 82 82 82 82 82 82 82 82 82 82 82 82 82 82 82 82 82 82 82 82 82 82 82 82 82 82 82 82 82 82 82 82 82 82 82 82 82 82 82 82 82 82 82 82 82 82 82 82 82 82 82 82 82 82 82 82 82 82 82 82 82 82 82 82 82 82 82 82 82 82 82 82 82 82 82 82 82 82 82 82 82 82 82 82 82 82 82 82 82 82 82 82 82 82 82 82 82 82 82 82 82 82 82 82 82 82 82 82 82 82 82 82 82 82 82 82 82 82 82 82 82 82 82 82 82 82 82 82 82 82 82 82 82 82 82 82 82 82 82 82 82 82 82 82 82 82 82 82 82 82 82 82 82 82 82 82 82 82 82 82 82 82 82 82 82 82 82 82 82
12 77
1 75 75 75 75 75 75 75 75 75 75 1
172 45
5 6 7 8 9 10 11 12 13 14 15 16 17 18 19 20 21 22 23 24 25 26 27 28 29 30 31 32 33 34 35 36 37 38 39 40 41 42 43 44 45 46 47 48 49 50 51 52 53 54 55 56 57 58 59 60 61 62 63 64 65 66 67 68 69 70 71 72 73 74 75 76 77 78 79 80 81 82 83 84 85 86 87 88 89 90 91 92 93 94 95 96 97 98 99 100 100 100 100 100 100 100 100 100 100 100 100 100 100 100 100 100 100 100 100 100 100 100 100 100 100 100 100 100 100 100 100 100 100 100 100 100 100 100 100 100 100 100 100 100 100 100 100 100 100 100 100 100 100 100 100 100 100 100 100 100 100 100 100 100 100 100 100 100 100 100 100 100 100 100 100 46
376 2
1 1 1 1 1 1 1 1 1 1 1 1 1 1 1 1 1 1 1 1 1 1 1 1 1 1 1 1 1 1 1 1 1 1 1 1 1 1 1 1 1 1 1 1 1 1 1 1 1 1 1 1 1 1 1 1 1 1 1 1 1 1 1 1 1 1 1 1 1 1 1 1 1 1 1 1 1 1 1 1 1 1 1 1 1 1 1 1 1 1 1 1 1 1 1 1 1 1 1 1 1 1 1 1 1 1 1 1 1 1 1 1 1 1 1 1 1 1 1 1 1 1 1 1 1 1 1 1 1 1 1 1 1 1 1 1 1 1 1 1 1 1 1 1 1 1 1 1 1 1 1 1 1 1 1 1 1 1 1 1 1 1 1 1 1 1 1 1 1 1 1 1 1 1 1 1 1 1 1 1 1 1 1 1 1 1 1 1 1 1 1 1 1 1 1 1 1 1 1 1 1 1 1 1 1 1 1 1 1 1 1 1 1 1 1 1 1 1 1 1 1 1 1 1 1 1 1 1 1 1 1 1 1 1 1 1 1 1 1 1 1 1 1 1 1 1 1 1 1 1 1 1 1 1 1 1 1 1 1 1 1 1 1 1 1 1 1 1 1 1 1 1 1 1 1 1 1 1 1 1 1 1 1 1 1 1 1 1 1 1 1 1 1 1 1 1 1 1 1 1 1 1 1 1 1 1 1 1 1 1 1 1 1 1 1 1 1 1 1 1 1 1 1 1 1 1 1 1 1 1 1 1 1 1 1 1 1 1 1 1 1 1 1 1 1 1 1 1 1 1 1 1 1 1 1 1 1 1 1 1 1 1 1 1 1 1 1 1 1 1 1 1 1 1 1 1
445 91
91 9 91 9 91 9 91 9 91 9 91 9 91 9 91 9 91 9 91 9 91 9 91 9 91 9 91 9 91 9 91 9 91 9 91 9 91 9 91 9 91 9 91 9 91 9 91 9 91 9 91 9 91 9 91 9 91 9 91 9 91 9 91 9 91 9 91 9 91 9 91 9 91 9 91 9 91 9 91 9 91 9 91 9 91 9 91 9 91 9 91 9 91 9 91 9 91 9 91 9 91 9 91 9 91 9 91 9 91 9 91 9 91 9 91 9 91 9 91 9 91 9 91 9 91 9 91 9 91 9 91 9 91 9 91 9 91 9 91 9 91 9 91 9 91 9 91 9 91 9 91 9 91 9 91 9 91 9 91 9 91 9 91 9 91 9 91 9 91 9 91 9 91 9 91 9 91 9 91 9 91 9 91 9 91 9 91 9 91 9 91 9 91 9 91 9 91 9 91 9 91 9 91 9 91 9 91 9 91 9 91 9 91 9 91 9 91 9 91 9 91 9 91 9 91 9 91 9 91 9 91 9 91 9 91 9 91 9 91 9 91 9 91 9 91 9 91 9 91 9 91 9 91 9 91 9 91 9 91 9 91 9 91 9 91 9 91 9 91 9 91 9 91 9 91 9 91 9 91 9 91 9 91 9 91 9 91 9 91 9 91 9 91 9 91 9 91 9 91 9 91 9 91 9 91 9 91 9 91 9 91 9 91 9 91 9 91 9 91 9 91 9 91 9 91 9 91 9 91 9 91 9 91 9 91 9 91 9 91 9 91 9 91 9 91 9 91 9 91 9 91 9 91 9 91 9 91 9 91 9 91 9 91 9 91 9 91 9 91 9 91 9 91 9 91 9 91 9 91 9 91 9 91 9 91 9 91 9 91 9 91 9 91 9 91 9 91 9 91 9 91 9 91 9 91 9 91 9 91 9 91 9 91 9 91 9 91 9 91 9 91 9 91 9 91 9 91 9 91 9 91 9 91 9 91 9 91 9 91 9 91 9 91 9 92
16 34
1 1 1 1 1 1 1 1 1 1 1 1 1 1 1 1
468 65
1 63 63 63 63 63 63 63 63 63 63 63 63 63 63 63 63 63 63 63 63 63 63 63 63 63 63 63 63 63 63 63 63 63 63 63 63 63 63 63 63 63 63 63 63 63 63 63 63 63 63 63 63 63 63 63 63 63 63 63 63 63 63 63 63 63 63 63 63 63 63 63 63 63 63 63 63 63 63 63 63 63 63 63 63 63 63 63 63 63 63 63 63 63 63 63 63 63 63 63 63 63 63 63 63 63 63 63 63 63 63 63 63 63 63 63 63 63 63 63 63 63 63 63 63 63 63 63 63 63 63 63 63 63 63 63 63 63 63 63 63 63 63 63 63 63 63 63 63 63 63 63 63 63 63 63 63 63 63 63 63 63 63 63 63 63 63 63 63 63 63 63 63 63 63 63 63 63 63 63 63 63 63 63 63 63 63 63 63 63 63 63 63 63 63 63 63 63 63 63 63 63 63 63 63 63 63 63 63 63 63 63 63 63 63 63 63 63 63 63 63 63 63 63 63 63 63 63 63 63 63 63 63 63 63 63 63 63 63 63 63 63 63 63 63 63 63 63 63 63 63 63 63 63 63 63 63 63 63 63 63 63 63 63 63 63 63 63 63 63 63 63 63 63 63 63 63 63 63 63 63 63 63 63 63 63 63 63 63 63 63 63 63 63 63 63 63 63 63 63 63 63 63 63 63 63 63 63 63 63 63 63 63 63 63 63 63 63 63 63 63 63 63 63 63 63 63 63 63 63 63 63 63 63 63 63 63 63 63 63 63 63 63 63 63 63 63 63 63 63 63 63 63 63 63 63 63 63 63 63 63 63 63 63 63 63 63 63 63 63 63 63 63 63 63 63 63 63 63 63 63 63 63 63 63 63 63 63 63 63 63 63 63 63 63 63 63 63 63 63 63 63 63 63 63 63 63 63 63 63 63 63 63 63 63 63 63 63 63 63 63 63 63 63 63 63 63 63 63 63 63 63 63 63 63 63 63 63 63 63 63 63 63 63 63 63 63 63 63 63 63 63 63 63 63 63 63 63 63 63 63 63 63 63 63 63 63 1
183 49
49 4 49 4 49 4 49 4 49 4 49 4 49 4 49 4 49 4 49 4 49 4 49 4 49 4 49 4 49 4 49 4 49 4 49 4 49 4 49 4 49 4 49 4 49 4 49 4 49 4 49 4 49 4 49 4 49 4 49 4 49 4 49 4 49 4 49 4 49 4 49 4 49 4 49 4 49 4 49 4 49 4 49 4 49 4 49 4 49 4 49 4 49 4 49 4 49 4 49 4 49 4 49 4 49 4 49 4 49 4 49 4 49 4 49 4 49 4 49 4 49 4 49 4 49 4 49 4 49 4 49 4 49 4 49 4 49 4 49 4 49 4 49 4 49 4 49 4 49 4 49 4 49 4 49 4 49 4 49 4 49 4 49 4 49 4 49 4 49 4 49 4 49 4 49 4 49 4 49 4 49 4 50
55 89
1 87 87 87 87 87 87 87 87 87 87 87 87 87 87 87 87 87 87 87 87 87 87 87 87 87 87 87 87 87 87 87 87 87 87 87 87 87 87 87 87 87 87 87 87 87 87 87 87 87 87 87 87 87 1
215 34
1 1 1 1 1 1 1 1 1 1 1 1 1 1 1 1 1 1 1 1 1 1 1 1 1 1 1 1 1 1 1 1 1 1 1 1 1 1 1 1 1 1 1 1 1 1 1 1 1 1 1 1 1 1 1 1 1 1 1 1 1 1 1 1 1 1 1 1 1 1 1 1 1 1 1 1 1 1 1 1 1 1 1 1 1 1 1 1 1 1 1 1 1 1 1 1 1 1 1 1 1 1 1 1 1 1 1 1 1 1 1 1 1 1 1 1 1 1 1 1 1 1 1 1 1 1 1 1 1 1 1 1 1 1 1 1 1 1 1 1 1 1 1 1 1 1 1 1 1 1 1 1 1 1 1 1 1 1 1 1 1 1 1 1 1 1 1 1 1 1 1 1 1 1 1 1 1 1 1 1 1 1 1 1 1 1 1 1 1 1 1 1 1 1 1 1 1 1 1 1 1 1 1 1 1 1 1 1 1 1 1 1 1 1 1
159 64
65 65 65 65 65 65 65 65 65 65 65 65 65 65 65 65 65 65 65 65 65 65 65 65 65 65 65 65 65 65 65 65 65 65 65 65 65 65 65 65 65 65 65 65 65 65 65 65 65 65 65 65 65 65 65 65 65 65 65 65 65 65 65 65 65 65 65 65 65 65 65 65 65 65 65 65 65 65 65 65 65 65 65 65 65 65 65 65 65 65 65 65 65 65 65 65 65 65 65 65 65 65 65 65 65 65 65 65 65 65 65 65 65 65 65 65 65 65 65 65 65 65 65 65 65 65 65 65 65 65 65 65 65 65 65 65 65 65 65 65 65 65 65 65 65 65 65 65 65 65 65 65 65 65 65 65 65 65 65
106 93
35 36 37 38 39 40 41 42 43 44 45 46 47 48 49 50 51 52 53 54 55 56 57 58 59 60 61 62 63 64 65 66 67 68 69 70 71 72 73 74 75 76 77 78 79 80 81 82 83 84 85 86 87 88 89 90 91 92 93 94 95 96 97 98 99 100 100 100 100 100 100 100 100 100 100 100 100 100 100 100 100 100 100 100 100 100 100 100 100 100 100 100 100 100 100 100 100 100 100 100 100 100 100 100 100 94
259 78
1 73 48 3 46 54 5 18 28 51 26 45 44 30 13 25 40 56 31 67 21 37 6 69 15 32 76 42 27 66 29 6 53 46 28 11 70 56 40 11 5 44 35 30 29 25 52 61 4 22 57 12 19 37 42 10 21 57 48 19 44 17 65 20 64 6 1 49 72 1 37 54 2 15 46 41 7 74 48 57 36 75 35 16 37 55 38 20 28 25 70 37 9 22 32 2 18 10 8 57 3 61 61 66 70 27 38 2 47 9 56 35 28 73 35 34 20 35 69 72 18 26 17 33 72 59 55 74 44 26 37 4 50 57 26 41 24 24 63 64 54 60 28 42 76 23 31 17 53 35 57 72 8 55 40 67 61 51 2 67 1 52 67 5 57 76 23 38 67 27 18 22 55 62 32 30 63 30 23 57 35 60 65 55 76 34 70 6 63 75 16 63 45 48 4 54 34 7 3 33 62 40 75 13 1 42 10 60 65 42 36 55 64 64 21 27 76 32 76 56 5 57 73 68 74 57 49 7 76 64 18 75 27 59 10 52 7 2 23 28 31 13 42 28 52 19 11 51 44 7 62 18 54 55 58 5 60 33 1
364 17
1 13 5 8 3 4 15 11 8 14 4 15 7 1 12 14 7 2 13 9 11 13 6 10 15 13 7 6 6 4 4 15 12 5 15 12 14 2 11 12 11 2 4 5 12 1 4 1 10 6 6 4 1 1 13 13 1 9 4 3 6 6 5 11 4 6 14 4 1 15 6 8 10 13 14 11 15 15 5 6 7 10 6 4 6 13 8 8 10 7 8 5 7 2 1 1 1 3 7 6 11 2 9 9 6 4 7 11 4 4 10 9 9 13 7 12 15 7 3 11 8 7 15 12 14 10 1 6 3 12 1 3 10 15 9 11 15 3 11 3 15 7 7 5 12 2 13 3 13 1 3 3 12 15 2 1 11 3 12 10 15 9 6 4 15 9 10 9 4 11 6 2 5 6 3 4 2 4 12 3 15 2 5 7 13 1 9 7 3 11 6 8 11 12 15 7 12 5 2 11 4 4 3 10 14 8 10 13 10 3 9 11 4 14 13 3 6 14 14 10 15 9 3 11 7 13 4 5 8 8 15 2 8 6 10 3 13 1 7 5 5 7 4 13 11 7 10 11 15 3 4 11 8 9 15 9 7 2 1 14 10 13 3 9 4 9 1 15 9 4 5 12 5 6 2 12 10 11 9 5 5 14 1 5 2 1 13 3 8 9 5 1 2 14 10 13 10 12 9 3 11 7 9 1 7 7 15 14 2 2 13 10 8 5 14 5 4 3 13 1 12 4 14 15 5 11 11 4 11 9 11 8 13 10 6 10 7 5 12 14 13 13 13 8 11 4 1 5 1 4 12 2 10 4 15 7 10 10 14 8 6 15 8 1
484 9
1 3 4 5 6 4 4 4 4 4 2 7 6 3 1 2 5 1 2 1 4 3 2 2 2 6 2 4 3 2 6 6 5 1 4 2 2 1 6 1 2 2 4 6 1 5 4 6 3 4 6 1 1 4 1 6 5 5 2 4 1 2 7 2 2 3 6 4 7 3 7 2 3 7 4 1 6 7 2 2 5 2 4 3 1 5 2 3 1 1 6 1 6 7 7 1 6 5 6 3 7 4 1 1 5 6 1 3 6 2 6 7 5 4 1 1 3 4 3 3 7 2 4 3 1 3 4 3 5 6 6 2 5 1 1 5 1 1 1 4 2 6 7 3 6 5 6 6 5 6 5 4 3 4 1 7 5 4 4 5 6 4 6 1 2 6 5 1 6 1 5 3 4 3 5 3 1 1 1 7 3 7 7 4 2 4 1 5 4 1 6 1 3 2 4 6 5 4 5 2 7 5 6 5 7 6 2 4 7 4 3 5 4 4 4 3 1 7 7 3 6 4 2 2 5 2 4 5 1 1 5 6 4 6 2 2 3 5 3 1 2 5 3 1 7 3 2 3 4 6 6 4 4 4 4 3 6 4 6 4 4 4 1 3 4 2 2 4 6 4 2 6 2 1 6 3 6 3 6 6 4 7 7 4 1 2 6 4 6 7 4 1 7 2 5 1 2 2 2 4 2 2 7 7 7 3 7 4 5 6 2 1 7 6 2 5 2 1 7 7 2 2 1 7 1 3 2 1 3 2 5 6 3 1 5 5 6 3 4 6 6 7 2 1 7 4 2 2 3 4 7 7 4 3 4 1 6 3 2 5 6 3 7 1 7 2 7 7 4 1 2 5 3 5 2 4 1 7 3 4 5 5 2 2 3 7 1 7 6 5 2 1 6 3 3 7 5 2 7 4 5 3 7 3 4 7 2 5 1 2 2 7 5 2 1 7 2 4 3 7 1 2 1 3 1 2 2 6 7 6 4 2 5 6 7 5 5 2 4 1 5 7 2 4 1 2 6 4 2 5 6 1 1 6 1 5 3 4 3 7 3 3 7 3 3 7 2 2 5 4 4 1 6 3 4 2 2 4 3 7 6 6 1 1
363 39
40 36 36 36 36 36 36 36 36 36 36 36 36 36 36 36 36 36 36 36 36 36 36 36 36 36 36 36 36 36 36 36 36 36 36 36 36 36 36 36 36 36 36 36 36 36 36 36 36 36 36 36 36 36 36 36 36 36 36 36 36 36 36 36 36 36 36 36 36 36 36 36 36 36 36 36 36 36 36 36 36 36 36 36 36 36 36 36 36 36 36 36 36 36 36 36 36 36 36 36 36 36 36 36 36 36 36 36 36 36 36 36 36 36 36 36 36 36 36 36 36 36 36 36 36 36 36 36 36 36 36 36 36 36 36 36 36 36 36 36 36 36 36 36 36 36 36 36 36 36 36 36 36 36 36 36 36 36 36 36 36 36 36 36 36 36 36 36 36 36 36 36 36 36 36 36 36 36 36 36 36 36 36 36 36 36 36 36 36 36 36 36 36 36 36 36 36 36 36 36 36 36 36 36 36 36 36 36 36 36 36 36 36 36 36 36 36 36 36 36 36 36 36 36 36 36 36 36 36 36 36 36 36 36 36 36 36 36 36 36 36 36 36 36 36 36 36 36 36 36 36 36 36 36 36 36 36 36 36 36 36 36 36 36 36 36 36 36 36 36 36 36 36 36 36 36 36 36 36 36 36 36 36 36 36 36 36 36 36 36 36 36 36 36 36 36 36 36 36 36 36 36 36 36 36 36 36 36 36 36 36 36 36 36 36 36 36 36 36 36 36 36 36 36 36 36 36 36 36 36 36 36 36 36 36 36 36 36 36 36 36 36 36 36 36 36 36 36 36 36 36 36 36 36 36 36 36 36 36 36 36 36 36
18 72
1 1 1 1 1 1 1 1 1 1 1 1 1 1 1 1 1 1
441 61
61 6 61 6 61 6 61 6 61 6 61 6 61 6 61 6 61 6 61 6 61 6 61 6 61 6 61 6 61 6 61 6 61 6 61 6 61 6 61 6 61 6 61 6 61 6 61 6 61 6 61 6 61 6 61 6 61 6 61 6 61 6 61 6 61 6 61 6 61 6 61 6 61 6 61 6 61 6 61 6 61 6 61 6 61 6 61 6 61 6 61 6 61 6 61 6 61 6 61 6 61 6 61 6 61 6 61 6 61 6 61 6 61 6 61 6 61 6 61 6 61 6 61 6 61 6 61 6 61 6 61 6 61 6 61 6 61 6 61 6 61 6 61 6 61 6 61 6 61 6 61 6 61 6 61 6 61 6 61 6 61 6 61 6 61 6 61 6 61 6 61 6 61 6 61 6 61 6 61 6 61 6 61 6 61 6 61 6 61 6 61 6 61 6 61 6 61 6 61 6 61 6 61 6 61 6 61 6 61 6 61 6 61 6 61 6 61 6 61 6 61 6 61 6 61 6 61 6 61 6 61 6 61 6 61 6 61 6 61 6 61 6 61 6 61 6 61 6 61 6 61 6 61 6 61 6 61 6 61 6 61 6 61 6 61 6 61 6 61 6 61 6 61 6 61 6 61 6 61 6 61 6 61 6 61 6 61 6 61 6 61 6 61 6 61 6 61 6 61 6 61 6 61 6 61 6 61 6 61 6 61 6 61 6 61 6 61 6 61 6 61 6 61 6 61 6 61 6 61 6 61 6 61 6 61 6 61 6 61 6 61 6 61 6 61 6 61 6 61 6 61 6 61 6 61 6 61 6 61 6 61 6 61 6 61 6 61 6 61 6 61 6 61 6 61 6 61 6 61 6 61 6 61 6 61 6 61 6 61 6 61 6 61 6 61 6 61 6 61 6 61 6 61 6 61 6 61 6 61 6 61 6 61 6 61 6 61 6 61 6 61 6 61 6 61 6 61 6 61 6 61 6 61 6 61 6 61 6 61 6 62
224 16
1 9 1 2 9 6 1 6 2 5 13 2 5 12 13 4 7 13 4 12 5 6 13 10 9 14 13 3 14 7 8 10 2 2 14 12 3 12 1 5 3 5 6 13 9 1 13 1 1 2 6 12 4 4 3 11 11 2 10 13 12 12 4 13 3 7 3 12 4 7 14 7 11 12 14 8 5 14 7 9 4 13 12 14 14 14 13 4 4 2 12 5 10 13 4 3 13 8 3 5 14 10 14 8 3 1 2 8 6 12 11 9 10 1 9 14 8 4 6 13 10 10 11 1 14 4 9 7 14 11 13 12 6 12 6 8 13 10 2 5 4 3 7 1 13 11 13 12 12 13 8 8 4 4 11 2 14 13 4 12 1 12 2 1 14 4 4 14 1 6 9 7 12 4 10 5 7 10 5 14 11 6 8 13 9 14 6 5 14 10 10 14 3 9 10 10 1 2 12 13 12 4 7 1 10 1 10 12 13 3 4 9 3 1 1 10 2 8 1 2 11 4 1 1
312 53
54 30 30 30 30 30 30 30 30 30 30 30 30 30 30 30 30 30 30 30 30 30 30 30 30 30 30 30 30 30 30 30 30 30 30 30 30 30 30 30 30 30 30 30 30 30 30 30 30 30 30 30 30 30 30 30 30 30 30 30 30 30 30 30 30 30 30 30 30 30 30 30 30 30 30 30 30 30 30 30 30 30 30 30 30 30 30 30 30 30 30 30 30 30 30 30 30 30 30 30 30 30 30 30 30 30 30 30 30 30 30 30 30 30 30 30 30 30 30 30 30 30 30 30 30 30 30 30 30 30 30 30 30 30 30 30 30 30 30 30 30 30 30 30 30 30 30 30 30 30 30 30 30 30 30 30 30 30 30 30 30 30 30 30 30 30 30 30 30 30 30 30 30 30 30 30 30 30 30 30 30 30 30 30 30 30 30 30 30 30 30 30 30 30 30 30 30 30 30 30 30 30 30 30 30 30 30 30 30 30 30 30 30 30 30 30 30 30 30 30 30 30 30 30 30 30 30 30 30 30 30 30 30 30 30 30 30 30 30 30 30 30 30 30 30 30 30 30 30 30 30 30 30 30 30 30 30 30 30 30 30 30 30 30 30 30 30 30 30 30 30 30 30 30 30 30 30 30 30 30 30 30 30 30 30 30 30 30 30 30 30 30 30 30 30 30 30 30 30 30 30 30 30 30 30 30 30 30 30 30 30 30
493 98
19 20 21 22 23 24 25 26 27 28 29 30 31 32 33 34 35 36 37 38 39 40 41 42 43 44 45 46 47 48 49 50 51 52 53 54 55 56 57 58 59 60 61 62 63 64 65 66 67 68 69 70 71 72 73 74 75 76 77 78 79 80 81 82 83 84 85 86 87 88 89 90 91 92 93 94 95 96 97 98 99 100 100 100 100 100 100 100 100 100 100 100 100 100 100 100 100 100 100 100 100 100 100 100 100 100 100 100 100 100 100 100 100 100 100 100 100 100 100 100 100 100 100 100 100 100 100 100 100 100 100 100 100 100 100 100 100 100 100 100 100 100 100 100 100 100 100 100 100 100 100 100 100 100 100 100 100 100 100 100 100 100 100 100 100 100 100 100 100 100 100 100 100 100 100 100 100 100 100 100 100 100 100 100 100 100 100 100 100 100 100 100 100 100 100 100 100 100 100 100 100 100 100 100 100 100 100 100 100 100 100 100 100 100 100 100 100 100 100 100 100 100 100 100 100 100 100 100 100 100 100 100 100 100 100 100 100 100 100 100 100 100 100 100 100 100 100 100 100 100 100 100 100 100 100 100 100 100 100 100 100 100 100 100 100 100 100 100 100 100 100 100 100 100 100 100 100 100 100 100 100 100 100 100 100 100 100 100 100 100 100 100 100 100 100 100 100 100 100 100 100 100 100 100 100 100 100 100 100 100 100 100 100 100 100 100 100 100 100 100 100 100 100 100 100 100 100 100 100 100 100 100 100 100 100 100 100 100 100 100 100 100 100 100 100 100 100 100 100 100 100 100 100 100 100 100 100 100 100 100 100 100 100 100 100 100 100 100 100 100 100 100 100 100 100 100 100 100 100 100 100 100 100 100 100 100 100 100 100 100 100 100 100 100 100 100 100 100 100 100 100 100 100 100 100 100 100 100 100 100 100 100 100 100 100 100 100 100 100 100 100 100 100 100 100 100 100 100 100 100 100 100 100 100 100 100 100 100 100 100 100 100 100 100 100 100 100 100 100 100 100 100 100 100 100 100 100 100 100 100 100 100 100 100 100 100 100 100 100 100 100 100 100 100 100 100 100 100 100 100 100 100 100 100 100 100 100 100 100 100 100 100 99
456 49
50 6 7 8 9 10 11 12 13 14 15 16 17 18 19 20 21 22 23 24 25 26 27 28 29 30 31 32 33 34 35 36 37 38 39 40 41 42 43 44 45 46 47 48 49 50 51 52 53 54 55 56 57 58 59 60 61 62 63 64 65 66 67 68 69 70 71 72 73 74 75 76 77 78 79 80 81 82 83 84 85 86 87 88 89 90 91 92 93 94 95 96 97 98 99 100 100 100 100 100 100 100 100 100 100 100 100 100 100 100 100 100 100 100 100 100 100 100 100 100 100 100 100 100 100 100 100 100 100 100 100 100 100 100 100 100 100 100 100 100 100 100 100 100 100 100 100 100 100 100 100 100 100 100 100 100 100 100 100 100 100 100 100 100 100 100 100 100 100 100 100 100 100 100 100 100 100 100 100 100 100 100 100 100 100 100 100 100 100 100 100 100 100 100 100 100 100 100 100 100 100 100 100 100 100 100 100 100 100 100 100 100 100 100 100 100 100 100 100 100 100 100 100 100 100 100 100 100 100 100 100 100 100 100 100 100 100 100 100 100 100 100 100 100 100 100 100 100 100 100 100 100 100 100 100 100 100 100 100 100 100 100 100 100 100 100 100 100 100 100 100 100 100 100 100 100 100 100 100 100 100 100 100 100 100 100 100 100 100 100 100 100 100 100 100 100 100 100 100 100 100 100 100 100 100 100 100 100 100 100 100 100 100 100 100 100 100 100 100 100 100 100 100 100 100 100 100 100 100 100 100 100 100 100 100 100 100 100 100 100 100 100 100 100 100 100 100 100 100 100 100 100 100 100 100 100 100 100 100 100 100 100 100 100 100 100 100 100 100 100 100 100 100 100 100 100 100 100 100 100 100 100 100 100 100 100 100 100 100 100 100 100 100 100 100 100 100 100 100 100 100 100 100 100 100 100 100 100 100 100 100 100 100 100 100 100 100 100 100 100 100 100 100 100 100 100 100 100 100 100 100 100 100 100 100 100 100 100 100 100 100 100 100 100 100 100 100 100 100 100 100 100 100 100 100 100
280 30
31 1 1 1 1 1 1 1 1 1 1 1 1 1 1 1 1 1 1 1 1 1 1 1 1 1 1 1 1 1 1 1 1 1 1 1 1 1 1 1 1 1 1 1 1 1 1 1 1 1 1 1 1 1 1 1 1 1 1 1 1 1 1 1 1 1 1 1 1 1 1 1 1 1 1 1 1 1 1 1 1 1 1 1 1 1 1 1 1 1 1 1 1 1 1 1 1 1 1 1 1 1 1 1 1 1 1 1 1 1 1 1 1 1 1 1 1 1 1 1 1 1 1 1 1 1 1 1 1 1 1 1 1 1 1 1 1 1 1 1 1 1 1 1 1 1 1 1 1 1 1 1 1 1 1 1 1 1 1 1 1 1 1 1 1 1 1 1 1 1 1 1 1 1 1 1 1 1 1 1 1 1 1 1 1 1 1 1 1 1 1 1 1 1 1 1 1 1 1 1 1 1 1 1 1 1 1 1 1 1 1 1 1 1 1 1 1 1 1 1 1 1 1 1 1 1 1 1 1 1 1 1 1 1 1 1 1 1 1 1 1 1 1 1 1 1 1 1 1 1 1 1 1 1 1 1 1 1 1 1 1 1 1 1 1 1 1 1 1 1 1 1 1 1 1 1 1 1 1 1
354 63
1 1 1 1 1 1 1 1 1 1 1 1 1 1 1 1 1 1 1 1 1 1 1 1 1 1 1 1 1 1 1 1 1 1 1 1 1 1 1 1 1 1 1 1 1 1 1 1 1 1 1 1 1 1 1 1 1 1 1 1 1 1 1 1 1 1 1 1 1 1 1 1 1 1 1 1 1 1 1 1 1 1 1 1 1 1 1 1 1 1 1 1 1 1 1 1 1 1 1 1 1 1 1 1 1 1 1 1 1 1 1 1 1 1 1 1 1 1 1 1 1 1 1 1 1 1 1 1 1 1 1 1 1 1 1 1 1 1 1 1 1 1 1 1 1 1 1 1 1 1 1 1 1 1 1 1 1 1 1 1 1 1 1 1 1 1 1 1 1 1 1 1 1 1 1 1 1 1 1 1 1 1 1 1 1 1 1 1 1 1 1 1 1 1 1 1 1 1 1 1 1 1 1 1 1 1 1 1 1 1 1 1 1 1 1 1 1 1 1 1 1 1 1 1 1 1 1 1 1 1 1 1 1 1 1 1 1 1 1 1 1 1 1 1 1 1 1 1 1 1 1 1 1 1 1 1 1 1 1 1 1 1 1 1 1 1 1 1 1 1 1 1 1 1 1 1 1 1 1 1 1 1 1 1 1 1 1 1 1 1 1 1 1 1 1 1 1 1 1 1 1 1 1 1 1 1 1 1 1 1 1 1 1 1 1 1 1 1 1 1 1 1 1 1 1 1 1 1 1 1 1 1 1 1 1 1 1 1 1 1 1 1 1 1 1 1 1 1 1 1 1 1 1 1
130 37
38 17 18 19 20 21 22 23 24 25 26 27 28 29 30 31 32 33 34 35 36 37 38 39 40 41 42 43 44 45 46 47 48 49 50 51 52 53 54 55 56 57 58 59 60 61 62 63 64 65 66 67 68 69 70 71 72 73 74 75 76 77 78 79 80 81 82 83 84 85 86 87 88 89 90 91 92 93 94 95 96 97 98 99 100 100 100 100 100 100 100 100 100 100 100 100 100 100 100 100 100 100 100 100 100 100 100 100 100 100 100 100 100 100 100 100 100 100 100 100 100 100 100 100 100 100 100 100 100 100
200 65
1 1 1 1 1 1 1 1 1 1 1 1 1 1 1 1 1 1 1 1 1 1 1 1 1 1 1 1 1 1 1 1 1 1 1 1 1 1 1 1 1 1 1 1 1 1 1 1 1 1 1 1 1 1 1 1 1 1 1 1 1 1 1 1 1 1 1 1 1 1 1 1 1 1 1 1 1 1 1 1 1 1 1 1 1 1 1 1 1 1 1 1 1 1 1 1 1 1 1 1 1 1 1 1 1 1 1 1 1 1 1 1 1 1 1 1 1 1 1 1 1 1 1 1 1 1 1 1 1 1 1 1 1 1 1 1 1 1 1 1 1 1 1 1 1 1 1 1 1 1 1 1 1 1 1 1 1 1 1 1 1 1 1 1 1 1 1 1 1 1 1 1 1 1 1 1 1 1 1 1 1 1 1 1 1 1 1 1 1 1 1 1 1 1 1 1 1 1 1 1
289 67
1 1 1 1 1 1 1 1 1 1 1 1 1 1 1 1 1 1 1 1 1 1 1 1 1 1 1 1 1 1 1 1 1 1 1 1 1 1 1 1 1 1 1 1 1 1 1 1 1 1 1 1 1 1 1 1 1 1 1 1 1 1 1 1 1 1 1 1 1 1 1 1 1 1 1 1 1 1 1 1 1 1 1 1 1 1 1 1 1 1 1 1 1 1 1 1 1 1 1 1 1 1 1 1 1 1 1 1 1 1 1 1 1 1 1 1 1 1 1 1 1 1 1 1 1 1 1 1 1 1 1 1 1 1 1 1 1 1 1 1 1 1 1 1 1 1 1 1 1 1 1 1 1 1 1 1 1 1 1 1 1 1 1 1 1 1 1 1 1 1 1 1 1 1 1 1 1 1 1 1 1 1 1 1 1 1 1 1 1 1 1 1 1 1 1 1 1 1 1 1 1 1 1 1 1 1 1 1 1 1 1 1 1 1 1 1 1 1 1 1 1 1 1 1 1 1 1 1 1 1 1 1 1 1 1 1 1 1 1 1 1 1 1 1 1 1 1 1 1 1 1 1 1 1 1 1 1 1 1 1 1 1 1 1 1 1 1 1 1 1 1 1 1 1 1 1 1 1 1 1 1 1 1 1 1 1 1 1 1
452 44
1 42 42 42 42 42 42 42 42 42 42 42 42 42 42 42 42 42 42 42 42 42 42 42 42 42 42 42 42 42 42 42 42 42 42 42 42 42 42 42 42 42 42 42 42 42 42 42 42 42 42 42 42 42 42 42 42 42 42 42 42 42 42 42 42 42 42 42 42 42 42 42 42 42 42 42 42 42 42 42 42 42 42 42 42 42 42 42 42 42 42 42 42 42 42 42 42 42 42 42 42 42 42 42 42 42 42 42 42 42 42 42 42 42 42 42 42 42 42 42 42 42 42 42 42 42 42 42 42 42 42 42 42 42 42 42 42 42 42 42 42 42 42 42 42 42 42 42 42 42 42 42 42 42 42 42 42 42 42 42 42 42 42 42 42 42 42 42 42 42 42 42 42 42 42 42 42 42 42 42 42 42 42 42 42 42 42 42 42 42 42 42 42 42 42 42 42 42 42 42 42 42 42 42 42 42 42 42 42 42 42 42 42 42 42 42 42 42 42 42 42 42 42 42 42 42 42 42 42 42 42 42 42 42 42 42 42 42 42 42 42 42 42 42 42 42 42 42 42 42 42 42 42 42 42 42 42 42 42 42 42 42 42 42 42 42 42 42 42 42 42 42 42 42 42 42 42 42 42 42 42 42 42 42 42 42 42 42 42 42 42 42 42 42 42 42 42 42 42 42 42 42 42 42 42 42 42 42 42 42 42 42 42 42 42 42 42 42 42 42 42 42 42 42 42 42 42 42 42 42 42 42 42 42 42 42 42 42 42 42 42 42 42 42 42 42 42 42 42 42 42 42 42 42 42 42 42 42 42 42 42 42 42 42 42 42 42 42 42 42 42 42 42 42 42 42 42 42 42 42 42 42 42 42 42 42 42 42 42 42 42 42 42 42 42 42 42 42 42 42 42 42 42 42 42 42 42 42 42 42 42 42 42 42 42 42 42 42 42 42 42 42 42 42 42 42 42 42 42 42 42 42 42 42 42 42 42 42 42 42 42 42 42 42 42 42 42 42 42 42 42 1
