26
599 4509
1509 9521 1030 3656 3656 3490 5321 8900 7980 9655 4025 3218 8217 8153 7950 4025 9346 3808 8153 4037 9346 7977 670 9346 4025 4377 1054 6044 3761 1627 8217 8153 4415 4025 1885 2250 3490 4025 1054 6044 1030 9521 3490 7950 9878 5321 398 9406 8080 7869 853 4667 7980 1004 5752 3761 4509 7977 4025 9521 9618 5321 9406 398 4620 1509 3044 8900 1054 670 1885 4665 9161 5752 9406 1054 9406 1509 1053 1030 8080 4415 8900 7980 2250 7977 8153 7869 5752 9346 1237 1627 6044 7950 8153 2095 4620 8153 7977 4620 4025 4048 4509 8153 9346 5321 3808 7370 3490 7370 4415 4665 7370 9618 853 8217 4037 5321 8900 9655 7869 4048 8080 5992 9655 2250 9878 9161 853 7370 4037 9878 2855 2855 2855 4037 2000 670 7977 2250 5107 9346 1004 2742 1627 2095 4377 1885 4377 7869 7977 5752 3808 2095 3761 4415 853 1627 4037 4665 4377 8153 3761 2742 9655 670 2742 4163 3044 1237 5752 7977 853 9803 439 4665 3808 5992 1054 3218 6044 3490 1237 5107 1053 8385 7370 9878 670 1030 7980 2250 3044 3656 9803 7950 4667 9161 9161 1885 4620 4025 7370 1030 4620 1053 4415 8385 8385 9618 4377 2095 439 9878 4037 1004 1054 2855 9161 2742 3656 9655 8080 7977 891 4665 1627 4620 8153 7869 3656 7370 9803 6044 2855 3656 1053 4037 670 7950 9346 8900 1509 9878 9878 4048 853 8217 9406 1054 5107 5107 2855 3761 8153 2095 7869 9161 9878 1030 3808 1054 9406 3656 8217 4509 2250 2000 3044 1237 9655 1627 4667 1053 398 1885 853 1237 1054 8080 9406 7977 4667 5752 4048 4048 2742 1885 4665 9346 2095 3490 1030 7370 4037 891 2742 1885 4665 1627 1054 4163 3761 4509 4620 8153 4377 9803 8385 7950 4048 4509 2742 4667 1004 7980 4025 8900 891 3490 9161 4037 9161 7869 3277 4377 1030 1509 8900 9878 3277 1509 4665 8153 8153 2095 4509 8900 9346 4025 7950 9406 7869 6044 4509 3656 4163 3808 4048 2742 8900 4620 3656 9803 2250 891 4509 8217 1885 9161 4163 9682 4620 3218 7977 4415 5992 1509 3761 1054 4620 9406 7977 5992 9346 8385 1054 1004 3044 398 7370 891 853 9161 1004 4667 7950 4415 9803 1885 439 9346 5107 4620 9521 9521 2095 9655 4163 8153 1004 1030 2855 5992 9803 5992 5992 2250 3490 5752 7977 9161 2095 398 3277 4667 9803 1053 8385 9346 9406 7977 398 2250 1885 670 2095 3656 853 4048 2095 9655 9406 7977 1053 4163 2855 8217 7869 8900 1627 8217 891 4509 2855 7977 439 5992 3044 7370 7370 4415 891 1030 9521 9878 8385 7869 8385 1885 8385 2742 7980 4415 1053 5321 9878 8385 891 1054 9406 1030 9682 5992 1237 2855 5992 2000 8153 891 4037 8385 2742 8217 2095 9406 9521 3218 7977 4037 1004 4665 1030 2855 8153 1054 7950 9521 3490 1509 1004 9521 5752 670 670 1237 8217 3277 9878 9682 3044 2000 670 5752 4620 853 1030 8900 4509 439 9161 8900 3490 9803 1237 4415 2095 4509 9406 891 9878 6044 2855 7977 5321 1237 3656 3044 3277 2855 1053 9682 2250 4415 6044 9655 8385 1030 5992 1885 2000 853 9878 4163 6044 5752 398 1053 8080 9161 9346 3761 5107 1885 4037 6044 5992 7869 6044 3044 2742 1054 2250 1053 4163 4163 4163 1509 8153 4163 8900 9655 4377 2855 9346 9618 4163 4025 4665 5321 9161 3277 4163 2000 2000 8900 2000 2095 5321
512 16429665
99592 99506 99348 98984 98568 98530 97394 97234 96790 96459 96291 96251 95935 95256 94935 94919 94866 94802 94797 94744 94566 94352 94186 93953 93790 93649 93613 93595 93050 92838 92482 92424 92114 91997 91964 91922 91881 91870 91860 91651 91269 91114 91102 91057 90661 90615 90542 90514 90482 90351 90057 89797 89735 89713 88723 88638 88495 88341 87775 87319 86867 86518 86486 86477 85871 85794 85780 85421 84721 84502 84346 84061 84054 83752 83408 83193 83034 83007 82636 82453 82435 82059 81997 81809 81457 81244 81233 81141 81054 81034 80970 80911 80686 80663 80636 80618 80589 80491 80174 80047 79710 79530 79520 78843 78733 78585 78397 77070 76640 76491 76463 76222 76144 76009 75980 75951 75414 75065 74994 74961 74766 74675 74388 73970 73707 73303 72916 72474 72086 72026 71982 71951 71847 71482 70783 70756 70746 70737 70352 69868 69587 69464 69354 69190 69087 67945 67400 67393 67338 67188 67107 66952 66836 66027 65870 65849 65747 65741 65435 65336 65306 65155 64994 64906 64652 64603 64427 64280 64096 64068 63879 63797 63290 62714 62713 62485 62242 62047 61941 61926 61685 61288 61278 61202 60606 60526 60451 60435 60338 60249 60230 59974 59881 59513 59414 59362 59263 59162 59148 59051 58625 58575 58538 58523 58439 58372 58042 57951 57515 57439 57320 57003 56883 56635 56593 56414 56246 55720 55385 55302 55075 54915 54544 53631 53462 53289 53143 53025 52869 52660 52642 52525 51983 51925 51337 51309 51245 50900 50821 50679 50626 50444 50221 50109 49841 49490 49349 49154 48727 48683 48483 48283 48240 48198 48027 46872 46799 46673 46660 46601 46585 46562 46421 46297 46211 46105 45786 45764 45538 45206 45165 44830 44822 44596 44464 44265 43641 43537 43419 43328 43199 42724 42666 42586 42574 42479 42225 42060 41700 41673 41635 40976 40637 40369 40214 40175 40124 40014 39871 39625 39372 39346 39283 39253 39251 39115 38910 38269 38223 38164 37690 37311 37255 37236 37200 36918 36891 36861 36680 36439 35671 35608 35602 35561 35549 35461 35448 34982 34923 34872 34694 33962 33745 33477 33433 33387 33230 32558 32331 32196 32159 31981 31842 31548 31440 31097 30694 30493 30298 30177 30112 30002 29900 29659 29601 29536 29457 29321 29283 29242 29081 28288 27844 27622 26567 26372 26124 26030 25996 25985 25468 25393 25240 24751 24720 24693 24669 24157 24051 23592 23589 23560 23262 23202 22674 22631 22573 22426 22308 22165 22123 21970 21731 21719 21382 21341 21235 21222 21115 20884 20531 20405 20165 20110 19890 19728 19613 19342 19190 19142 18809 18659 18569 18429 18380 18243 18232 18017 17886 17698 16882 16540 16313 16233 16149 16027 15890 15864 15752 15100 15050 14999 14702 14441 14426 14410 14379 14158 14003 13969 13724 13037 12856 12231 11965 11893 11553 11521 11463 11181 10725 10613 10576 10563 10524 10411 10025 9668 9496 8962 8844 8251 8215 8133 8086 7894 7870 7717 7710 7709 7125 7042 6986 6825 6548 6477 6406 6246 6073 5894 5440 5187 5157 5153 4840 4314 4311 4064 3615 3570 3479 3380 3334 3293 3213 2980 2931 2929 2812 2767 2730 2340 1945 1888 1161 876 756 620 454 274 244 132
224 33
7325 1976 1813 4402 7910 7325 1078 5664 7931 1078 7910 5664 7325 1813 1078 1078 3818 1976 6507 9573 4570 2511 3388 7910 3388 2858 1078 2392 734 382 7271 3818 1813 382 7271 2392 324 1976 324 324 7931 5664 734 1813 2511 324 1976 382 7354 1976 2392 5664 734 9573 5664 2511 7325 734 2511 1078 6507 9573 2511 3388 382 4288 7931 4402 7910 7931 7271 2511 1976 2858 7910 734 7325 2511 4288 3388 4288 7325 4288 4402 2392 7931 4570 6507 382 1078 7910 734 4402 7931 9573 7910 382 7325 3818 7271 6507 734 5664 1078 4288 2511 4288 3388 3818 6507 4402 7325 2858 7354 324 5664 7271 3388 1976 4402 6507 1078 734 324 324 7325 4402 6507 734 3388 2392 2392 1976 4288 7931 4288 382 7931 7931 1078 5664 9573 7354 382 4288 382 2858 4570 6507 2511 324 3388 4288 2392 324 734 324 3388 3388 6507 734 1976 7931 2392 9573 1813 9573 2858 734 7931 324 4402 4402 6507 9573 382 7354 3818 5664 6507 4402 3818 4288 7271 5664 6507 1976 4570 4402 382 1813 3388 4288 382 9573 1976 324 2858 4288 4288 6507 6507 1813 1813 734 734 4570 1813 3388 734 382 2392 2392 3818 1976 4570 3388 5664 7354 4402 2511 1078 7325 6507
218 9896315
99986 99871 99363 98682 98624 96351 94678 94544 94215 94128 93285 92756 92491 92157 91845 91772 91279 91040 89786 89679 89567 89488 89026 89019 88812 86587 86463 85805 83825 83567 83177 83008 82678 82529 82130 82064 81373 81170 81087 80984 80958 80645 80641 80260 79330 78992 78704 78445 76208 76148 75929 75725 74536 74281 73276 72898 72754 71814 71036 70853 70820 70797 69251 68955 68394 68259 67878 67824 67219 66849 66596 66452 66392 66219 66189 66162 66117 65835 65338 64622 64568 63758 63485 63069 62483 62251 62213 62005 61680 59793 58718 58151 57875 57618 57514 57386 57154 56719 56717 55939 55331 55201 54456 54298 52839 52403 51675 49896 49740 49467 48137 47933 47456 46997 46163 45494 42414 41927 41537 41033 40951 40665 40429 40084 39587 39502 39336 39024 37440 36878 35523 35407 35394 34638 33246 32213 31849 31736 31315 31168 30604 30286 29972 29923 29780 29622 28775 28750 28694 28574 28551 27937 26613 26299 25989 25923 25859 25814 25626 25482 25061 24816 24700 23505 23410 23376 21593 20777 20698 19931 19132 18611 16258 15899 15309 14505 14439 14361 14122 13430 13263 12594 12415 11925 11383 11362 11244 11191 10583 9685 9280 9064 8734 8711 8567 7991 7899 6899 5690 5515 5427 5129 5000 4218 4127 4005 3844 2999 2788 2579 2180 1890 1883 1400 1068 765 721 182
506 65876
99929 99080 99052 98782 98608 98498 98403 97902 97776 97735 97011 96739 96722 96649 96257 95564 95353 95337 95237 95094 93989 93591 93510 93018 92366 92324 92220 91946 91856 91561 90872 90757 90634 89891 89661 89655 89404 88487 87985 87706 87665 87591 87588 87336 87064 87061 87021 86858 86755 86394 85915 85741 85405 85363 85061 84840 84490 84315 83927 83784 83745 83306 83280 83225 83190 82915 82847 82718 82425 82076 81945 81798 81744 81177 81068 81064 80891 80822 80818 80361 79961 79930 79858 79453 79315 79289 78980 78972 78859 78629 78426 78260 78159 78128 77961 77944 77792 77699 77689 77627 77527 76879 76375 76102 75485 75406 75383 75358 75341 75307 74969 74622 74412 74341 74106 73882 73812 73514 73489 73399 73251 73206 72952 72626 72613 72138 71741 71620 71523 71038 70958 70735 70592 70421 70348 70118 69949 69893 69864 69821 69290 69200 69027 69006 68927 68360 68015 67924 67658 67529 67375 67091 66963 66646 66538 66391 65876 65818 65774 65704 65594 65528 65275 65236 65108 65096 65051 65010 64852 64499 64397 64228 64084 63923 63842 63703 63541 63456 63404 63350 63302 62840 62798 62434 62046 61898 61793 61733 61682 61679 61395 61388 61302 60946 60945 60886 60149 59816 59125 59067 57999 57791 57386 57202 57122 56401 56321 56208 56113 55957 55839 55648 55133 55097 55091 55073 54948 54666 54447 53960 53821 53801 53584 53106 52822 52705 52512 52263 52223 52220 52115 51963 51338 51332 51107 50811 50634 50610 50464 50379 50365 50309 50202 50059 49755 49290 49224 49079 48773 48739 48352 48318 48277 48202 47930 47870 47709 47656 47452 47356 47335 47163 47102 46808 46637 46109 46033 45661 45504 45207 45205 45015 44295 44183 43972 43847 43821 43740 43610 43520 43515 43335 43329 43301 43248 43167 43096 42899 42601 42371 42173 42117 41783 41309 40977 40911 40792 40759 40400 40385 40334 40173 39348 39227 38991 38981 38960 38702 38267 37952 37624 37480 37085 36988 36695 36616 36273 36008 35986 35935 35830 35731 35630 35125 34829 34749 34602 34512 34471 34390 34186 34109 33940 33868 33643 33338 33124 33081 33001 32897 32845 32686 32635 32585 32541 32339 32254 31237 30801 30701 30403 30401 30197 30030 29658 29581 29202 29016 29012 29010 28878 28688 28309 28304 28254 28213 28002 27385 27186 26886 26741 26712 26576 26169 25775 25145 24700 24603 24518 23891 22672 22656 22649 22624 22522 22474 22346 21937 21742 21676 21586 20988 20900 20205 20139 19925 19355 19292 18998 18857 18848 18639 18623 18277 17983 17965 17575 17370 17358 17268 17094 16668 15952 15938 15894 15835 15752 15719 15574 15566 15384 15290 15245 15041 14984 14876 14859 14356 14315 14238 14152 14088 13757 13493 13355 13229 13132 13103 12717 12701 12556 12532 12330 12163 11786 11670 11627 11607 11529 11283 11046 10907 10888 10727 10665 10415 10202 9939 9928 9602 9365 9301 9056 8655 8405 8336 8197 8149 7642 7527 7148 6643 6614 6598 6363 6346 5582 5287 4937 4721 4559 4543 4229 4020 3775 3444 2985 2981 2897 2854 2308 2237 2201 2172 1906 1725 1522 1452 1109 886 817 743 728 242 186 98
301 80066128
316297 349027 466967 332427 484540 391679 498849 149770 103821 289023 161788 101869 319903 286987 339714 259745 268577 115805 307256 62952 468227 121894 307089 383295 185910 203308 402322 233377 73984 110894 157799 457410 345153 109132 383342 8891 393826 48333 361599 137605 290554 47882 99018 342195 429878 289273 118835 136897 71369 424243 393141 227369 104856 233963 450241 121880 426982 1089 415130 438382 447373 294801 216656 235697 253543 39505 449010 176517 256197 468793 231636 405036 59730 6644 308287 254666 466579 351176 296685 181430 95305 499388 150920 438493 114068 23814 236163 308400 277754 212640 231870 334544 117293 313718 466702 326456 187151 307662 366713 84200 98196 225776 177767 329305 452807 171659 393341 473780 336315 23895 82163 31355 344749 440183 370714 269897 361850 204909 366811 383632 4954 451613 247178 212142 382296 1231 184906 108563 38790 362382 439197 219351 160419 99728 122365 31858 400300 109982 425299 246784 236431 9070 100268 292794 437673 3283 76837 487969 18134 23368 122974 242491 441552 418433 299984 294080 322064 107487 462538 221696 337882 483038 178255 3093 436622 148040 464148 350683 158283 116737 186475 344928 144723 132920 329376 167794 29356 152293 95633 84015 366039 482868 203425 299989 390697 412483 345896 496332 409823 289214 385898 406321 380064 456053 381400 312034 84446 487224 202870 390554 189472 247085 150209 400476 41765 398203 309196 255359 167458 242706 242247 1619 200282 36335 217785 400232 293154 325910 243566 414490 190849 173904 350904 5000000 432021 303890 402724 240289 365690 41568 54366 383002 295372 289347 27186 14352 5325237 15940 394360 134682 210923 497795 280125 267049 323432 356304 239079 63449 468921 238619 26965 484309 487045 339022 428194 194836 310485 46968 86406 372248 215060 24990 241901 165431 192006 128889 160834 211127 468267 456617 135009 59417 489875 274472 49881 465720 317930 108899 288509 195749 80333 38228 217469 146499 191443 298710 26556 333991 140912 364454 325149 335556 178635 230181 307632 92291 158088 345271 236152 24060 74836
135 223474
98943 98641 98249 98219 98149 97817 97168 96774 92424 92314 92266 91923 91321 91287 91205 89985 88302 88210 88077 87727 87157 86327 85618 83589 81967 78611 78306 73915 73766 73467 72758 72469 69768 68492 66783 66058 65815 65089 64930 64404 63269 63260 62503 62125 61759 60584 60378 59699 58171 57239 57071 55477 55457 55337 54560 52845 52545 52531 52412 52021 51528 51233 50201 49273 45377 44159 43778 42402 40904 40752 39763 39654 38482 37973 37788 36259 36128 35931 35905 35815 35132 31578 31267 30702 30366 29744 29435 28457 27226 27018 26526 25847 24000 22649 21341 20059 19920 19142 18981 18877 17400 16101 14493 13360 13352 13056 12907 12535 12308 12045 11618 11357 10665 9992 9919 9072 7744 7292 7216 7087 5392 5055 4769 4749 4581 4571 4553 4368 3406 2672 1665 1577 441 287 32
275 236331
392 598 1585 1987 3190 3258 3478 3817 4222 4430 4465 5551 5670 5884 6500 7163 7536 8096 8295 8906 9060 9317 9338 10117 10350 10365 10722 11033 11801 12052 12237 12987 13137 13442 13748 13885 14382 14509 14785 15051 15252 15346 16172 16329 16341 17135 17165 17764 18020 18749 19040 19151 19212 19869 19921 20656 20797 20995 21485 21583 21589 22596 22822 22879 23479 24672 24774 24828 25186 25671 26759 26926 27993 28196 28214 28259 28581 28768 29161 29590 29679 30406 30888 30927 31065 32647 32743 32807 33333 34840 35678 35916 36785 37266 37371 37550 37768 39046 39216 39436 40004 40438 40498 40877 41163 41561 41853 42378 42397 42637 43146 43350 43434 43564 44155 44223 44250 44292 44364 44748 45285 46507 46533 46753 46916 47269 47589 48071 48169 48195 48520 48593 48660 48732 48870 49384 50674 50743 50971 51200 51297 52212 52650 52955 52982 53117 53285 54524 54859 54934 55055 55298 55442 55604 56271 56678 57025 57137 58099 58232 58326 59197 59229 59434 59561 59831 59903 60073 60165 60483 61102 61292 61304 61384 61680 62677 63071 63433 63479 63491 63655 63989 64283 64402 66075 66876 67122 67232 68016 68199 68872 69481 69605 70232 70514 70880 71826 72564 73294 73399 74022 74106 74932 75145 75226 75361 75380 75857 75973 76061 76410 76488 77216 78476 79253 79753 79785 80225 80660 80690 80721 81069 82959 83269 84002 84457 84896 85160 85178 85583 85633 85883 86112 86204 86489 87766 87818 88154 88365 88714 88731 89107 89561 89614 89754 89891 89902 89968 91246 91634 91673 91861 92177 92376 92458 93256 93916 94494 94525 94632 94682 94914 94973 96410 96470 96533 96873 97023 97345 97673 98264 98578 98822 99255 99633
44 2469017
2660 6296 10488 13703 18165 31926 32681 33202 33235 33760 34156 36153 42048 43438 43680 46484 46713 46874 47098 59435 60045 61953 66897 67341 67736 67787 68387 68868 75777 76709 77403 81013 81159 83704 84771 85035 86861 86975 87337 87544 89075 92572 98705 99970
99 4211
5243 1747 1716 1716 7417 5243 1747 4020 9573 1747 3143 5243 7417 3143 1747 7417 4211 5243 3520 1716 3520 4020 4020 7417 4211 3520 1716 3520 1716 3143 1747 7417 5243 3143 5243 7417 1716 5243 4020 3520 1747 4020 1747 1747 5243 3143 3143 4020 3143 4211 1747 3143 7417 3143 3143 4211 1747 3520 7417 4020 4020 4020 7417 5243 1747 7417 1747 5243 9573 3520 1716 7417 9573 7417 1747 7417 5243 4020 7417 9573 4020 1747 5243 9573 4211 4211 5243 4020 4211 4020 4020 4211 5243 4211 1747 3520 3520 3143 7417
151 1
237117 465209 37807 335318 263833 474094 184114 59234 291147 53022 191250 339327 333686 45697 370522 79695 296138 329705 312241 182845 374371 252079 273355 358855 20579 131873 125026 224578 339886 346405 17580 379149 317267 392292 289169 80308 204552 398614 372798 215412 349317 256054 297156 217352 446511 153030 411831 351955 338248 320051 71677 443620 403706 365543 382883 258899 399502 368413 46288 157018 25391 183845 440812 116791 410332 401981 38649 445598 198266 303338 51388 6996 253434 399423 222499 495023 195542 390181 291075 27591 481063 86752 31129 321188 156945 185349 115488 234725 248969 232710 374414 120214 441853 437824 374985 499406 5395800 195215 140887 33971 129162 350026 414947 181252 428512 265662 207299 340013 388028 349335 228388 5000000 57383 279540 208892 52038 463327 427797 289849 389524 414235 19822 366726 11179 51537 493346 196746 399256 473436 441372 454970 154940 163699 168030 389049 372201 377579 426897 336603 338013 259991 377309 57457 470679 20397 113648 36795 111576 25523 144956 416425
72 45
256078 233198 70513 451400 380204 354425 472524 372956 460554 101241 99147 471554 233819 177430 286628 336767 140378 470279 73352 54549 98642 171974 131089 305249 295000 240437 482409 222043 318612 334885 79738 285661 468619 5863260 367581 488964 5000000 499922 262754 108372 228183 462006 83585 175857 47787 460000 196132 263431 12538 41508 294652 222204 109981 104681 324240 113102 20078 66080 286799 378295 402788 233234 216089 63252 420745 113659 116861 403443 372334 252344 220083 180860
99 197278
99850 97428 96552 96297 96076 94248 93555 93322 93101 91914 88076 87396 86643 82231 82140 80511 79786 79451 78828 78428 78129 77584 75376 74711 74357 73702 73448 72767 71522 70651 69738 69612 68713 68190 67112 66576 66244 65686 65581 65099 64399 63915 62272 61438 59098 58696 53390 51753 51711 50575 50110 49292 48738 48543 48482 48272 48183 43044 41349 39968 39535 39035 38008 37445 36483 36138 36111 35786 35571 35283 35157 34441 33923 32505 31155 30840 29389 25083 24749 21495 20808 20225 19182 19172 18198 15443 15008 12996 12238 10889 10501 9959 9624 8030 7090 4851 3858 2159 1405
133 407394
2318 202 3858 4745 2318 5100 103 5100 711 2329 9741 5100 4745 28 6827 202 3858 6100 6100 2329 5100 5100 4745 711 9741 9741 711 6827 2318 202 2329 9741 4745 6827 711 28 4745 4745 4745 2318 2318 2318 4745 6100 6100 4975 2318 202 5100 6100 2329 2329 2329 9741 6100 4975 103 711 2318 103 202 4975 3858 4975 6100 28 2318 4975 4745 3858 5100 711 5100 5100 202 2318 6100 6827 6827 2329 202 2318 9741 4975 3858 5100 202 103 3858 202 6100 4975 2329 4745 2318 2329 202 103 28 4975 103 2329 4975 3858 202 28 711 2318 6827 711 3858 3858 103 4745 711 3858 5100 28 202 202 3858 4745 711 202 3858 6827 2329 3858 4975 5100 711 2318 711
56 1431349
98977 98692 97117 96045 94304 93604 91340 89996 85198 84003 83640 83400 80924 78935 77694 75284 74745 72941 71736 71712 70300 70096 69881 69319 67993 67646 66701 65230 59889 59491 51052 50238 49533 49336 47921 46955 46847 45164 41013 39236 37858 32684 32323 31730 30337 28562 26992 26199 24017 20835 18132 12124 9851 6381 3926 2412
90 57
2602 3584 3713 5953 6601 6679 8652 8864 10227 11928 13222 14139 15948 16617 18482 19282 25900 26297 26929 28240 30233 31446 32390 32750 32814 33165 33739 36008 36880 37010 38826 39357 39650 43126 45502 45671 47277 47451 48101 49146 49575 49978 50022 51068 53108 53416 54090 55677 57076 60241 61461 61977 63106 63273 64022 64427 65087 65919 66959 72082 72192 72240 72410 75174 75344 75875 76801 77042 77132 79097 80784 86746 87228 87849 88824 89094 89660 92162 93180 93555 93593 94653 94895 96278 96402 96732 96921 97724 98434 98523
62 267536
1052 6028 1052 7675 3621 6028 3621 7675 7675 7675 6651 7675 6028 6651 6028 6651 6028 3621 1207 3621 6651 6651 3621 3621 1207 6028 6028 1052 7675 6028 1052 3621 3621 1207 7675 7675 1052 6651 6651 1052 6651 1052 7675 6651 7675 1052 1207 3621 1052 7675 7675 1052 1052 1207 1052 6028 6651 6028 6651 6651 6651 3621
7 3944800
2654749 4082727 304551 836371 9604217 1617004 9692233
4 1
5308360 491623 5000000 29513
25 20339
20023 20339 23403 24976 27211 34073 43580 44484 53328 55740 56058 59336 59408 59686 61039 61250 63945 65055 66288 71055 72790 78794 86768 92244 99705
38 309847989
1000000000 1000000000 1000000000 1000000000 1000000000 1000000000 1000000000 1000000000 1000000000 1000000000 1000000000 1000000000 1000000000 1000000000 1000000000 1000000000 1000000000 1000000000 1000000000 1000000000 1000000000 1000000000 1000000000 1000000000 1000000000 1000000000 1000000000 1000000000 1000000000 1000000000 1000000000 1000000000 1000000000 1000000000 1000000000 1000000000 1000000000 1000000000
9 416358
17576 29986 34338 37100 47061 49373 62593 63014 92322
31 386488
342137 200182 99688 361093 94072 359459 370480 446565 5000000 232988 5733664 120717 196900 286191 305095 73232 39774 183896 84493 134694 91373 299408 482539 170567 354168 84145 367667 481573 124253 157005 491669
10 570605985
1000000000 1000000000 1000000000 1000000000 1000000000 1000000000 1000000000 1000000000 1000000000 1000000000
2 1
1 1
92 40391791
779836 62466 605227 677342 652761 144712 110121 927061 500503 854180 224894 229860 693568 719598 612037 400213 681525 452346 869489 955056 765338 233101 119816 530597 500599 578355 615672 699069 627381 902726 809383 142795 464730 709334 286897 428633 9063 945892 824129 122151 970772 615327 176140 824617 64596 596180 284893 379521 900669 208586 641581 731298 102261 97653 551178 202940 462530 176635 978655 785580 664168 724572 890044 110524 226410 655751 191046 567365 263702 502554 271385 83080 264812 495432 362296 567148 294437 510668 61668 103691 639396 343831 505047 800887 494550 881242 728939 826571 392162 561135 864875 943060
