16
37 1
95 95 95 95 95 95 95 95 95 95 95 95 95 95 95 95 95 95 95 95 95 95 95 95 95 95 95 95 95 95 95 95 95 95 95 95 95
22 1
1 1 1 1 1 1 1 1 1 1 1 1 1 1 1 1 1 1 1 1 1 1
27 1
98118 93644 85947 82952 77447 73940 73618 70401 68554 67265 60914 47159 42634 38616 34860 32656 28645 26431 22713 21078 21053 20987 16990 16842 11586 9675 7367
29 24103619
6776315 9391970 7118165 9907554 130814 3562359 4563088 182693 6535294 2918538 9458537 4780519 4046563 5383201 841969 4751880 7627185 3670577 9332379 4332966 9118223 9271510 7204155 9482035 4805739 9690810 1764634 9244299 8090801
12 18108
7738 7738 7738 7738 7738 7738 7738 7738 7738 7738 7738 7738
14 183069
418 12442 19890 29089 30155 30993 32258 34208 55441 57309 61377 62643 87499 95570
6 35590135
8034575 1533539 7950799 6685350 8496527 4652938
14 563879
98237 91287 90195 88491 88096 75301 69001 49745 36386 34917 26967 19012 5659 79
13 1244
622 622 622 622 622 622 622 622 622 622 622 622 622
12 10435006
263077 5000000 449640 363960 246550 64962 209494 159700 5390855 230425 4746 455853
2 8730486
446048 8940581
8 11752553
162184 5154621 427134 211252 249018 491448 231763 5000000
6 20325775
151658 3459843 7040041 3360363 2688075 5241870
1 663
1107
3 153798
26148 63875 80820
24 4416835
543485 597942 508116 845636 530445 980856 935948 572226 680574 797068 772191 260531 971555 913542 795168 807025 740849 527406 879225 29487 434732 380135 641677 714442
