20
184 682803
2051 2234 2727 3456 3524 3716 4059 4522 4941 5349 7210 7855 8104 8111 8865 8900 9037 10196 10671 10994 11203 11779 12088 12165 12546 12766 12846 14544 15088 15115 15475 15788 16857 16868 18155 18413 18478 18681 19002 19179 19484 19754 20237 20724 21145 21945 22561 23072 23171 23178 23635 24447 24671 25239 28463 29091 30313 30342 30503 30786 30801 32858 35867 36371 36549 38323 39542 39934 40164 40581 41016 41793 41862 42050 42330 42360 42988 43606 44329 44600 45534 45873 46530 46965 47105 47569 49190 49478 49695 50430 51343 51640 51795 52385 52675 52961 53077 53260 53389 53932 54051 55204 55447 55580 55723 56223 56685 56705 56798 58444 58592 58603 59795 60197 60486 61715 61923 62325 63522 64043 64101 64277 64534 64771 64776 64815 65943 66081 66175 66213 68200 69708 70569 72353 72497 72783 73838 74020 74238 74699 74804 76545 77485 77511 78056 78507 78969 79757 81832 84201 84465 84490 85029 86260 87059 87807 88030 88310 88609 88979 90630 90722 90898 91265 91534 91772 91856 92064 92485 92665 92709 92882 93992 95099 95354 95580 95802 97017 98131 98904 99192 99638 99826 99872
105 8
1 1 1 1 1 1 1 1 1 1 1 1 1 1 1 1 1 1 1 1 1 1 1 1 1 1 1 1 1 1 1 1 1 1 1 1 1 1 1 1 1 1 1 1 1 1 1 1 1 1 1 1 1 1 1 1 1 1 1 1 1 1 1 1 1 1 1 1 1 1 1 1 1 1 1 1 1 1 1 1 1 1 1 1 1 1 1 1 1 1 1 1 1 1 1 1 1 1 1 1 1 1 1 1 1
64 1
97958 95931 92677 92240 89741 87000 85456 83287 81712 80544 79972 77137 75804 75570 72347 71774 70108 69957 66056 63309 62384 61601 61532 58965 56220 54509 53389 53187 52887 52561 50935 48683 45715 45365 44937 42694 40256 36994 36749 36537 35639 35044 35001 34860 33538 27747 27735 27182 26895 23801 22828 19503 19313 17628 16193 12809 10471 9058 8964 5235 2352 2133 1556 291
86 191126
3706 253 9769 3706 6368 6272 6383 6383 6272 3706 3706 6368 253 3233 3706 253 9769 253 253 7945 6383 7945 6383 6272 6383 7945 6272 9769 6272 6368 9769 253 9769 253 6272 9769 6368 253 6272 3233 9769 9769 6272 3706 3706 9769 7945 253 3706 253 6368 253 3233 9769 7945 253 6383 3233 3233 6272 6272 3233 253 3706 9769 6272 6272 6383 3706 6383 7945 6272 7945 6272 253 253 9769 6272 9769 9769 7945 6383 6272 9769 6368 7945
71 362691034
3282011 6047971 4909567 5819097 7945709 6142381 4449988 8644495 9075517 5302092 9764233 2044557 5072824 5372695 3101249 6785309 4095949 9737324 4501878 5326570 1381504 3055746 1196319 2424709 248432 6926981 8209112 1449347 7913230 6441373 3723745 154616 8157193 8759168 8529211 8100445 4231342 145080 8343723 9389891 5435705 6842769 7528995 1658644 1036779 9695192 1628799 5011665 7263293 9551540 6914482 2329089 3387400 8105857 2263101 3516789 5572480 4370292 249577 6625721 8155328 2761144 4712431 4903307 7377001 8521810 794228 28447 8701795 8172296 9016142
29 108501
4464 3458 4464 4464 3458 4464 3458 4464 4464 3458 3458 4464 4464 3458 4464 4464 4464 4464 3458 4464 4464 3458 3458 4464 4464 4464 3458 4464 3458
47 3
1 1 1 1 1 1 1 1 1 1 1 1 1 1 1 1 1 1 1 1 1 1 1 1 1 1 1 1 1 1 1 1 1 1 1 1 1 1 1 1 1 1 1 1 1 1 1
38 1000000000
1000000000 1000000000 1000000000 1000000000 1000000000 1000000000 1000000000 1000000000 1000000000 1000000000 1000000000 1000000000 1000000000 1000000000 1000000000 1000000000 1000000000 1000000000 1000000000 1000000000 1000000000 1000000000 1000000000 1000000000 1000000000 1000000000 1000000000 1000000000 1000000000 1000000000 1000000000 1000000000 1000000000 1000000000 1000000000 1000000000 1000000000 1000000000
23 17618
847 847 847 847 847 847 847 847 847 847 847 847 847 847 847 847 847 847 847 847 847 847 847
10 1
605 605 605 605 605 605 605 605 605 605
13 68022
5265 5265 5265 5265 5265 5265 5265 5265 5265 5265 5265 5265 5265
9 76
8696 8696 8696 8696 8696 8696 8696 8696 8696
7 25
7949 30754 47589 69800 74659 86532 95983
8 73997
9523 9523 9523 9523 9523 9523 9523 9523
12 19134697
7194472 1800562 7892922 8041562 6868075 803609 9475453 6243804 9659244 7526552 5350157 4210261
1 13
13
1 1
601
16 21628
9562 9562 9562 9562 9562 9562 9562 9562 9562 9562 9562 9562 9562 9562 9562 9562
7 69
3335972 3264432 1244209 348149 1720245 7132825 6200197
52 9867554
477850 146668 973174 655012 619306 890088 753643 235465 906416 208353 732081 425171 983749 868270 713083 756549 416940 69661 13155 292753 391044 527846 481335 780289 89709 807111 306966 506016 408834 644738 965734 494376 682677 812499 124407 550006 435346 410092 333615 465366 806773 627795 626892 70199 164566 607464 189336 74930 207396 521123 610858 673506
