15
36 2
1 1 1 1 1 1 1 1 1 1 1 1 1 1 1 1 1 1 1 1 1 1 1 1 1 1 1 1 1 1 1 1 1 1 1 3
91 150
151 19 20 21 22 23 24 25 26 27 28 29 30 31 32 33 34 35 36 37 38 39 40 41 42 43 44 45 46 47 48 49 50 51 52 53 54 55 56 57 58 59 60 61 62 63 64 65 66 67 68 69 70 71 72 73 74 75 76 77 78 79 80 81 82 83 84 85 86 87 88 89 90 91 92 93 94 95 96 97 98 99 100 101 102 103 104 105 106 107 108
93 27
1 1 1 1 1 1 1 1 1 1 1 1 1 1 1 1 1 1 1 1 1 1 1 1 1 1 1 1 1 1 1 1 1 1 1 1 1 1 1 1 1 1 1 1 1 1 1 1 1 1 1 1 1 1 1 1 1 1 1 1 1 1 1 1 1 1 1 1 1 1 1 1 1 1 1 1 1 1 1 1 1 1 1 1 1 1 1 1 1 1 1 1 1
49 187
188 18 187 18 187 18 187 18 187 18 187 18 187 18 187 18 187 18 187 18 187 18 187 18 187 18 187 18 187 18 187 18 187 18 187 18 187 18 187 18 187 18 187 18 187 18 187 18 187
48 181
181 18 181 18 181 18 181 18 181 18 181 18 181 18 181 18 181 18 181 18 181 18 181 18 181 18 181 18 181 18 181 18 181 18 181 18 181 18 181 18 181 18 181 18 181 18 181 182
78 128
129 12 128 12 128 12 128 12 128 12 128 12 128 12 128 12 128 12 128 12 128 12 128 12 128 12 128 12 128 12 128 12 128 12 128 12 128 12 128 12 128 12 128 12 128 12 128 12 128 12 128 12 128 12 128 12 128 12 128 12 128 12 128 12 128 12 128 12 128 12 128 12 128 12 128 12 128 12
25 25
26 22 17 10 1 5 15 4 24 9 23 16 13 9 20 9 2 7 15 11 14 6 10 24 10
54 191
49 50 51 52 53 54 55 56 57 58 59 60 61 62 63 64 65 66 67 68 69 70 71 72 73 74 75 76 77 78 79 80 81 82 83 84 85 86 87 88 89 90 91 92 93 94 95 96 97 98 99 100 101 192
21 21
1 19 19 19 19 19 19 19 19 19 19 19 19 19 19 19 19 19 19 19 1
2 130
100 30
91 119
1 117 117 117 117 117 117 117 117 117 117 117 117 117 117 117 117 117 117 117 117 117 117 117 117 117 117 117 117 117 117 117 117 117 117 117 117 117 117 117 117 117 117 117 117 117 117 117 117 117 117 117 117 117 117 117 117 117 117 117 117 117 117 117 117 117 117 117 117 117 117 117 117 117 117 117 117 117 117 117 117 117 117 117 117 117 117 117 117 117 1
21 93
27 27 27 27 27 27 27 27 27 27 27 27 27 27 27 27 27 27 27 27 94
19 108
109 36 35 34 33 32 31 30 29 28 27 26 25 24 23 22 21 20 19
26 40
1 1 1 1 1 1 1 1 1 1 1 1 1 1 1 1 1 1 1 1 1 1 1 1 1 1
88 83
6 41 42 6 19 13 35 68 20 3 9 23 43 46 11 12 10 7 76 64 62 8 44 19 6 13 80 25 23 81 7 68 18 9 51 18 53 21 51 43 62 4 62 27 49 46 51 82 56 61 63 47 52 80 75 80 18 33 60 56 28 46 44 13 35 36 43 66 61 40 71 79 62 32 2 56 58 30 41 40 46 73 22 9 71 82 35 84
