22
7 53883
8076 8076 8076 8076 8076 8076 8076
39 93
3135 3135 3135 3135 6000 6000 6000 3135 6006 6000 6006 3135 6000 6000 3135 3135 3135 3135 6000 6000 3135 3135 6006 3135 6006 6000 6000 6000 6006 6006 6000 3135 6000 6006 3135 3135 6000 6000 6000
77 1
937 937 937 937 937 937 937 937 937 937 937 937 937 937 937 937 937 937 937 937 937 937 937 937 937 937 937 937 937 937 937 937 937 937 937 937 937 937 937 937 937 937 937 937 937 937 937 937 937 937 937 937 937 937 937 937 937 937 937 937 937 937 937 937 937 937 937 937 937 937 937 937 937 937 937 937 937
148 1
6636328 5250011 8941847 3002968 3644930 1979057 3375067 3916031 5474179 1893056 3583095 1552616 2688456 1277579 8305663 3649058 4366980 3200322 1612469 8955438 4645562 9504692 9835140 4703719 76126 86373 7004018 7960645 9365702 7334536 489967 3982579 9476997 3450874 8776858 8879583 1967659 5042710 1294040 7049527 1887352 644041 830614 1123030 5009795 7181964 8489823 9806303 4529647 1173432 9019169 6315346 5652079 9678768 5859391 3176767 3971533 9056201 5672251 9227840 8748836 1631616 1829107 8715675 9343420 1632096 3593646 724831 74189 3401988 1712089 1554769 6760544 3425748 3490927 5865259 235012 8720223 4649479 8753649 8578448 3722714 3585625 1142050 5541428 5890027 8724849 9346552 433884 8376837 7141396 6558307 6276660 389309 4267830 1963145 4754838 4157287 4533142 690989 8776725 8384050 2965174 1844856 7796828 5225781 1580642 1189925 4394408 775326 3740986 8294065 3432385 1755511 3175362 8354650 8863401 1050265 898755 9378166 1826143 1230059 2672493 2666401 4851335 6275413 8242988 2704988 4060311 6702673 4639602 4656051 8459417 4017560 4766467 264920 2100388 5521300 6403573 2397656 3234179 4995420 9594059 9193586 6637201 2009544 6967428 5912502
77 193390
1356 3153 7495 9069 9609 9971 10670 11185 11207 11804 12106 14610 14649 16536 17759 18949 18955 19744 19880 21445 22890 23029 24540 25681 26290 28054 28865 30094 32498 33931 34625 36927 36981 38265 39284 39286 42391 42458 43274 47204 47862 48669 48772 48823 50599 50773 51742 53044 53087 53765 54936 54948 56929 58106 59520 61089 62385 62751 65102 68642 70259 71426 71797 72006 75742 77410 82789 83730 84168 84266 85071 89119 89404 90841 93000 96020 97370
73 624138476
1000000000 1000000000 1000000000 1000000000 1000000000 1000000000 1000000000 1000000000 1000000000 1000000000 1000000000 1000000000 1000000000 1000000000 1000000000 1000000000 1000000000 1000000000 1000000000 1000000000 1000000000 1000000000 1000000000 1000000000 1000000000 1000000000 1000000000 1000000000 1000000000 1000000000 1000000000 1000000000 1000000000 1000000000 1000000000 1000000000 1000000000 1000000000 1000000000 1000000000 1000000000 1000000000 1000000000 1000000000 1000000000 1000000000 1000000000 1000000000 1000000000 1000000000 1000000000 1000000000 1000000000 1000000000 1000000000 1000000000 1000000000 1000000000 1000000000 1000000000 1000000000 1000000000 1000000000 1000000000 1000000000 1000000000 1000000000 1000000000 1000000000 1000000000 1000000000 1000000000 1000000000
68 66
1 1 1 1 1 1 1 1 1 1 1 1 1 1 1 1 1 1 1 1 1 1 1 1 1 1 1 1 1 1 1 1 1 1 1 1 1 1 1 1 1 1 1 1 1 1 1 1 1 1 1 1 1 1 1 1 1 1 1 1 1 1 1 1 1 1 1 1
118 1000000000
1000000000 1000000000 1000000000 1000000000 1000000000 1000000000 1000000000 1000000000 1000000000 1000000000 1000000000 1000000000 1000000000 1000000000 1000000000 1000000000 1000000000 1000000000 1000000000 1000000000 1000000000 1000000000 1000000000 1000000000 1000000000 1000000000 1000000000 1000000000 1000000000 1000000000 1000000000 1000000000 1000000000 1000000000 1000000000 1000000000 1000000000 1000000000 1000000000 1000000000 1000000000 1000000000 1000000000 1000000000 1000000000 1000000000 1000000000 1000000000 1000000000 1000000000 1000000000 1000000000 1000000000 1000000000 1000000000 1000000000 1000000000 1000000000 1000000000 1000000000 1000000000 1000000000 1000000000 1000000000 1000000000 1000000000 1000000000 1000000000 1000000000 1000000000 1000000000 1000000000 1000000000 1000000000 1000000000 1000000000 1000000000 1000000000 1000000000 1000000000 1000000000 1000000000 1000000000 1000000000 1000000000 1000000000 1000000000 1000000000 1000000000 1000000000 1000000000 1000000000 1000000000 1000000000 1000000000 1000000000 1000000000 1000000000 1000000000 1000000000 1000000000 1000000000 1000000000 1000000000 1000000000 1000000000 1000000000 1000000000 1000000000 1000000000 1000000000 1000000000 1000000000 1000000000 1000000000 1000000000 1000000000 1000000000
38 3269
3269 3269 3269 9999 9999 3269 3269 3269 317 9999 3269 317 9999 3269 317 3269 3269 3269 9999 9999 3269 3269 3269 317 3269 317 317 9999 9999 317 317 317 317 9999 9999 317 3269 9999
10 95
89304 84760 83579 80384 79280 61284 43183 35455 20251 3015
58 24001885
2386555 9633863 4862620 2936318 7399420 8240103 6178629 7519610 4714351 9873797 6206430 290852 895139 2259496 5149153 6513787 7133647 5598035 1002393 6980562 9737420 3519645 8981748 7973121 8733721 694608 7859886 1639106 4108442 3770555 3573339 2687033 692838 3593217 698541 1317656 8820910 2909165 3809104 7139467 4710105 2692212 4994083 7203662 136303 4118505 7305282 4022836 8708058 5596956 1651183 283183 7708179 8744516 7389560 6085114 2926214 7790137
37 19856334
6981579 991312 2940267 4769965 7990455 72237 9055755 4964893 6560655 6748659 6233436 1302077 27444 3441725 3813248 1081177 5433502 8006529 974533 5591971 2258479 2743968 1934330 9926337 8269228 3670056 7322483 5217025 9929997 8452850 2478364 6829826 8138572 8572915 9289928 3526900 7406861
27 138468102
6321876 6527847 1416961 5789388 8555315 5714105 7550275 5790873 5381758 1674978 8170769 8554195 5583812 8157299 873778 4335026 5651328 8374388 3092271 6079045 6624106 2744270 6179691 6087383 1669082 6669213 7085724
45 84489
93599 89261 88937 88923 84489 81615 77119 76466 76243 74094 72529 72288 66751 66707 66390 64944 64118 62660 59905 58257 50952 45151 43747 41952 41231 35695 32589 31655 31464 30889 28765 26988 24261 21799 21110 19352 19283 18324 16839 13551 11378 9379 9149 8416 3969
8 1
751 751 751 751 751 751 751 751
36 17881359
6988437 7284857 7645560 7240454 1014095 174180 6758449 8372929 310103 3806734 6149842 9105498 5809644 4367612 8775861 1539592 2085616 133859 291649 923490 4527284 528813 1558903 5346471 1685039 2284568 5102134 2762077 4305564 2976401 104331 3693974 4523572 6990079 4190988 3269118
2 1000000000
1000000000 1000000000
1 3067113
3138718
5 11
5594966 79866 29787 5000000 325570
22 1
3051811 3150880 8436068 3480145 1817336 87293 6172207 3220432 7054883 6529951 1918981 3715691 2815156 861216 1735779 9898813 5816756 6356007 5973327 1957595 528812 5284342
26 356
178 178 178 178 178 178 178 178 178 178 178 178 178 178 178 178 178 178 178 178 178 178 178 178 178 178
150 68723151
273932 517502 288563 425167 682351 228738 973838 286154 839991 673678 429375 909834 107252 960081 945050 319500 244518 181726 342820 391387 196765 330046 946209 759569 414418 9879 273819 266093 116185 25027 395399 891367 63057 198121 7567 760231 580510 278061 980472 617789 795678 393888 443946 183921 863634 315896 845545 854771 271306 846194 389013 261037 19033 312478 160727 506700 480219 533908 212344 661684 795325 368897 566748 971969 65742 311301 968824 536089 62872 878352 168097 241 843670 562097 893667 492218 896015 2876 176368 862374 612007 931537 886206 92906 74306 517082 322761 807720 683770 483727 519384 845800 211406 950691 946272 662072 224838 209368 633709 84618 469840 575763 333111 944930 2593 294922 36833 416070 887023 701515 538653 788629 809657 72688 155562 621428 22523 867837 412802 594762 871319 191455 552044 180192 402422 585033 626389 572889 621558 439737 323960 862275 954489 103423 203886 654250 29918 550455 304440 274013 396172 339723 114416 595725 391573 614951 807575 788323 385858 101709
