31
16 3
1 1 1 1 1 1 1 1 1 1 1 1 1 1 1 1
171 90
90 90 90 90 90 90 90 90 90 90 90 90 90 90 90 90 90 90 90 90 90 90 90 90 90 90 90 90 90 90 90 90 90 90 90 90 90 90 90 90 90 90 90 90 90 90 90 90 90 90 90 90 90 90 90 90 90 90 90 90 90 90 90 90 90 90 90 90 90 90 90 90 90 90 90 90 90 90 90 90 90 90 90 90 90 90 90 90 90 90 90 90 90 90 90 90 90 90 90 90 90 90 90 90 90 90 90 90 90 90 90 90 90 90 90 90 90 90 90 90 90 90 90 90 90 90 90 90 90 90 90 90 90 90 90 90 90 90 90 90 90 90 90 90 90 90 90 90 90 90 90 90 90 90 90 90 90 90 90 90 90 90 90 90 90 90 90 90 90 90 90
12 53
4131 4131 4131 4131 4131 4131 4131 4131 4131 4131 4131 4131
4 16101
7034 7034 7034 7034
8 265702
99397 87871 86295 83769 75888 44008 32766 27927
11 203138
1678 10658 11948 29662 33246 40274 61862 70428 73937 88610 95348
8 8
1 1 1 1 1 1 1 1
13 1
7274 7274 7274 7274 7274 7274 7274 7274 7274 7274 7274 7274 7274
25 22534
925 925 925 925 925 925 925 925 925 925 925 925 925 925 925 925 925 925 925 925 925 925 925 925 925
17 104037015
6107809 8155656 7366243 8718217 8496183 9516522 8116200 3355906 399615 5088506 2030463 8696161 9916848 885185 7318895 9165543 4380776
3 205863
56665 73734 80097
11 12099126
5000000 161691 106260 199795 87970 64120 222870 5512724 298927 108336 388819
3 1
23050 24800 79611
11 86
1118969 4809943 4420825 3969107 6168354 3592062 3002913 8991866 9472967 5323268 2846242
13 4
1000000000 1000000000 1000000000 1000000000 1000000000 1000000000 1000000000 1000000000 1000000000 1000000000 1000000000 1000000000 1000000000
14 1
4977 4977 4977 4977 4977 4977 4977 4977 4977 4977 4977 4977 4977 4977
6 9104
9104 9104 9104 9104 9104 9104
6 12521546
219811 5000000 179196 111764 102910 5659084
6 37111581
5934988 8867389 6172163 9245814 565541 8314269
2 61
61 61
4 15328469
1360666 6138071 8895197 6433272
3 38
46999 31537 20263
1 9892
9888
4 4
1 1 1 1
5 10781402
184493 5000000 63899 5719655 35687
1 907805706
1000000000
4 306187
47644 81260 88518 89957
4 1
1 1 1 1
4 31
5858438 4094824 16502 3665672
3 10982202
5615829 5000000 29623
8 4417359
822151 837824 596813 176094 818367 2475 733342 699093
