30
54 250125443
7677778 5509272 6242759 1585239 2682999 1826902 9371031 9349537 4376123 6359544 774590 3165679 6495111 607578 1615861 8105722 2430160 3970658 377784 2987398 8125675 8127815 5673724 9640281 6050043 278892 1984944 5085818 3437030 3259354 5509839 5572569 9477660 6154568 9169061 9250289 9368971 8635485 6408837 4597101 3954444 4134823 2170529 2963187 6872277 6880165 654074 2524393 6317804 9527466 1286407 7988025 255466 5810561
77 212503
580 640 2100 2124 2480 2664 2799 5317 6070 9930 10908 11357 11546 13956 15117 23704 24078 24126 24494 27883 28322 29178 29845 30119 30704 32608 36256 37163 38326 39062 39099 39322 39973 40870 43239 44197 46515 48256 49846 49901 50506 50753 51012 55108 55273 56783 61801 62005 62256 62845 63214 63632 65743 66758 69186 71009 72135 72404 75713 75969 77511 78005 78411 78597 79412 80415 84207 84760 86633 87625 88159 89089 91414 95907 96598 97503 98615
66 24652575
133148 6339 408019 269955 302312 119898 5000000 222204 183783 15898 151316 162800 460223 284900 358441 344455 222022 155405 182133 314489 299802 133287 328516 227388 418385 413267 474893 443992 82095 129335 457316 5276467 455274 84422 135919 83468 243708 364129 121906 188439 79355 468563 19137 268129 395565 472854 424308 295748 190283 143829 182007 91471 370370 118869 390895 14180 184490 162060 93811 335853 338204 464673 331230 105850 441575 232416
6 11537286
5454066 5000000 313586 321885 330036 90145
45 1000000000
1000000000 1000000000 1000000000 1000000000 1000000000 1000000000 1000000000 1000000000 1000000000 1000000000 1000000000 1000000000 1000000000 1000000000 1000000000 1000000000 1000000000 1000000000 1000000000 1000000000 1000000000 1000000000 1000000000 1000000000 1000000000 1000000000 1000000000 1000000000 1000000000 1000000000 1000000000 1000000000 1000000000 1000000000 1000000000 1000000000 1000000000 1000000000 1000000000 1000000000 1000000000 1000000000 1000000000 1000000000 1000000000
44 18143
1990 4537 4537 1990 4537 8528 2861 4537 2861 8528 1990 2861 1990 4537 2861 8528 1990 1990 1990 4537 1990 2861 4537 4537 4537 4537 1990 1990 4537 1990 8528 2861 1990 2861 2861 8528 8528 2861 4537 8528 4537 8528 2861 4537
8 428983
222659 428983 5000000 390866 274317 157823 5852 5041699
16 332043
90639 90187 88717 85970 75798 63689 61413 56054 52778 51138 32189 26965 7821 4398 4225 3573
9 241395
241395 375415 8141094 5824765 5204197 4517749 6369997 896349 7856361
25 18746221
29024 9170080 4997689 468409 7177928 4929760 8676549 2169613 4351709 7815150 9164971 9576141 3984181 5925301 1796941 2783 1617369 9047319 6093526 8809578 8127453 5590513 2577347 1639162 6212830
21 1
1000000000 1000000000 1000000000 1000000000 1000000000 1000000000 1000000000 1000000000 1000000000 1000000000 1000000000 1000000000 1000000000 1000000000 1000000000 1000000000 1000000000 1000000000 1000000000 1000000000 1000000000
33 796
796 796 796 796 796 796 796 796 796 796 796 796 796 796 796 796 796 796 796 796 796 796 796 796 796 796 796 796 796 796 796 796 796
26 11445189
129831 268127 295480 425090 98019 74718 31105 5165945 292667 387439 197947 247529 300440 15921 394025 290985 491925 22594 64555 289241 243557 285718 347141 482621 382229 5000000
7 300443
3898 16304 40985 49039 49653 78614 90395
11 3
1 1 1 1 1 1 1 1 1 1 1
5 2
606 606 606 606 606
10 889
889 889 889 889 889 889 889 889 889 889
12 55358
8189 14194 22529 25952 50496 55358 73313 73940 79181 85601 91197 98038
1 63735
63735
6 19486452
983712 1261152 3605782 7558664 920563 6334605
6 11022142
173310 98150 263525 5311317 364529 5000000
8 1000000000
1000000000 1000000000 1000000000 1000000000 1000000000 1000000000 1000000000 1000000000
6 205336
96146 94158 62900 59753 22641 3725
2 69940
69940 87232
5 211834
20102 29780 73248 83849 86265
4 271134
28669 68175 96762 97052
1 10354
11218
4 20564
81665 69497 52616 27089
4 658
308 308 308 308
6 1341405
355201 480500 26299 165064 356325 220796
