14
279 1
1 1 1 1 1 1 1 1 1 1 1 1 1 1 1 1 1 1 1 1 1 1 1 1 1 1 1 1 1 1 1 1 1 1 1 1 1 1 1 1 1 1 1 1 1 1 1 1 1 1 1 1 1 1 1 1 1 1 1 1 1 1 1 1 1 1 1 1 1 1 1 1 1 1 1 1 1 1 1 1 1 1 1 1 1 1 1 1 1 1 1 1 1 1 1 1 1 1 1 1 1 1 1 1 1 1 1 1 1 1 1 1 1 1 1 1 1 1 1 1 1 1 1 1 1 1 1 1 1 1 1 1 1 1 1 1 1 1 1 1 1 1 1 1 1 1 1 1 1 1 1 1 1 1 1 1 1 1 1 1 1 1 1 1 1 1 1 1 1 1 1 1 1 1 1 1 1 1 1 1 1 1 1 1 1 1 1 1 1 1 1 1 1 1 1 1 1 1 1 1 1 1 1 1 1 1 1 1 1 1 1 1 1 1 1 1 1 1 1 1 1 1 1 1 1 1 1 1 1 1 1 1 1 1 1 1 1 1 1 1 1 1 1 1 1 1 1 1 1 1 1 1 1 1 1 1 1 1 1 1 1 1 1 1 1 1 1 1 1 1 1 1 1 1 1 1 1 1 1
126 27
195662 109992 317910 380619 417647 131070 333082 466310 243370 120843 275081 91902 250609 375880 133933 335558 51379 36684 259906 163940 448709 5000000 483388 373434 282352 493558 23944 1708 488635 267812 415749 489556 427058 309237 77981 440154 372981 160848 204172 178829 481699 242029 141721 282982 14112 168170 92950 108425 292824 182964 261728 200708 146348 276833 211128 349548 318750 205462 9961 169397 390213 430110 417606 155660 9298 175417 70206 250891 38036 302620 88949 308098 289165 235443 3965 104530 282288 338990 25723 276609 335645 499291 394794 390382 399990 281925 91925 83656 415159 187659 398460 386710 345898 440009 321500 484126 34480 292019 373168 227215 5399852 409013 258095 424112 2061 394390 251678 227343 90091 346283 86910 495483 259928 207523 345552 65730 186699 483546 474940 432018 341188 416823 387250 408077 131000 457884
405 109510261
65707 488449 172164 408885 453853 112549 433586 3968 380928 440079 99419 246794 384683 75710 373223 78429 493020 4544 280322 142721 379351 484254 480717 348833 412575 363332 470068 226723 451321 11647 163648 170234 189374 239168 404611 233481 81923 430678 306485 406336 53796 371787 218712 465379 40384 302866 93560 379858 410083 485560 276200 398911 96722 457629 339524 199583 152402 380573 383556 230747 35991 77401 410353 284818 38789 32583 484879 63553 219174 76074 417629 247954 289650 99204 311179 6470 160230 140222 375840 367732 442378 78422 250202 271834 242488 91285 265809 392820 334114 14276 239455 445911 301636 397297 121209 323840 264000 177889 107477 386626 452911 59277 50802 170191 60329 117718 254758 168185 150658 418138 241008 341357 182414 179029 370197 225948 224301 74584 149124 29455 194025 55317 19174 346093 186394 315322 183627 308890 22697 162339 278921 433006 434564 285476 267615 320778 385399 339989 257532 210324 23895 338558 301221 376018 302697 422343 135051 251807 258649 43558 5000000 52669 147342 420335 428077 337099 14375 137017 387919 225732 468832 466319 246144 83800 400300 346744 457058 72234 386705 1635 223782 88870 219398 27841 23260 59556 329255 300380 420937 426998 263061 454040 422842 106098 146822 52309 24158 334127 9688 22013 345501 159035 360745 16582 401999 499494 144060 376712 40455 443641 242448 181902 380255 324954 2553 5200634 338975 75009 465676 37546 177141 241012 123667 215876 110054 424998 439316 12658 437967 275887 408745 111358 193294 347503 244365 134420 103170 176253 93321 267504 220203 133099 327810 228671 364461 174801 461519 82944 80461 90329 311112 354586 170991 349519 441878 433758 12569 405486 412705 189751 353822 181819 471386 243874 262018 459025 359056 476703 141936 494193 46870 264100 376501 186620 24926 338496 230465 433116 458153 230666 283563 9019 469790 92284 356149 301444 68863 104681 190959 357994 470298 336055 343129 56422 109900 196270 303752 200230 114572 136595 216382 60762 182820 30288 461358 187925 129148 344349 63637 179269 301537 143273 283850 437388 18712 132137 135081 146889 74214 36907 248626 420583 130921 371526 398604 302818 258181 250335 139709 98261 218406 182623 320985 51223 161044 405293 402015 410223 120033 160338 178266 268422 171389 326214 302152 174728 94007 168529 178771 60088 334626 257161 343016 440479 250565 211416 331472 408600 253626 492449 246433 51347 128405 365477 484323 337732 342568 237485 220142 169542 456444 156877 321750 231821 371872 396938 260690 345641 329371 58214 439458 79334 153296 491654 217094 469174 491494 40057 214869 129361 373203 6326 406639 276462 468376 149527 226838 417369 486696 176077 463984 160132 360672 275422 268000 417188 434658 323530 361390 260556 483708 308900 426218 456691 140106
262 1000000000
5458679 3503363 4554029 2724888 3240475 8550224 5615067 5802764 3269425 6830135 3160252 840582 5311845 4928257 2822060 3059641 8267222 3200685 6344491 6850331 1413737 8316235 247206 4177014 1751986 9715214 5949337 1754656 593261 9477882 5291056 3215560 136931 4596959 4347699 2400914 5569948 8598482 7395853 9541636 2888108 264970 394011 3943558 4924034 3019417 4968851 9941395 539518 2243202 423194 8986172 2931268 8680872 4497830 414310 2549871 4849857 5030575 8540046 6937797 4588806 1767633 7410523 6817424 8945238 8410651 6075257 1032359 7251554 8846100 1868770 6119372 7590298 3355826 2892244 8985732 8091303 7581608 111304 5163650 2721926 441641 2993218 7559653 1743058 8903739 75362 9791352 9501584 1990463 1543168 5488778 589013 5326296 2193499 3832598 2575748 1138236 6612222 9191638 3033291 398007 7418250 3908287 8532624 287650 7191566 9633869 9464422 1101669 8416110 2419451 9409146 445125 7489629 2793362 7851687 4924782 9025387 1684884 8678393 8866894 9866979 3061896 9982702 7651501 2120868 7707379 9956075 4826384 9246373 361902 4263564 6562786 3288462 8665274 7253085 2020242 9623857 4128343 7292008 1825930 6763395 3983763 8781384 6527472 8576733 2092983 6947678 3325691 6576348 6983643 4674342 3128847 8868918 6511546 8199052 4118641 5755891 8103527 601672 2125988 2595937 9593005 3474136 7143602 1730767 5996512 4923494 6202933 2714132 6595817 8422744 9888298 83510 834093 1938136 111707 3990126 8691558 9538706 5997421 6348488 385614 2543230 8306692 21947 2307923 9851783 2664793 5825869 6740595 2548597 46065 6582279 2469271 7553999 9945658 2788901 7020812 2452920 3835842 6680724 9261271 2451337 7170888 2581915 1435486 8906939 3510483 5411591 3744612 8437000 4514957 733974 4510974 7483261 1221287 9929131 5650051 5563899 2025020 6520491 3389504 9162944 2421509 448531 6909874 8110175 9190891 8180898 7172240 5781221 9489048 4044845 4802850 789567 93791 1750119 7772789 9071920 6023512 7886565 7523016 4853519 7487365 5103525 1794261 1509738 6959522 8680879 8903035 4414439 9957233 6968943 324083 1956312 1934705 1055013 9778850 2180027
5 5315452
2247001 829977 298023 2554762 1950009
8 1000000000
1000000000 1000000000 1000000000 1000000000 1000000000 1000000000 1000000000 1000000000
168 1
99161 97094 96690 96523 96425 96336 94915 94359 93423 92964 92452 91704 90661 89715 89314 89212 89012 88945 88691 87759 87346 86425 86341 85647 85411 85341 85143 84657 84236 84207 82343 81688 81656 81592 79656 79578 79289 78786 78700 75543 74770 73778 73055 71808 71536 71532 71414 70731 69881 69316 68701 68217 68008 66454 65458 64853 64510 64508 63738 63510 63087 62806 61869 61542 61381 60851 60344 59980 59590 59536 58599 56798 56526 56256 55606 55318 54016 53804 53777 53000 52813 52802 52044 50701 50184 49905 49898 49749 49685 49386 48937 48800 48411 47886 46117 44514 44295 44294 43883 42760 42530 42069 41074 40832 39640 39425 38468 37417 36602 36577 35614 35595 35009 33833 33598 31899 31572 29610 29560 29096 28476 26778 26555 26081 25515 24192 23451 21507 21390 20249 20182 19143 18378 18257 17492 17142 16654 16336 16031 15881 15732 14297 11669 11564 11460 10851 9633 9176 8176 7536 7233 6921 6760 6168 6060 5363 5007 4797 4300 3888 3647 3397 3131 2996 2602 1259 806 53
65 1
1961 2393 2407 3761 6348 9199 11113 11552 12891 13693 14724 16760 17116 18097 19431 21023 21280 24757 25780 27397 28567 28979 29735 31981 32928 33082 33140 33498 36850 38534 41954 42894 46974 47535 48145 48875 51429 51510 54565 54832 57498 58522 59368 60692 62282 66181 67960 70149 72908 73175 76175 78392 79590 79714 82792 83293 87033 87232 87487 88540 92452 94309 97665 98100 99443
37 1
941 941 7182 9475 9475 9475 941 941 941 7182 941 941 9475 941 9475 7182 941 9475 941 941 7182 941 9475 9475 941 9475 7182 941 7182 9475 7182 9475 941 941 9475 9475 9475
138 3784958
431747 3528721 6044495 1407516 390968 2785655 8389386 364809 9397984 8719562 8352628 8967584 372878 1441733 8196480 7820919 7792822 5595180 999725 1796165 2032564 8817623 808146 1733004 7633305 7804700 5885285 2077906 3547592 7375377 6327099 3430353 3947705 8049867 8823270 9251916 9321062 903499 1114985 9104159 3581122 1882334 9497193 8833878 5096991 9657883 9507429 957457 9457071 1567516 1819001 1465729 1683233 958793 7806619 832195 2722433 4592260 2566943 6557536 8418383 7376532 7537175 9882669 6065764 54483 6693892 956550 1316421 472983 6190627 7642487 9645401 338384 6204083 9432111 2721788 9851707 6013416 6008934 2786071 3082552 1691723 5865012 5003841 6497962 7461169 8095004 1161068 1411187 3776275 9001168 5088473 4115549 2342679 8390170 2144661 5500033 5139725 1492457 3241736 6037703 6276823 1102610 5625106 5485203 8840016 7028932 3951396 3784958 9624675 3148142 8761129 8268525 5731649 8968875 1381799 5181376 2366025 7899369 1664234 6374606 2685563 4164526 9394682 2176439 2160435 3266100 7624083 5281584 9178155 3318885 343166 5191120 8973012 9985274 1927151 8253576
57 34986
97049 96748 95237 93718 91210 90719 88244 82739 82294 79473 76530 75282 72393 72317 71179 71154 67749 62918 60758 58298 56815 55957 55896 54806 54322 53433 50690 49508 49412 48720 47664 44897 43061 39469 37858 35125 34986 31849 31228 31224 31089 26804 25151 24372 21774 17285 16958 16743 16109 15047 11506 9906 8410 6208 5419 3147 295
52 51
1 1 1 1 1 1 1 1 1 1 1 1 1 1 1 1 1 1 1 1 1 1 1 1 1 1 1 1 1 1 1 1 1 1 1 1 1 1 1 1 1 1 1 1 1 1 1 1 1 1 1 1
19 19484296
9527281 6403864 3332198 8565002 4602625 9416886 9655782 5387177 9828514 8903788 7525121 7818232 8676064 4596621 2056891 4515975 5586786 4210826 8652978
414 93772626
415227 504446 803515 872234 132131 550029 131606 711481 347231 100390 320598 712009 90257 230246 526090 754691 909447 491056 839905 66839 389582 863186 616211 574386 722433 164956 26703 100579 820628 226428 872683 186871 75592 985041 772653 857484 943842 173953 23758 160147 883226 805799 204606 735024 598751 269577 433769 846590 314057 678826 43037 736531 160967 383934 326884 798777 84243 492382 307706 324779 123701 610797 581699 392507 675381 749259 409352 936169 228958 188271 272057 270332 50781 8169 233790 868352 285658 777679 597435 831836 254565 986860 970316 927638 893725 753030 896270 291534 886807 44207 428952 501689 419917 355454 673548 206981 653049 922108 711953 544253 484524 375605 331938 937151 961128 777666 332841 424327 44393 479650 718201 175849 680658 537923 507470 172545 421042 726202 603493 895291 860738 804283 199773 609923 925306 156606 737102 233988 315308 424795 789537 850296 191312 953382 635149 319574 268760 677918 205609 568664 51929 785356 629077 988953 944920 713363 390366 661191 565289 407661 627584 540558 600059 736084 123827 828661 340935 230534 646364 31665 210477 599526 186158 427644 943703 462312 784771 371182 341252 174640 93965 437050 550196 929893 760971 355324 652469 987376 616274 247002 958572 722667 685743 276232 660851 952610 978996 445748 741173 719410 589160 258584 60597 85332 279178 478805 595193 238600 229062 209216 470068 209632 41488 233060 424545 421153 793686 147686 232772 228452 553603 702966 534786 819701 874829 257564 874451 994891 975489 477056 27936 758089 839512 947054 113095 7893 92040 601136 424290 97097 562415 69005 800197 522537 644975 964464 620273 299876 756976 999757 390083 718477 206489 766122 414626 949882 890705 335851 281912 634167 257893 904263 554695 270030 625325 201142 128389 580750 398778 496226 434183 851079 845136 277242 879657 624366 45437 117656 824240 243408 873479 463283 432129 497946 540010 417289 94501 639895 78626 897680 455901 497782 326360 220635 602676 890310 993418 911960 797976 578734 654124 869587 507953 178199 53807 971638 580650 197496 517673 79280 242222 75917 334001 771989 96470 906882 914190 721623 403453 571114 544727 242531 876197 18187 245012 167621 484984 888448 356654 721209 958770 783286 433001 968703 739427 795552 712537 526281 122499 514852 805597 294073 598963 549480 519641 555709 113518 810167 801346 700741 661201 898906 616483 375767 676815 968672 959165 180323 603038 891883 163434 761482 736885 379518 332254 907671 559530 635595 901873 288451 925928 135472 306450 369180 259599 871534 373683 410027 605018 729901 374359 184381 916513 872971 133188 390959 913857 193309 229110 864338 924029 472612 137193 761210 913135 765310 666903 786718 798451 303420 815490 266534 622655 63645 45923 509619 567767 51650 890164 40608 177277 333249 449519 873384 722146 454079 245472 557721 808666 490997 517908 489456 496143 435675
