21
30 1622467
6073 18869 21370 21589 22624 30823 32998 34738 35092 36609 40405 40936 42060 43085 52089 58261 62484 63612 64081 64728 68617 70369 71221 78800 84248 91522 91921 92206 92677 93843
68 23
99535 95959 94588 93107 87724 87479 86060 85687 85437 84713 83974 83841 83369 81462 78917 78090 76736 76464 74271 71482 70151 69180 68506 64916 61839 58195 55970 55064 54592 51780 51518 50506 45614 45223 45069 43509 41575 41076 40628 40396 40085 37568 36638 36621 34745 34238 33804 33259 31815 31181 30172 27837 26498 26314 23387 22795 21284 20485 13272 11495 10370 8087 7125 5971 5548 5303 1776 344
41 1
97196 92685 92065 91846 90425 90090 89157 88047 80386 80061 76851 76774 75889 72364 72198 67058 63635 61774 59510 56263 53605 53493 53341 52396 49548 49525 42446 40083 39450 36215 35095 33909 28518 24494 23467 20695 18277 17847 13537 6834 1472
20 15325
824 824 824 824 824 824 824 824 824 824 824 824 824 824 824 824 824 824 824 824
72 198797
1430 2739 2769 5154 5463 7471 9282 10254 10533 10893 12884 16737 18033 21872 23510 24132 24530 25355 27678 27767 28011 28988 28996 32610 32641 33514 34696 34714 35934 35957 40289 40384 40795 41149 41802 43249 44633 50286 51561 53455 56141 56254 56506 59278 64456 65873 66390 66873 71009 73276 73474 74300 74718 75487 78038 79410 81525 84607 86571 86646 88975 91005 91130 91160 92870 93071 93995 97666 98040 98382 98923 99874
56 1
223528 175842 50905 489839 224821 435092 375646 360153 315782 296145 498183 159101 85054 176281 51852 479076 120112 494073 370189 5693912 251961 75493 90098 32004 378009 389811 452829 265493 98464 495213 133880 402619 431976 329870 412492 246974 380544 70204 146007 71844 11885 240125 147538 129526 481548 425216 5000000 65065 126267 250646 63127 124521 50327 52397 80358 86227
22 411
411 411 411 411 411 411 411 411 411 411 411 411 411 411 411 411 411 411 411 411 411 411
36 193521
1421 5467 7944 9156 13966 21469 21920 23765 24651 24931 26628 31128 31404 34573 39103 40293 40379 46733 48112 52300 62658 64514 65218 69778 72859 79350 80822 83048 83720 85675 90920 93173 93175 93466 96652 96869
28 3
1 1 1 1 1 1 1 1 1 1 1 1 1 1 1 1 1 1 1 1 1 1 1 1 1 1 1 1
8 7103
912 912 912 912 912 912 912 912
33 110702
1106 1106 1106 3092 3092 3092 6949 3092 3092 6949 6949 3092 1106 1106 3092 1106 6949 1106 3092 3092 1106 6949 1106 1106 1106 3092 6949 1106 6949 6949 6949 3092 3092
31 19664772
8103286 7328164 9942726 8482700 5083548 335036 2671971 5755922 4820452 6843683 6530936 5645940 2892045 946965 5877471 6663679 5592083 3808014 7500387 6570867 8034228 6118560 1180623 7981835 4445833 3464199 5164783 2098655 7835814 9722046 7153399
22 185658
2654 5710 10078 24468 27348 28564 31076 33577 35001 39722 39860 42333 53921 62279 66037 67639 68668 71529 79925 83918 88387 97271
14 46
167934 222175 107192 103328 195831 107552 325519 419765 227809 269648 47782 393010 5000000 5700756
12 7260
667 667 667 667 667 667 667 667 667 667 667 667
9 10296
5106 5106 5106 5106 5106 5106 5106 5106 5106
6 168
84 84 84 84 84 84
2 10295598
5295598 5000000
6 16606495
6237494 5581210 8196303 8410192 4962683 7335548
7 282402
5621 19033 38998 40425 49374 51717 93657
34 5821047
171913 349887 901939 959184 301150 999914 767252 584968 688506 44921 271119 40371 251767 974896 999362 244413 347836 214482 992660 966253 398158 157369 44218 350175 822369 759592 763536 31457 611055 314951 577320 475057 734417 472150
