15
28 2928806
9250631 7880143 2428982 5561509 8585515 9310098 6262128 3205434 9254698 8519616 832951 7195989 749575 379537 9076879 725899 2928806 4609536 6748559 4246112 4380724 5178366 1447939 8375109 6624509 3509699 3868723 2896463
20 1
1649 6338 6554 8771 21461 25457 37253 55852 58051 63073 66561 68517 69643 76812 77589 80201 82955 88013 95988 96941
10 1
702 702 702 702 702 702 702 702 702 702
15 63565
4293 4293 4293 4293 4293 4293 4293 4293 4293 4293 4293 4293 4293 4293 4293
65 312664493
8594343 8842923 9448485 4419988 3689830 6114451 1394047 2488650 6601792 2314322 1352902 8270022 5962004 5809233 7863067 7993646 4925945 6083104 2506253 1375804 4053661 2730811 4693582 5887722 896648 2467071 3742722 4703465 9400684 6938424 2317173 8239219 6244934 1060047 9130615 9110039 269309 488301 1808750 7249501 4340741 279645 6902959 4630642 675984 9513413 2222199 9883884 1938316 9568790 9450359 6449834 8781568 5573608 1258840 194442 5092258 778639 3547742 3231196 5201452 4009235 7537608 87791 9145704
36 1000000000
1000000000 1000000000 1000000000 1000000000 1000000000 1000000000 1000000000 1000000000 1000000000 1000000000 1000000000 1000000000 1000000000 1000000000 1000000000 1000000000 1000000000 1000000000 1000000000 1000000000 1000000000 1000000000 1000000000 1000000000 1000000000 1000000000 1000000000 1000000000 1000000000 1000000000 1000000000 1000000000 1000000000 1000000000 1000000000 1000000000
1 2507970
9997042
13 12904382
220868 318827 5000000 486148 425020 330814 116987 124306 20151 5660312 429335 403636 294263
30 13730
4788 5674 6009 13730 17860 19673 21317 21534 22330 25273 25913 29545 29813 35036 35303 37162 41892 43613 47708 47782 49123 53233 55064 59206 64250 64772 71110 83972 94240 98724
10 1
7217072 8470196 6971087 3354470 7652016 8769045 4256239 8172155 117265 9466325
2 1000000000
1000000000 1000000000
3 9649579
63708 5000000 5330991
4 3051
821 821 821 821
18 1150269
5000000 193020 170874 73008 148355 373061 446037 97704 226896 147378 115393 440077 283053 398143 1836 5153633 2000 206331
87 31243005
271947 525292 260616 355000 52942 10967 86936 471376 340874 213813 61907 112082 201216 719878 521788 580371 609388 409785 738707 503655 919322 80097 383333 833486 551904 68557 934306 259060 279348 212633 473493 804311 509995 152424 378028 293549 587699 881133 825759 610033 914135 844557 432709 42572 297108 613301 805073 121000 737577 287431 99133 464894 501560 259212 960801 549072 622867 218719 284250 74288 946569 277496 91325 802692 314206 207217 344285 40482 325748 558439 974778 91732 800971 322438 274066 963404 948983 778803 505639 335705 15857 744229 492197 533440 88129 11406 288076
