50
2 4
3 1
2 948247797
1 1
2 490640
1 100000000
2 806095794
122007534 684088260
2 462612188
1 1
2 961158
1 1
2 241702
1 1
2 390839
34583 356256
2 864302
813531 50771
2 8
1 1
2 418462
408802 9660
2 602280126
313388492 288891634
2 549995591
167951070 167951070
2 557620
504538 504538
2 685112485
663058183 22054302
2 438933622
1 1
2 3
1 1
2 237494674
1 1
2 78087
58074 20013
2 3
1 1
2 63534
1 1
2 717608993
1 1
2 451283326
1 1
2 231691
173922 57769
2 2
2 1
2 309154
1 1
2 918760
1 1
2 905427173
406743839 406743839
2 871248737
1 1
2 851162797
771295383 79867414
2 987874634
1 1
2 898845
619847 278998
2 975459708
1 1
2 973405735
1 1
2 411733587
81508787 330224800
2 982182
1 1
2 841899246
1 1
2 6
1 1
2 644872072
1 1
2 82089916
54567446 27522470
2 191345
1 1
2 983170705
1 1
2 4
4 1
2 148481
15526 132955
2 9
9 1
2 104259
53421 50838
2 883862241
499891639 383970602
2 980726486
1 980726486
2 10
1 1
2 99312025
1 1
