15
95 264961652
749593 8961236 2608870 5722901 5626666 8201861 8522283 5148414 8523148 5500923 2051075 7585148 833228 9924997 1356340 8184669 6427003 4118301 6157995 3618728 8990522 226215 6365768 6755259 2028655 4389687 2937187 4328560 9104458 7750659 6005785 2896754 2797954 7144753 2188418 2929044 6235886 9706647 9973912 9194804 525519 5443141 6993413 6755319 9887936 3905714 9173287 4759928 9667347 6148050 8863254 3679084 2858790 8235941 5174399 4036273 3049227 4630060 3298011 2028379 5239890 6963886 4215469 1761636 878600 3055819 2929075 7966866 6674343 1440526 2514474 9314675 9442123 3158148 4904422 7506034 9328553 8314569 1345635 9292558 7053092 2506050 356712 6552990 2320397 6815490 4343147 2702947 5545673 8842691 2933994 8772007 3420238 8311027 258772
224 199252
99685 99567 99324 99157 98723 98317 98217 97502 97102 96238 95188 94958 94917 94587 94325 94242 94046 93832 93755 92707 92361 91470 91197 91084 90646 90205 89728 88845 88261 86901 86867 86771 86266 85684 85228 84107 82417 80487 80481 80178 79833 78617 78555 78311 77183 76840 76718 76118 75435 74490 74458 73424 72788 72170 71118 69421 69391 69138 68936 68492 67641 67268 67138 66455 66242 66016 64231 64229 63931 62887 62783 62625 62586 62456 62282 62082 61998 61933 61918 61504 60996 60871 60209 60054 60016 59910 59607 59544 58986 58946 58807 58283 58182 57756 57547 54044 53500 52703 52023 51818 51345 50479 49983 49589 47166 46726 46185 46039 45907 45213 44867 44817 43894 43320 43292 43147 42828 42364 42111 41720 41646 40947 39543 39362 38741 38700 38633 38526 38449 38260 38054 38049 37883 37343 36860 36708 36595 36149 36047 35902 34886 34837 33396 33002 32778 32327 32289 31330 30424 30185 29943 29490 27898 27761 27479 26865 24373 23978 23873 23699 23331 23277 23213 23112 22854 22400 22252 22034 21939 21112 21038 20947 20890 20179 19732 18975 18783 17432 16613 16064 15900 15868 15823 15149 14468 13945 12896 12566 11513 10700 10493 10423 10246 10086 9956 8958 8829 8443 8349 7875 7834 7769 7705 6773 6311 6071 5878 5693 5629 5297 4850 4400 3983 3807 3777 3487 3407 2601 2329 2155 1617 1544 1403 140
253 66
98258 295097 314568 166358 311573 187402 358522 39348 436512 117052 259702 309631 434363 91427 485586 6974 499271 137385 191924 465827 366822 366949 217613 165599 202757 231627 416781 197479 110730 297815 418808 227354 202983 353823 161199 46075 387691 64018 452023 65899 396539 180485 251182 65702 156467 464290 252826 406353 177008 129730 167447 7029 17826 388361 386117 55046 475344 305486 425958 21444 357257 471604 248367 454804 335991 343720 443376 81393 365054 276884 145689 372953 36024 315560 191582 105912 296180 140370 406351 174481 39789 52236 378598 265044 390740 104793 442854 272637 295126 363265 307926 469359 147069 87723 361033 251251 46695 373501 482834 29383 240804 211132 216557 70532 313743 100199 429241 183564 249553 438931 491404 487662 5000000 141546 236950 21202 1420 401715 299916 446203 5772 425335 481230 319532 349896 317523 126886 32905 289508 341718 108000 301683 87069 318833 180204 459339 394396 181948 158209 421127 295764 173236 179244 236559 286171 16595 350959 275954 73558 499486 460745 111865 177078 261665 301668 221500 173504 49196 266444 345065 255328 281143 208031 121285 13060 263768 402720 319025 383065 433209 483612 444265 330040 342507 494970 72681 423600 52509 104132 443511 423041 63515 193057 489115 45382 336424 96023 439190 250648 47101 353063 352928 386988 359244 182967 235133 387530 2747 1777 290208 262177 136313 108335 116306 5154510 40453 450848 167676 346096 252921 474269 281555 318670 86427 447515 473090 101898 167376 145211 190810 246978 466463 328582 258575 323160 298618 400668 289037 176561 51944 290856 478619 374251 146128 193597 337822 159944 216814 462774 478626 241952 434423 142927 214338 299964 473028 112735 125829 496339 138460 180838 342423 413845
197 36
223299 453830 372757 276647 218497 105092 185316 192289 296776 328820 38771 153311 246992 438032 115616 190189 240105 499852 217620 106869 49252 270364 188828 485776 12037 111689 75979 276787 3550 411401 353633 468145 490795 454472 284391 30531 16569 296775 362058 348836 231318 306540 472751 6249 339955 23470 80253 420873 107139 48022 474987 385648 440713 5886154 57978 142307 83280 34681 268410 135647 382768 117060 211483 186289 310709 217543 379650 73452 373098 5234 370509 52244 1546 275401 481397 21114 483926 268159 281124 179410 48918 415901 456067 425304 327038 481274 158675 94711 31320 342000 496019 197261 113862 425859 37179 481544 214479 177373 171725 461024 142372 255323 50926 454254 161855 146332 210147 249601 331441 39774 214572 253045 196763 252700 119328 241337 234289 195331 349500 90510 204409 255604 198062 390348 353141 302951 301127 142347 204013 185339 306516 250049 56055 403343 396423 73021 216172 157897 156453 21129 402010 270496 299495 33434 345427 204220 465380 24852 218568 88768 371463 321146 418059 125794 393701 6247 252797 252186 407606 144211 359593 385790 491782 192998 176735 234225 98080 483113 266381 90181 131447 53699 357409 484767 191980 170987 494072 467990 36585 37142 92617 160425 117030 27837 5000000 321101 12101 440032 175201 76902 446585 96950 497688 363331 75333 256219 168270
16 1000000000
1000000000 1000000000 1000000000 1000000000 1000000000 1000000000 1000000000 1000000000 1000000000 1000000000 1000000000 1000000000 1000000000 1000000000 1000000000 1000000000
158 94
2966995 6319862 5231783 8243396 4263318 9034087 8409194 9769203 2886091 559046 9406450 8392511 6428019 555514 8093883 3969822 1333189 3276028 9632774 2221475 4382341 8367838 4408510 6748898 7434876 2470251 8504452 3233139 2801919 1379110 443708 543846 4933624 7474936 5118312 5019164 3128262 3129352 5975796 8270973 313848 4714128 4489915 4239410 1899918 3399337 6395651 3631823 2597413 515843 7328931 7087295 570458 2081827 2446270 3057692 9740211 5685532 5484694 1066349 5616721 2110696 5745038 2184351 5443561 5476445 8220475 5702948 6012678 7826011 5473683 7300118 6177291 6008552 8340018 2089354 7699238 5326640 5753731 9717642 8264725 6798471 3139804 2246327 8627506 9895684 2591896 9791157 2788829 577053 1994301 9408695 7350065 6293217 3311095 6379453 3082032 7748563 174634 6401615 6423345 6779829 2885859 3269815 4874415 501290 6148211 5555293 974377 4378366 725179 6688223 1436384 7453752 3809918 7554001 6464162 941893 3052566 1451294 6030128 8085606 5559544 1779669 6391957 4788998 6589647 7183443 5911688 4178517 2842031 5707171 9395172 6274026 8233594 6102772 8432235 1361448 2172258 6334027 2264550 1951383 5865808 5643973 1626859 3755628 8374809 7715765 6833901 3272564 1335801 790838 2786677 3751783 8380603 4084893 6123579 8833898
122 92977
420 1350 1433 2408 2426 2621 2984 4037 7431 7732 8823 9998 10811 11667 13902 15030 15086 18543 18838 20841 20859 21507 22185 22725 23538 23599 26192 26343 27002 28197 28943 29091 30742 30992 31844 33141 36229 36297 37063 37290 37866 38526 38609 40187 40898 41862 44626 45006 45040 45389 46658 46760 49046 49507 51788 52551 53109 53139 53239 53569 54752 54991 55947 57085 57456 58697 58733 60120 60948 61402 61832 62079 64191 64415 65400 65402 65821 66302 67478 67918 69644 70672 70902 71372 71799 71906 72484 73023 73138 73327 74017 75748 76583 76962 77678 78818 79019 79141 79458 80194 80728 81928 83027 83199 84366 84540 84543 84670 84740 85821 86350 87047 87406 88255 92314 92977 93031 93987 94796 97132 97133 97594
55 3
1 1 1 1 1 1 1 1 1 1 1 1 1 1 1 1 1 1 1 1 1 1 1 1 1 1 1 1 1 1 1 1 1 1 1 1 1 1 1 1 1 1 1 1 1 1 1 1 1 1 1 1 1 1 1
54 51
1 1 1 1 1 1 1 1 1 1 1 1 1 1 1 1 1 1 1 1 1 1 1 1 1 1 1 1 1 1 1 1 1 1 1 1 1 1 1 1 1 1 1 1 1 1 1 1 1 1 1 1 1 1
23 24340899
9346719 5227156 654520 273484 106744 3020596 2035164 5253231 5941185 6383356 9458906 7940952 3947153 5971832 6519947 9412427 2002301 9935125 6119623 1377473 4542654 3791485 4031005
70 1
5614 35 2683 5614 35 6246 2683 1599 9441 2683 9441 35 35 35 6246 6246 4373 5614 9441 9441 1599 1599 5614 9441 1599 35 35 4373 4373 4373 1599 6246 5614 35 5614 5614 6246 2683 5614 5614 4373 4373 5614 2683 5614 2683 5614 35 9441 9441 5614 35 6246 9441 1599 35 4373 2683 2683 4373 5614 35 6246 35 1599 9441 5614 5614 35 9441
19 140345
4119 6370 12243 14531 18240 22355 22572 24313 25848 38028 38369 41883 45605 46651 47475 51143 55373 63020 77325
26 18010897
5470919 5549042 8421807 7604021 8539947 1215373 2609323 6126265 660193 3311070 2880498 7308301 74280 5413421 855057 5247147 396249 6792776 8802453 7782747 3000533 5606888 494407 7771462 2240605 6171979
19 15
3211785 3427951 3103815 866783 7935837 2855170 6710348 8725204 1256294 2628004 8828796 7726361 1719923 5350484 2218022 6698637 5649618 1474482 6687568
292 130286380
586777 441529 6694 732225 555497 128107 515005 229568 987715 666543 793521 680825 967956 939004 308286 387367 815390 74608 293079 640412 24391 640653 284630 32167 493203 327494 496038 411354 732508 403719 75647 868142 767985 103910 128261 281673 128047 436865 312853 249323 171319 815853 989947 801024 752865 8714 601379 558935 823768 443414 171880 457284 568773 744688 111408 919874 200080 677575 718144 524733 505165 958577 528225 965435 278659 362311 712366 735756 74752 760049 678142 488024 875625 684212 868094 709643 261878 970868 50339 448457 488550 733147 509091 958609 678375 358958 879727 751323 509970 415349 135342 34718 295430 347782 771316 91930 304021 448557 529546 238207 156290 133591 188321 874326 992536 360934 236383 706169 339845 44976 409219 338010 166250 874106 415941 404486 741277 670020 318250 746147 285278 779849 684955 161329 666452 50219 282828 379710 630788 414815 334490 387856 538208 705252 189985 939369 625600 572559 338414 90322 365255 2285 274107 677515 799299 364223 119809 690381 75474 167521 688880 979457 891645 492133 814467 313643 377415 176811 618702 839089 85221 810375 967013 424127 427877 179342 11329 913719 816692 979249 987568 791668 196326 942871 915920 23494 801946 672766 958363 396292 873907 267505 115502 944882 26592 472441 922413 794136 651268 956078 952480 468379 221223 760628 403161 856730 234626 211664 708185 782210 233525 399492 669452 996203 798090 588741 542888 991822 27973 960541 170561 87091 328696 649409 339224 76342 155078 624687 879688 746772 337457 474770 555677 442429 506714 123348 27069 592891 556620 331308 214424 790391 101734 85128 295546 597889 322863 365265 942953 243707 164374 574406 735540 837820 190559 796661 302521 246707 464955 639553 306962 448346 22460 240512 190677 18362 24326 983196 85297 442480 978263 804208 475282 648206 18636 627582 755767 31387 608136 947911 665496 186869 538611 836148 529473 686511 939788 596707 446151 172965 837919 619990 325425 937600 358178 306871 64613 654232 383704 883389 735930 233387
