5
57 172
1 1 1 1 1 1 1 1 1 1 1 1 1 1 1 1 1 1 1 1 1 1 1 1 1 1 1 1 1 1 1 1 1 1 1 1 1 1 1 1 1 1 1 1 1 1 1 1 1 1 1 1 1 1 1 1 1
81 38
38 3 38 3 38 3 38 3 38 3 38 3 38 3 38 3 38 3 38 3 38 3 38 3 38 3 38 3 38 3 38 3 38 3 38 3 38 3 38 3 38 3 38 3 38 3 38 3 38 3 38 3 38 3 38 3 38 3 38 3 38 3 38 3 38 3 38 3 38 3 38 3 38 3 38 3 38 3 38 3 39
86 133
4 5 6 7 8 9 10 11 12 13 14 15 16 17 18 19 20 21 22 23 24 25 26 27 28 29 30 31 32 33 34 35 36 37 38 39 40 41 42 43 44 45 46 47 48 49 50 51 52 53 54 55 56 57 58 59 60 61 62 63 64 65 66 67 68 69 70 71 72 73 74 75 76 77 78 79 80 81 82 83 84 85 86 87 88 134
40 76
77 7 76 7 76 7 76 7 76 7 76 7 76 7 76 7 76 7 76 7 76 7 76 7 76 7 76 7 76 7 76 7 76 7 76 7 76 7 76 7
42 180
1 20 57 59 56 75 62 83 30 110 32 106 112 66 20 12 44 22 57 141 172 8 162 86 100 47 119 1 83 80 88 61 142 64 132 138 67 19 173 34 117 1
