21
271 1948
957 957 957 957 957 957 957 957 957 957 957 957 957 957 957 957 957 957 957 957 957 957 957 957 957 957 957 957 957 957 957 957 957 957 957 957 957 957 957 957 957 957 957 957 957 957 957 957 957 957 957 957 957 957 957 957 957 957 957 957 957 957 957 957 957 957 957 957 957 957 957 957 957 957 957 957 957 957 957 957 957 957 957 957 957 957 957 957 957 957 957 957 957 957 957 957 957 957 957 957 957 957 957 957 957 957 957 957 957 957 957 957 957 957 957 957 957 957 957 957 957 957 957 957 957 957 957 957 957 957 957 957 957 957 957 957 957 957 957 957 957 957 957 957 957 957 957 957 957 957 957 957 957 957 957 957 957 957 957 957 957 957 957 957 957 957 957 957 957 957 957 957 957 957 957 957 957 957 957 957 957 957 957 957 957 957 957 957 957 957 957 957 957 957 957 957 957 957 957 957 957 957 957 957 957 957 957 957 957 957 957 957 957 957 957 957 957 957 957 957 957 957 957 957 957 957 957 957 957 957 957 957 957 957 957 957 957 957 957 957 957 957 957 957 957 957 957 957 957 957 957 957 957 957 957 957 957 957 957 957 957 957 957 957 957 957 957 957 957 957 957
220 230757
99482 99183 98857 98503 97309 96587 95298 95286 95005 94917 94865 93925 93272 92678 92457 92053 91997 91755 91579 91017 90810 90602 89159 87306 87052 86745 86741 86493 86417 85663 84501 84159 83798 83254 82868 82576 82530 82342 81892 80753 79632 79115 79091 79001 77024 76200 75892 75583 74945 74403 74269 74238 73596 73561 72767 72701 72112 71468 71212 70794 70473 70412 70228 70076 69871 69843 69302 69272 68861 68572 67896 67411 67379 66861 66329 63737 63214 63121 62478 62338 62290 62101 61523 61508 61301 60989 60909 59192 59057 58996 58835 58241 57912 57502 57413 57104 56720 56305 56245 55858 55830 55704 55656 55541 55147 54866 53282 53131 53079 49377 49210 48563 46466 45347 44450 44060 43989 43248 43109 42711 42694 42176 41958 41361 40469 40042 39638 39262 39259 38629 38474 38380 37893 37162 36570 36252 36214 35812 35025 34960 34650 34546 34469 33965 33364 32945 32586 31099 30572 29799 29288 29148 29061 28752 28328 28272 26933 26617 25684 24913 23968 23887 23404 22427 21323 21007 20639 19875 19811 19360 19185 18809 18659 18311 17573 17258 17023 15928 15718 15511 15491 15298 15182 14501 14299 13971 13888 13445 13312 13186 12759 12736 11967 11437 11002 10478 9340 8812 8511 8380 8169 7732 7701 7450 6898 6655 6520 5701 5621 5485 4430 3524 3469 1261 1243 1158 1096 651 512 487
485 17053118
184 666 680 873 900 903 1004 1012 1091 1378 1415 1429 1867 1964 1998 2022 2108 2354 2585 2672 3093 3123 3200 3266 3353 3398 3428 3436 3474 3737 3983 4114 5978 6377 6413 6418 6419 6495 6543 6601 6752 6793 7089 7184 7223 7378 7405 7692 7743 7874 8051 8072 8350 8415 9015 9295 9768 9894 10122 10762 10849 11016 11187 11668 12238 12442 12792 12875 13022 13065 13420 13599 13718 14502 14564 14664 14843 14852 15050 15444 15590 16042 16258 16362 16464 16531 16599 16653 16824 16988 17357 17539 17583 17757 18075 18382 18701 19287 19926 19994 20114 20139 20487 20575 20578 20583 21011 21050 21165 21260 21314 21364 21629 21908 21984 22670 22743 23176 23205 23266 23480 23521 23603 23799 23986 24298 24418 24750 24794 25288 25618 26450 26505 26528 26579 26745 27021 27264 27418 27598 27744 27839 27861 28605 29003 29138 29365 29541 29627 29788 29856 29882 30814 31078 31373 31566 31819 31862 31972 32007 32121 32319 32404 32501 33128 33150 33408 33680 33830 33900 33954 34175 34275 34485 35051 35485 36150 36284 36337 36669 36762 37145 37415 37633 37706 37954 39021 39103 39228 39255 39741 39786 39831 39852 39916 40045 40118 40365 40429 40492 40616 40652 40678 40741 40747 40963 41107 41462 41542 41593 41680 41698 41852 41983 42149 42578 42644 43057 43089 43353 43514 43544 44424 44825 45035 45227 45631 46026 46033 46125 46243 46244 46460 46592 46705 46812 47200 47215 47453 47554 47836 47849 48024 48068 48230 48841 49161 49254 49272 49610 49660 49674 49841 50306 50460 50682 50702 50834 51385 51995 52013 52261 52306 52311 52324 52658 52694 53637 53684 53728 53730 53885 54281 54468 54571 54651 55812 55891 55951 56169 56311 56577 56666 57081 57097 57207 57444 57537 57540 57644 57657 58814 58881 59006 59158 59331 59726 60043 60160 60382 60904 61665 61741 61972 62056 62126 62208 62618 62695 62739 62807 63314 63458 63906 64849 65359 65529 65562 65680 66131 66160 66280 66291 66425 66564 66750 66813 66990 67489 67586 67680 67797 68011 68087 68148 68623 68798 69066 69209 69213 69324 69379 69699 70496 70510 70556 70911 70943 71181 71203 71368 72267 72286 72449 72911 72929 72948 73522 73680 73896 73922 74000 74058 75101 75362 75644 75765 75780 75968 76255 76380 76457 76792 76796 77680 77768 78175 78507 78569 79068 79105 79201 79387 79645 79875 80236 80667 80899 80919 80960 81037 81086 81106 81163 81221 81579 81936 81987 82312 82628 82674 83106 83337 83341 83418 83476 83551 83586 83761 83968 84062 84284 84624 84705 85419 85443 85550 85745 85866 85955 86429 86600 86737 86847 86922 87210 87260 87513 88009 88327 88533 88737 89228 89353 89424 89766 89897 90116 90121 90178 90219 90417 90443 90803 91060 91396 91514 91724 91779 92288 92421 92677 93083 93482 93531 93586 93712 93853 94080 94499 94943 94962 95386 95522 95575 95835 95868 95967 96141 96179 96424 96546 96578 96852 96876 97087 97295 97335 97348 97960 98099 98457 98588 98856 99489
149 803539051
5387634 4384526 3544945 8096040 7139347 6443413 8767752 2029574 9814822 2652028 1813261 1080123 4149239 9149859 2333959 9831157 931890 5129984 8623246 6308212 6361561 5185155 6346014 5168117 5104426 7147158 4070850 9560759 4216446 6996109 5165993 7583194 622379 9995388 2710388 4403686 6887390 9120005 6846148 2381650 7441304 173957 1798577 2392807 9424431 7439429 8257268 7757420 4106481 6967157 9895782 8065118 1034078 7415090 9933327 4317742 277247 5943036 1419432 2229837 4749033 5287820 3500099 8395779 6258063 794180 9468904 5212200 6441560 9514281 5633249 5044680 6815368 1528586 4945271 6655808 5275722 3618249 7533724 4273402 1185602 1375754 3884068 741110 5963165 6875287 4022869 9973156 8019327 8317928 4298394 1619276 6833686 5428079 8633540 6089361 769490 1537549 7481293 3663571 8629271 6217400 3791590 1778860 5096967 6574166 2451535 7066653 9231983 3105527 9809487 4793044 8973811 7032136 2509317 7757317 1133736 6166004 9447475 4780819 6868805 9461212 3623159 9730347 290034 6950738 7399979 4034126 2616019 8186442 8522694 7922001 8262950 3977329 4533208 5280195 6604423 1849031 790454 9971076 7920928 1601548 2457978 1694905 4801006 7976610 514918 5877387 3524887
271 1000000000
8804396 6142286 3428597 8206780 91103 9653536 3902612 6974205 23498 772585 3006690 7283467 5079927 9085183 4930470 9375851 9794175 5641058 7571598 8186611 6972610 6363909 2164972 6055129 7445572 4573684 9334611 98673 3628927 296703 7494376 517497 9654589 7544733 5074326 1528174 1189488 1468416 922648 5209484 5138103 1488251 852417 1711961 588847 6280232 6628944 9402913 867908 168493 9293646 7955928 9526440 7845601 7772335 8406104 5165473 1059218 3764967 7713887 9252417 2816888 981522 4400174 7676428 7216045 4975871 913063 4338725 499715 5562206 5791648 7418266 5171425 8737684 5722623 9633577 1892758 4912315 2857477 4338117 8192971 8585698 5264506 2104899 5685653 31798 1724369 4149319 7378547 1876873 4028018 5444581 873208 7868382 9142428 9145166 1192923 4297181 7590894 4088252 3776822 2188811 7562867 3899926 4792255 387376 7451436 8716005 155301 1935726 1568611 828688 4543700 1867537 2510802 8835803 6281911 401971 4179405 2276745 7080079 9613498 306094 27821 5551250 9435266 5774640 8159680 2828469 1871223 9996430 3721426 7068747 5393569 3912552 3263990 2068337 1678736 9720242 7600286 2846571 9943057 2711369 5625402 3344084 376975 5742122 1046161 4386379 296714 5106359 3530465 9380531 1220526 8035227 8219095 6295620 6383110 1039606 4829101 5370129 2344947 5161052 819004 9247903 9229954 3161785 8957159 6718056 4298860 9820924 1062892 9255575 9491219 4975009 4309483 5002079 7868021 4439109 5747371 6119760 7481848 4831408 3464975 1882998 1569654 6093827 4815261 9152307 5097518 3333771 2942325 3098390 9029730 3798434 4689392 3189923 5042512 8376965 1580003 6134664 5753488 4127000 8775040 7236878 1902548 9373898 4236030 4716729 5885204 719073 4583118 9724484 1135047 3679182 6758887 5813855 8860779 480995 2967386 6391027 3246496 4737115 8838045 7491287 5684460 8689170 3223077 2456735 4524148 9210375 4796346 29555 4963845 2769354 6893254 1358895 6573179 2315167 8798788 404862 5239922 5846463 2656900 5992759 8858563 6113151 6131682 4751857 5289390 9778307 750227 8268225 9868036 7484348 7670901 3458610 3210378 1956704 7713996 4786447 788220 466093 856517 7333302 195187 1818260 9890266 4947306 1166074
243 24181482
9031948 1137295 8877787 9258986 1968357 6039437 7701058 6219874 9333992 3692160 56305 1735158 5261802 4754240 4292709 6609167 5912058 1910172 6987133 9835644 9508449 3152248 4305210 1845855 2404075 608627 2100443 7152502 7615212 3621376 9050610 8372363 4742798 8227068 7185023 1291943 4080405 7412640 8068362 7399438 8069376 7988122 2351734 9102730 3397114 3415972 4290783 6363149 994095 9757950 9317079 4538925 8323056 8247492 8399197 2844814 2559307 3703722 9674728 4378806 4151233 5554655 2435653 9299827 3203460 6717926 4168420 1551991 5743604 2831880 4080181 9912463 5264757 1186224 1848832 7110373 6789014 6291174 8167025 2429453 3646246 5059243 3848098 7443665 2263182 3995997 2982880 4026449 7069670 4921165 7846771 9410123 556021 4121247 5878220 636651 2303261 9407032 9771181 1116304 2308127 8759792 9359270 5276460 9578389 1017431 3290041 9719736 8199590 2911171 6707350 5388240 1439205 6336582 5332186 5895287 4052052 1366386 3096296 3089470 9440763 3908407 1818383 6733041 8224182 842368 6883731 6961236 9783132 7770478 1882605 7858578 4163279 231656 2082630 6454904 8099319 6266647 5537108 903235 5873005 1941766 4752206 8883670 1077730 4077999 6575351 2299426 8929530 5208902 3830584 5632790 197731 8828619 5252224 7370459 6187240 6315040 6253928 9881466 7629614 4605240 2070812 3734692 4716834 4174219 2559591 7736075 139124 9069111 1628916 9674796 8797410 2755502 4663504 5629240 3789072 7361708 2490025 7455178 5638074 8487100 1035410 7843023 9618363 4416581 6157733 7114422 3551188 9150043 3961486 3804624 4322943 9358404 1851400 7545699 6709112 1905218 5900265 370709 7968544 4482327 3946536 8054905 7324854 2250609 3463398 2668166 3025505 8180477 1679454 6105776 2521428 1615111 9793440 7901958 2360774 6655703 1381415 3476790 586412 5419360 1011070 6629149 4586627 565154 4118501 6235963 5936248 6726386 6158233 9972278 4103574 7724811 932177 6106276 4664295 7874169 3131133 8774399 3386279 6740543 1801872
21 11859049
135476 450002 444798 346777 82882 170366 498595 303508 5000000 209753 52583 20774 311820 460894 5387908 479287 307656 247935 108724 420984 286008
66 2
1 1 1 1 1 1 1 1 1 1 1 1 1 1 1 1 1 1 1 1 1 1 1 1 1 1 1 1 1 1 1 1 1 1 1 1 1 1 1 1 1 1 1 1 1 1 1 1 1 1 1 1 1 1 1 1 1 1 1 1 1 1 1 1 1 1
86 2
1 1 1 1 1 1 1 1 1 1 1 1 1 1 1 1 1 1 1 1 1 1 1 1 1 1 1 1 1 1 1 1 1 1 1 1 1 1 1 1 1 1 1 1 1 1 1 1 1 1 1 1 1 1 1 1 1 1 1 1 1 1 1 1 1 1 1 1 1 1 1 1 1 1 1 1 1 1 1 1 1 1 1 1 1 1
273 81258
99814 99297 98917 98907 98545 98460 97846 97212 96900 96898 96721 96244 95635 95452 95363 95148 94668 93982 93307 93279 93158 92744 92493 91053 90394 90159 89951 89820 89529 89456 89439 88984 87969 87734 86930 86680 86403 85764 84873 84858 84423 84232 84135 83919 83199 82790 82396 81482 81258 79443 79333 78720 78287 77757 77444 77330 77245 77192 77176 77130 76984 76906 76238 76217 75890 75771 75500 75195 75022 74668 73080 72940 72885 72771 71835 71590 71351 70915 70259 70092 69789 69584 68878 68525 68511 68420 67782 67616 67129 67015 67012 66788 66716 66469 65806 65602 65214 65204 64284 64240 64004 63443 63407 62925 62569 61762 61027 59788 59288 59150 58676 58414 57693 57428 57332 57301 56918 56810 56603 55615 55224 55079 54922 54830 54814 54552 54420 53265 53124 52707 52643 51943 51647 51600 51374 51219 50601 50000 49899 49769 49510 49152 48424 48033 47781 47771 47595 46679 45077 44982 44580 44275 43494 43450 43260 43121 42600 41897 40710 39957 39482 39172 38970 37983 37383 37252 36999 36758 36511 36322 35319 35107 34442 33800 33266 33243 32824 32586 31675 30840 30174 29894 29821 29627 29367 27754 27609 27569 26402 26401 26013 25726 24283 23573 23493 23464 23357 23262 22684 22356 21666 21618 21497 20821 20663 20404 20255 20060 19964 19748 19646 19504 19449 18709 18686 18616 18043 17769 17733 17553 17437 17306 17097 16623 15927 15847 14948 14904 14204 14144 13963 12967 12649 12222 12009 11935 11926 11824 11238 10071 9760 9666 9607 8919 8816 8417 8406 8246 7774 6315 6234 5395 5369 4679 4653 4025 3988 3963 3828 3728 3470 3231 2716 2514 2503 2499 2005 1671 1576 1132 618 517 424
13 2550
2550 2550 2550 2550 2550 2550 2550 2550 2550 2550 2550 2550 2550
221 19236
9147 9602 2238 2372 2372 5611 7342 1329 9147 5488 6162 6162 9602 7342 6496 1906 8945 1329 8945 8945 5488 1906 7342 9489 9489 2238 1329 5611 1329 1329 8991 1906 6533 1847 2144 7342 6162 5611 7974 6785 6162 6744 9121 6785 6162 7342 5488 6744 8945 6496 2144 1329 6744 9602 1329 8945 5611 9121 3907 2144 1329 3907 2372 8991 6162 6744 7974 2238 7974 6162 6162 9602 8991 9489 6744 9147 6533 9602 7342 5611 9147 6496 8991 6785 8945 1329 2238 6496 6533 9602 1906 8991 7342 6533 8945 9489 1906 1329 8945 6533 9602 2372 9147 8945 6162 5611 9489 1906 1906 6785 6496 9147 3907 1906 6744 2144 9121 6744 2372 6496 5488 7974 5488 1847 7342 1329 5488 9121 2372 6744 8945 6744 7974 2238 6785 9147 6533 7342 6744 8945 6533 6533 6785 9121 6785 9121 8945 6162 6496 2238 1847 5611 8991 8945 7342 9489 1906 5611 3907 5611 8945 7974 7342 9489 5488 2372 8945 2238 9602 1847 7974 2238 6744 6785 6744 3907 1847 1847 6744 7974 9147 6785 8945 7342 1847 8945 5611 9147 9489 9489 1847 1847 8991 8991 6162 9121 6496 5488 8945 6162 7974 1847 1329 6785 8991 5488 6533 5611 7342 6162 6785 1847 6496 1906 6744 1847 2372 3907 1329 1329 2238
121 550547739
3549701 918815 4697860 791771 7823494 152904 4027454 4715535 4725538 8072257 2164005 1708162 7907235 3486027 1952600 4566248 8403918 6049771 7970906 9767213 3891331 3809196 6455703 8853874 1905750 4885222 2237579 4319117 2257439 3585455 4952951 1754538 2943460 1968949 4573114 2957490 1304043 4307909 5754190 8366752 6177978 4817398 3072094 447596 6245105 8791771 86921 322781 5688497 2968230 6645146 3627896 902102 5674150 6028998 2188840 7558968 2671794 3066083 2747813 9227033 2060936 6166805 6952377 5492153 8096973 1595458 9429151 5580340 9870671 6838486 4170737 4769217 8339985 6028698 2742582 3165469 1406828 9051940 7779202 9879454 7129104 3278358 4824053 2749865 3762259 2794856 3463761 1645577 2950663 8361142 2350422 9720583 8288634 6662089 809429 9535057 7546340 4965439 8137252 5757788 6393799 396348 7831193 7213511 4682909 4837705 6021845 8578989 5776792 7678833 1919820 1216161 8752363 9770294 4723710 5938275 8303400 127657 6857686 1646142
107 10508854
174077 224715 430835 29380 61642 346335 5508854 344070 33916 409451 87903 10083 441123 193772 256332 475522 293663 268256 333565 164706 188026 21857 16479 119090 44962 357612 17499 204258 276538 386033 211704 121841 360859 297737 36017 130020 323033 494334 319948 124974 145318 270199 123415 447353 189999 370808 378766 439597 228530 293279 114709 38333 121158 225654 28733 429270 124389 57899 496067 437502 191371 152230 364575 407166 292423 328719 266749 134207 462566 224782 118892 365640 366609 5000000 269836 425783 50358 259753 416984 6051 422059 340064 313497 186647 330313 466409 457606 435354 474104 155957 25328 177111 483626 288976 184539 491455 223448 372000 384882 227728 247191 262451 104136 143923 379643 238889 385102
22 1039
64 64 64 64 64 64 64 64 64 64 64 64 64 64 64 64 64 64 64 64 64 64
69 1000000000
1000000000 1000000000 1000000000 1000000000 1000000000 1000000000 1000000000 1000000000 1000000000 1000000000 1000000000 1000000000 1000000000 1000000000 1000000000 1000000000 1000000000 1000000000 1000000000 1000000000 1000000000 1000000000 1000000000 1000000000 1000000000 1000000000 1000000000 1000000000 1000000000 1000000000 1000000000 1000000000 1000000000 1000000000 1000000000 1000000000 1000000000 1000000000 1000000000 1000000000 1000000000 1000000000 1000000000 1000000000 1000000000 1000000000 1000000000 1000000000 1000000000 1000000000 1000000000 1000000000 1000000000 1000000000 1000000000 1000000000 1000000000 1000000000 1000000000 1000000000 1000000000 1000000000 1000000000 1000000000 1000000000 1000000000 1000000000 1000000000 1000000000
84 236943
99917 99912 98873 96765 96538 94737 93974 93856 90178 89840 88780 88188 86968 86478 83366 82284 82147 81910 80755 78308 77827 75121 72897 72115 71467 70195 69821 67539 66336 65437 64335 63281 62248 58357 58159 57140 56487 55721 54727 52759 49941 47864 47837 47535 47280 44753 41431 41310 38126 36719 35759 35657 34437 34248 33003 32687 30469 29643 28966 27485 24875 24438 24353 23389 21292 19943 18181 17595 16646 13468 10058 10003 9292 9172 8050 7781 7362 7009 6954 6447 6410 5433 5187 1815
87 670
670 670 670 670 670 670 670 670 670 670 670 670 670 670 670 670 670 670 670 670 670 670 670 670 670 670 670 670 670 670 670 670 670 670 670 670 670 670 670 670 670 670 670 670 670 670 670 670 670 670 670 670 670 670 670 670 670 670 670 670 670 670 670 670 670 670 670 670 670 670 670 670 670 670 670 670 670 670 670 670 670 670 670 670 670 670 670
90 2
1 1 1 1 1 1 1 1 1 1 1 1 1 1 1 1 1 1 1 1 1 1 1 1 1 1 1 1 1 1 1 1 1 1 1 1 1 1 1 1 1 1 1 1 1 1 1 1 1 1 1 1 1 1 1 1 1 1 1 1 1 1 1 1 1 1 1 1 1 1 1 1 1 1 1 1 1 1 1 1 1 1 1 1 1 1 1 1 1 1
22 194878
153498 194878 126955 105910 52194 430392 5000000 101819 5207992 103512 259765 42048 328139 454833 442213 190610 241724 352688 436781 183117 74474 312178
250 112502455
938637 400398 420761 520325 665284 269422 354374 273624 953620 397954 703701 569297 578344 835866 794255 200935 247151 884085 339565 213203 107182 898750 682141 813057 892090 461018 815530 649879 144900 255826 939321 811004 582607 478059 913035 340415 661278 716322 293422 601880 541833 490832 552587 783535 993115 879769 158571 409381 618096 536617 395173 990940 564184 537859 816272 192523 474042 735348 453667 269561 535440 434697 392715 818759 873572 267200 851510 366972 613476 835774 384776 647237 219483 638486 404189 156163 296700 449400 948261 156439 648103 571674 321889 398705 389941 957938 864509 680912 47326 126412 466360 396569 356243 240495 756044 760455 330870 23801 809350 47592 258112 92845 346729 867396 715368 205178 455586 366884 330650 248596 340601 198890 848270 194668 158277 668244 676445 872997 272885 199738 133461 617809 117797 356450 658436 705292 883158 546168 155054 162913 727030 954082 383155 859655 786482 595285 422531 934684 878069 885061 539391 717965 350065 323254 559806 851638 433024 639545 575540 718411 239538 888870 462724 500882 333311 709985 657003 439709 391994 983070 631758 226141 407559 855109 603197 887253 343715 576333 258396 350787 656322 527587 967916 225795 937335 926337 941700 208675 934190 206035 629842 684833 598362 256085 239979 768366 490986 232858 654901 674396 256650 720724 620162 190975 698584 841493 140680 902901 747181 286663 240560 489587 173924 57447 877115 717882 814258 432403 229073 307050 325391 641366 507801 444283 440300 506293 10343 72322 247696 607731 452993 973698 859342 975952 825125 988508 193299 369757 438165 230936 292197 12357 941683 511484 784099 128801 582286 890791 9553 248839 794566 946605 566211 464801 789260 17667 334980 633392 687180 817516
