16
13 188286
1910 4215 9995 17243 27213 40541 55182 55924 70934 84179 86849 89837 98449
12 3
1 1 1 1 1 1 1 1 1 1 1 1
13 45
92605 83092 79472 74723 72822 72271 61069 58406 29606 24841 23805 22636 12443
9 1
203 2155 23203 38580 43569 57243 66129 77462 87573
6 1000000000
1000000000 1000000000 1000000000 1000000000 1000000000 1000000000
13 128817
95524 90417 86713 78197 67761 50382 48369 40136 37321 35796 33718 27549 5624
13 11257172
128572 381616 300231 298135 369746 200107 95812 265555 131172 101777 246708 5756498 5000000
10 124056
94125 80749 80219 76076 66071 53586 53192 33047 7951 5339
4 14
5030 11837 57288 95405
22 817626
5732 8081 12071 19427 21806 22400 30171 34485 37207 42549 46450 52821 54124 56861 72356 74366 77674 79260 88638 90181 90785 91330
15 1000000000
1000000000 1000000000 1000000000 1000000000 1000000000 1000000000 1000000000 1000000000 1000000000 1000000000 1000000000 1000000000 1000000000 1000000000 1000000000
4 364
99 99 99 99
10 1000000000
1000000000 1000000000 1000000000 1000000000 1000000000 1000000000 1000000000 1000000000 1000000000 1000000000
4 82
4296153 8538866 3502509 25031
8 67
1000000000 1000000000 1000000000 1000000000 1000000000 1000000000 1000000000 1000000000
44 5216523
956676 843991 230695 288545 654054 359204 956276 116773 606237 752743 386419 891244 317071 324171 784739 576008 706136 579531 690776 893507 691853 665735 967661 516780 834245 262376 111763 560582 55387 203335 517355 895916 961120 714118 455423 869671 951610 619912 445217 867432 547667 621852 774391 930727
