30
166 89217
576 576 576 576 576 576 576 576 576 576 576 576 576 576 576 576 576 576 576 576 576 576 576 576 576 576 576 576 576 576 576 576 576 576 576 576 576 576 576 576 576 576 576 576 576 576 576 576 576 576 576 576 576 576 576 576 576 576 576 576 576 576 576 576 576 576 576 576 576 576 576 576 576 576 576 576 576 576 576 576 576 576 576 576 576 576 576 576 576 576 576 576 576 576 576 576 576 576 576 576 576 576 576 576 576 576 576 576 576 576 576 576 576 576 576 576 576 576 576 576 576 576 576 576 576 576 576 576 576 576 576 576 576 576 576 576 576 576 576 576 576 576 576 576 576 576 576 576 576 576 576 576 576 576 576 576 576 576 576 576 576 576 576 576 576 576
322 19732
9001 6864 6305 653 9000 3011 6719 8404 9001 6864 6719 1187 1056 8873 8394 5267 1771 2098 1187 8394 6889 9866 8404 1771 6781 5465 1125 6305 9000 5808 8911 8873 6142 4295 5465 6142 4295 6781 5808 1187 3011 9000 3329 3125 8923 6142 3329 3329 9000 6781 6142 8923 9000 5267 6305 6305 8923 6889 8404 1056 3329 8394 1125 3125 3011 2893 3011 2893 5808 4295 9000 5465 1056 9001 1187 6781 6889 1125 2698 3571 1056 9001 4404 8394 8911 3011 1125 9000 5465 9000 3011 6719 3571 9866 8923 8911 6719 9866 2893 5465 5267 1125 8404 3571 3329 8404 6781 653 1056 9866 1056 1056 6142 3011 5465 9000 3011 6864 4404 4295 4295 3329 9866 9866 6142 6781 8923 4404 5267 1771 9000 1771 1125 3125 6142 5808 3125 5465 8873 6142 8394 6142 8404 3011 8911 1056 8873 653 1056 8923 1187 5267 2893 8911 3329 3011 2893 3011 1056 6719 6864 3329 1187 3011 2698 8394 8923 6719 544 9866 8911 1187 1771 3011 653 6719 4295 6781 9866 544 1771 6864 3329 8923 6719 1125 1771 3011 9001 8404 3571 6305 6719 8404 6889 8911 6142 3011 9000 3329 6142 8923 2893 6719 6305 5465 6864 6781 6719 6781 1125 5465 653 2698 5465 1771 6781 8394 653 9866 9866 4404 3125 1771 8404 2893 5267 5267 8873 4404 5267 6889 1187 4295 8911 2893 8873 1187 8404 1187 9000 9866 3125 9866 8404 5808 9001 6719 9001 653 1125 5465 8404 5808 2698 6719 8911 5808 9001 5267 9001 9001 6305 9001 9000 6889 1056 8404 2893 6719 9001 6719 9866 8873 8873 6781 6719 5808 8911 8923 9866 9001 1771 4404 6142 8394 8911 3329 9866 6889 9866 5808 3011 9866 9001 1187 3571 6305 2698 544 8394 2698 544 6781 4295 6864 6305 8873 1125 2698 1187 4404 2698 9866 5267 544 2698 2698 6781 1056 6719 4404
92 284125444
9835249 5258574 283247 7810363 911994 9691664 3172697 3440308 6964148 1865273 4981162 4317235 9746641 3630313 9706112 8329076 8031937 3411034 9221716 8667654 2667112 376872 5309049 5274917 4345654 8903978 1179263 443720 7063733 8249525 5716791 5716507 8174308 5555940 1615800 3691201 5733747 9401440 5653716 732408 5436742 7620899 1127978 8808552 9060515 7416919 1475956 9590888 9635978 2934762 2875315 6201743 3895905 862580 7601800 8724137 9634716 6253848 6237409 9574047 7382795 1512949 8666615 2641410 2926337 5136140 8762082 2492576 564360 9533954 4358482 4877885 3388253 2002796 970868 3757162 4814270 5670500 9987911 5332285 3311621 9080011 8806909 7366127 6444844 4747698 4105076 2228230 9709830 4131050 9311239 8969452
332 328
1 1 1 1 1 1 1 1 1 1 1 1 1 1 1 1 1 1 1 1 1 1 1 1 1 1 1 1 1 1 1 1 1 1 1 1 1 1 1 1 1 1 1 1 1 1 1 1 1 1 1 1 1 1 1 1 1 1 1 1 1 1 1 1 1 1 1 1 1 1 1 1 1 1 1 1 1 1 1 1 1 1 1 1 1 1 1 1 1 1 1 1 1 1 1 1 1 1 1 1 1 1 1 1 1 1 1 1 1 1 1 1 1 1 1 1 1 1 1 1 1 1 1 1 1 1 1 1 1 1 1 1 1 1 1 1 1 1 1 1 1 1 1 1 1 1 1 1 1 1 1 1 1 1 1 1 1 1 1 1 1 1 1 1 1 1 1 1 1 1 1 1 1 1 1 1 1 1 1 1 1 1 1 1 1 1 1 1 1 1 1 1 1 1 1 1 1 1 1 1 1 1 1 1 1 1 1 1 1 1 1 1 1 1 1 1 1 1 1 1 1 1 1 1 1 1 1 1 1 1 1 1 1 1 1 1 1 1 1 1 1 1 1 1 1 1 1 1 1 1 1 1 1 1 1 1 1 1 1 1 1 1 1 1 1 1 1 1 1 1 1 1 1 1 1 1 1 1 1 1 1 1 1 1 1 1 1 1 1 1 1 1 1 1 1 1 1 1 1 1 1 1 1 1 1 1 1 1 1 1 1 1 1 1 1 1 1 1 1 1 1 1 1 1 1 1 1 1 1 1 1 1
356 1000000000
5515839 720549 4396858 4586130 3385068 2696079 7447056 6893293 4443233 1621597 6882236 969701 6610875 7214908 2945165 768623 8230906 1775950 7856660 6415347 1838220 3772241 4336972 9077014 9667987 7561070 3413030 7589034 815877 6939284 3066846 6943559 7404267 2714212 463358 1886069 8527037 9220984 9203784 6256809 4399366 4419839 2489644 7238186 975353 7793200 8012146 628969 8581105 8429197 5318256 5935097 5718410 8277439 4055696 8813301 6775477 8999452 7874869 8165930 9928757 27054 1574950 925885 4407457 3983841 6702134 5980380 5201574 5118080 5129165 6202848 9361854 197709 9907412 5959329 5217092 2755487 2327024 2706044 714524 8637281 3245527 1491251 2596940 3317920 9045181 1405263 2164214 9900388 7215232 6412423 3165072 667534 8358370 1719137 4460594 7458198 6719119 4587587 6305751 8430114 4393473 7682826 906356 9944003 8583067 8597021 213476 2260732 2970209 9584985 2935582 3550876 9313672 7859829 6259985 5798642 2479687 1650295 4006276 1272887 9967084 1088731 5679571 7987075 1619005 8994880 2531427 3127760 4264243 5776430 6689916 2454777 6731059 2719887 3746174 6928827 8938282 1554414 7639566 3266480 8363804 5053331 8062039 8591769 4344349 2407188 2572511 3489307 4772963 194869 7381689 8294761 1490352 4960962 2511239 7747197 6867882 239299 4961908 6207663 2771557 2847651 2744693 9210997 5702373 2903504 4077076 9400573 6604635 2276353 2273997 2075794 2209135 4594525 2917880 3686536 8444115 6188727 2811733 4768395 4488267 9606583 7610626 2539688 3730039 5496384 680915 1753126 651941 4506605 116623 7991565 644647 5673710 2346269 3508026 1258968 1093857 7217209 970407 96610 8953230 9169225 9415842 8140588 7291603 9373739 2134785 681190 4646910 1299708 8559130 4285345 931084 9730213 3257827 6708855 968627 4523184 6756526 5204274 384240 1774782 6322692 7126239 8297015 4584753 3018083 1710438 1061482 7857783 8860721 5098335 2246064 5789339 1657939 314215 6772038 2121084 9776784 213845 9129465 1953537 2840094 101915 5513885 1283852 4334779 6443545 3406366 9975650 5492824 573184 3140727 3041999 3580445 473832 7497797 7219214 6518689 7238965 8259504 6358888 8628239 8116828 9698950 2691054 5067276 781533 5365277 874786 8755677 3666338 8177942 2881141 7737359 3101445 2783033 6684043 815173 121004 797533 9789372 3167480 3591539 5390801 739763 1519245 5195042 951069 3348709 8263798 4430385 7065691 663534 347476 5995214 7492701 8796577 5796901 2994768 9398508 8046233 8313481 7161536 7172492 6559786 335195 9971194 9263596 3842377 1498923 864590 7630772 6272719 8771290 3241126 8051517 7244238 5473716 2937934 1147893 6794184 9029466 8825051 3716219 8968644 4576938 1894435 2379270 8822677 457027 8945484 813526 5138165 655640 5522009 4430657 6709189 3028850 5253339 1897029 9326855 3923064 1326352 8854626 7424720 299216 9099763 6469243 7875700 7333364 8100971 3523862
195 899150142
3711389 98593 7239534 6881534 7850593 9477403 5494324 645183 3878650 3678510 6246750 4481003 246393 4362256 3071632 4802491 2160058 1205573 1868344 451999 8330074 554372 9576241 5374552 2675490 4966384 1100586 1254966 6141226 7133297 5163013 8456687 8520115 2368703 3818914 5555505 9334430 424050 5788735 848274 6370205 6756425 4967764 4313271 2239527 1523452 1129511 8328840 7004616 4802937 9804568 9096651 5606840 1883884 4488659 7873096 1887561 1930468 6429678 5982180 6778675 9211655 1059023 5687664 1217439 5773196 4101452 3683005 916053 3462128 8827049 357394 6948559 1498332 3155941 4271649 2937244 5118051 2509941 3718598 7871885 6511269 5277867 768437 1062711 2872056 2139269 1927403 5421794 3771532 3803843 2903169 9564981 1421332 8443874 9554320 8800372 1551793 9041039 3940794 3912092 3332005 3321255 4546924 9684811 4519545 2903260 5148891 3859598 6666492 7506968 1814990 4015785 6923074 2351380 9768279 6925416 8486902 650322 2370271 4407012 6698253 5430584 2857867 9051879 1879594 2490364 746069 6749627 7316059 2570742 2623638 6544850 3146005 1206422 5361867 6078063 8927743 1248612 9616068 6297967 8806399 4395760 3922322 7823090 1721480 1393803 4749601 971095 4279008 9664074 3508472 3754691 2224914 1116183 5234037 9197891 2694655 1550713 5627616 1970686 3865630 1078977 6148440 8927102 8866605 5536576 4364188 4730633 6857889 5386331 1510710 7326588 4062812 877726 9013190 9846073 2765932 6305898 1075223 5333203 6671583 6966338 2034462 8383103 4789005 3064876 4208020 3442790 8004036 5437931 2111382 9557876 6179854 3398449
270 13088120
377296 481403 65930 37691 465969 23205 5000000 48693 381514 334403 224256 376007 421367 99082 208234 427503 48358 153226 490188 98396 334498 151887 478322 164364 461232 485875 458372 172290 399240 248043 20337 384884 483263 468146 38464 59659 186136 245338 254974 394091 98841 49163 123823 296685 256486 31257 55805 303630 110197 141643 194188 347406 299576 480548 417700 146927 276000 156299 396090 25453 236729 379928 440056 78994 59028 51108 498153 96672 454211 246121 390332 371349 63082 314740 311765 441634 158680 216919 356522 148165 452602 195397 98935 20565 225498 438332 309747 468829 382831 222215 100239 264284 374831 190029 136956 8761 393340 192749 174719 498890 39860 22426 493865 203443 290508 351359 27084 137156 474818 402857 224657 440218 229943 376633 271186 461760 76603 28331 88323 422893 233234 58959 63235 242124 43304 201398 429119 285265 107941 310761 197099 422782 183714 272103 172111 29071 482078 267967 143825 10323 161692 143847 224109 386389 64492 64416 130074 413593 406177 8279 173377 364592 188719 89413 378715 322509 46357 43980 447880 283010 389141 232218 170906 10685 244551 390383 335846 295529 302608 273312 403143 419667 348753 425241 423513 8850 234042 252629 312695 297032 126252 427758 396145 489761 363510 246658 82552 277086 64359 348608 92520 359021 290417 451244 209328 206643 61052 115151 5727748 439033 99701 254710 200148 204004 368712 461745 237032 302388 35609 442188 358738 42399 406873 146937 278719 481330 124684 278422 284649 108842 208317 164774 267414 361808 21777 371590 30125 57960 307114 445194 68111 227330 463955 163736 36570 283189 348321 297490 294539 266466 447726 419685 35500 134947 455387 261449 149356 386674 245371 282361 2388 96668 81275 247178 222905 115429 194206 383587 474007 163179 57329 1674 173481 401383 376242 123664 135400 359552 85770 73654
91 91
343 343 343 343 343 343 343 343 343 343 343 343 343 343 343 343 343 343 343 343 343 343 343 343 343 343 343 343 343 343 343 343 343 343 343 343 343 343 343 343 343 343 343 343 343 343 343 343 343 343 343 343 343 343 343 343 343 343 343 343 343 343 343 343 343 343 343 343 343 343 343 343 343 343 343 343 343 343 343 343 343 343 343 343 343 343 343 343 343 343 343
141 1
230140 8356054 3781173 3068925 1959987 125679 4077400 8403688 2360409 8400060 9826190 958801 7560069 1337639 4294173 6263484 1535252 8210470 4438568 9626499 8021563 8702644 4035642 9022731 1784310 8674906 5607592 9120835 1703162 224159 8187292 9347804 8938847 1668971 8159749 7422130 2176943 5826627 4782587 8704573 7997535 9251069 7428813 1599433 7740353 5770744 4998009 6521757 2329002 2061136 5190427 1285205 7795664 5747090 2382455 4609578 774025 8708267 4734095 1374573 9258646 1202691 1568694 553621 5723982 1247731 8654969 4622493 1682052 1108392 8260386 8176120 5684032 7227762 5339819 9917366 9411618 2176626 9350795 288781 8218956 4872922 9803018 2947794 3711297 1348166 4586199 8841040 4973184 3496841 1279688 5175810 9456083 6871627 2993775 1746026 3268939 7591578 9873213 9667982 5899835 1754517 3007022 9889206 817081 7210899 8179273 3346521 7146628 4837108 3171423 3202080 6799931 868885 1130097 6535253 5209426 9185846 1521450 8137286 7998644 263044 7474151 9106486 3959288 545627 7316829 9059113 6735766 4578927 3578135 3229847 5046126 3014579 4221971 3439917 8259126 2211489 7680475 7400958 2929322
110 3820
7039 4631 1028 6196 4631 1309 7039 9029 4631 3820 7039 9029 1309 543 9029 7039 7039 3820 1028 7126 1028 7126 1309 3820 3820 4942 2731 4631 1309 4942 9029 7126 6196 1309 543 4942 7039 9029 4942 9029 1309 9029 1028 9029 7039 2731 6196 4942 1309 4631 543 9029 7039 3820 9029 1028 7039 6196 3820 6196 3820 9029 2731 3820 9029 6196 1028 543 6196 9029 3820 3820 1028 4631 543 1309 7126 7126 7039 3820 543 1028 7126 7126 4942 2731 543 9029 4631 543 3820 1028 2731 543 1028 6196 4942 2731 543 2731 6196 3820 1309 6196 6196 6196 1309 1028 1309 1309
110 502134533
5409301 9488950 6410575 4799307 5077756 9908548 4588815 174704 1423404 1360351 1256876 4571359 2448233 9894473 6217705 9498767 9413618 3840020 8781174 4911458 6539053 836301 8680792 8507159 5230617 6149906 6354641 8011007 7512339 3780135 5658608 5298786 4802009 209156 1845271 8187567 8257170 8805561 5550549 203679 2006160 6364004 1631716 5389087 9494390 1571483 5947727 5345105 6319147 7991867 4444910 6214901 7281031 259987 3878795 199955 8235008 5904030 1164443 2878004 9841932 8286921 728196 1473277 4650515 6516648 5103507 903110 3613484 6402438 9421597 7860309 2162660 4710777 3739439 5114332 1548456 2773446 2922199 2634751 8615310 1962414 3437887 710373 7501682 4777568 7111656 3860180 673829 5474905 3082336 5726000 1376084 2799695 5277173 9341906 4318498 378756 3691497 7927982 9500415 5793719 6294317 6649501 8489917 3163963 2514796 1160465 4266370 4971587
75 3262185
444 6802 6830 7719 7833 8370 9047 9445 9609 9887 10722 11579 13591 13981 15434 15808 16855 17152 17571 17649 18452 19606 24119 30110 30863 32612 34268 35674 36940 38910 40079 40105 41920 42905 43286 44504 44887 46022 46925 51404 55863 55916 57071 57090 59046 59765 60697 62251 63223 63503 64132 64715 64747 65631 66254 67812 68516 68702 70604 70921 74127 75566 76853 78386 80529 83305 85955 86506 87838 91047 91841 92040 92963 93130 98448
17 991286
1728 7449 24114 43224 51742 52317 54365 56697 62715 66487 67467 69501 78101 85836 89810 92526 92923
28 1
446969 266565 488142 96013 105289 5131698 233199 247652 227120 163635 236897 464166 43730 338754 15937 379386 191364 182712 447869 308168 3187 192230 53810 5000000 365116 257713 353833 344841
60 23454502
8850243 7253854 6889243 1597248 4141751 5535265 8850184 6968805 2270634 8338618 328596 1651012 3685195 8724611 1126341 7420218 3268149 1828833 4506364 2031508 6671740 8131985 3995828 888753 7132957 5897719 4431687 7497521 2331362 194905 434183 7969512 2519129 8903972 4939366 8489725 9827855 8993046 8349481 1075213 5519819 2165644 7131091 3508098 5038333 7191333 5589828 2616315 6807221 6598305 2611198 5562445 202817 6986349 4766959 9143731 6066413 7642926 3006093 6128207
32 159
159 159 159 159 159 159 159 159 159 159 159 159 159 159 159 159 159 159 159 159 159 159 159 159 159 159 159 159 159 159 159 159
3 127893
5137470 5000000 127893
50 2600268
1151 4066 8232 9143 12195 14043 16053 18519 21057 21439 22246 26644 28421 28584 36462 36834 39120 42506 43493 43938 45952 47321 50542 55653 56180 57479 59382 59563 60575 61547 61787 64762 68941 69730 69753 74173 77812 78160 78538 80045 80855 81894 82181 82205 85455 93845 93998 94495 95735 99950
26 221437
98 1372 4159 16887 22372 22391 24232 27095 30843 32825 42893 53803 55369 59607 64101 65902 66716 69251 71163 73274 75040 79972 83193 90360 93198 98017
23 135992521
6484893 4043351 5185195 5692612 9597655 6586832 8489027 9254890 8791005 3531816 7551407 2231221 9897255 8055341 1278838 2036184 9767627 398703 8954236 7961732 3970949 232677 9987049
22 188870
94449 94421 94235 92666 91589 91316 87520 85101 81327 75201 71633 70959 58316 57942 52381 17680 14950 13291 7466 5297 4091 3345
15 371064
371064 2169241 39979 9574362 8999663 7025194 9141267 7399136 9212544 8252616 6234087 1322685 3795249 8281009 409158
17 1
6758833 9717726 4037539 4138132 4244632 3516896 4032957 1174162 5450928 9386546 7303254 8668648 7239303 1913962 6306761 9782663 3443973
9 1530
765 765 765 765 765 765 765 765 765
3 138230
89125 47632 27804
8 46
422575 320409 5230005 242441 284691 379821 5000000 160472
2 170130
83654 88854
7 47912
7490 7490 7490 7490 7490 7490 7490
4 10958283
5000000 5958283 310419 148021
26 1229692
170600 963308 992434 626508 236880 683224 514728 940727 380305 340527 427707 291462 547862 790973 252241 432828 149423 389168 910381 205883 70992 838582 578373 81659 174556 548207
