20
22 77
1 4 37 43 72 7 9 73 25 47 40 11 28 11 23 19 19 9 20 37 27 1
80 2
3 1 2 1 2 1 2 1 2 1 2 1 2 1 2 1 2 1 2 1 2 1 2 1 2 1 2 1 2 1 2 1 2 1 2 1 2 1 2 1 2 1 2 1 2 1 2 1 2 1 2 1 2 1 2 1 2 1 2 1 2 1 2 1 2 1 2 1 2 1 2 1 2 1 2 1 2 1 2 1
70 6
1 4 1 3 3 3 4 2 2 4 1 2 1 2 2 1 1 4 1 3 2 1 1 1 4 2 4 3 2 2 3 4 3 1 1 4 2 3 3 2 1 4 2 2 4 2 4 4 1 1 2 3 1 3 2 2 4 1 4 4 3 4 2 2 1 2 4 4 3 1
226 67
68 6 67 6 67 6 67 6 67 6 67 6 67 6 67 6 67 6 67 6 67 6 67 6 67 6 67 6 67 6 67 6 67 6 67 6 67 6 67 6 67 6 67 6 67 6 67 6 67 6 67 6 67 6 67 6 67 6 67 6 67 6 67 6 67 6 67 6 67 6 67 6 67 6 67 6 67 6 67 6 67 6 67 6 67 6 67 6 67 6 67 6 67 6 67 6 67 6 67 6 67 6 67 6 67 6 67 6 67 6 67 6 67 6 67 6 67 6 67 6 67 6 67 6 67 6 67 6 67 6 67 6 67 6 67 6 67 6 67 6 67 6 67 6 67 6 67 6 67 6 67 6 67 6 67 6 67 6 67 6 67 6 67 6 67 6 67 6 67 6 67 6 67 6 67 6 67 6 67 6 67 6 67 6 67 6 67 6 67 6 67 6 67 6 67 6 67 6 67 6 67 6 67 6 67 6 67 6 67 6 67 6 67 6 67 6 67 6 67 6 67 6 67 6 67 6
51 93
94 86 86 86 86 86 86 86 86 86 86 86 86 86 86 86 86 86 86 86 86 86 86 86 86 86 86 86 86 86 86 86 86 86 86 86 86 86 86 86 86 86 86 86 86 86 86 86 86 86 86
444 66
67 67 67 67 67 67 67 67 67 67 67 67 67 67 67 67 67 67 67 67 67 67 67 67 67 67 67 67 67 67 67 67 67 67 67 67 67 67 67 67 67 67 67 67 67 67 67 67 67 67 67 67 67 67 67 67 67 67 67 67 67 67 67 67 67 67 67 67 67 67 67 67 67 67 67 67 67 67 67 67 67 67 67 67 67 67 67 67 67 67 67 67 67 67 67 67 67 67 67 67 67 67 67 67 67 67 67 67 67 67 67 67 67 67 67 67 67 67 67 67 67 67 67 67 67 67 67 67 67 67 67 67 67 67 67 67 67 67 67 67 67 67 67 67 67 67 67 67 67 67 67 67 67 67 67 67 67 67 67 67 67 67 67 67 67 67 67 67 67 67 67 67 67 67 67 67 67 67 67 67 67 67 67 67 67 67 67 67 67 67 67 67 67 67 67 67 67 67 67 67 67 67 67 67 67 67 67 67 67 67 67 67 67 67 67 67 67 67 67 67 67 67 67 67 67 67 67 67 67 67 67 67 67 67 67 67 67 67 67 67 67 67 67 67 67 67 67 67 67 67 67 67 67 67 67 67 67 67 67 67 67 67 67 67 67 67 67 67 67 67 67 67 67 67 67 67 67 67 67 67 67 67 67 67 67 67 67 67 67 67 67 67 67 67 67 67 67 67 67 67 67 67 67 67 67 67 67 67 67 67 67 67 67 67 67 67 67 67 67 67 67 67 67 67 67 67 67 67 67 67 67 67 67 67 67 67 67 67 67 67 67 67 67 67 67 67 67 67 67 67 67 67 67 67 67 67 67 67 67 67 67 67 67 67 67 67 67 67 67 67 67 67 67 67 67 67 67 67 67 67 67 67 67 67 67 67 67 67 67 67 67 67 67 67 67 67 67 67 67 67 67 67 67 67 67 67 67 67 67 67 67 67 67 67 67 67 67 67 67 67 67 67 67 67 67 67 67 67 67 67 67 67 67 67 67 67 67 67 67 67 67 67 67 67
440 91
1 38 33 7 31 61 15 5 82 26 1 35 26 59 7 44 68 86 50 4 14 45 73 43 89 14 9 19 19 1 80 40 36 55 79 78 48 55 59 7 49 55 56 63 86 43 1 39 9 78 86 70 56 49 14 61 40 63 1 7 4 19 33 4 11 79 39 59 12 18 17 83 34 79 1 28 89 31 72 63 63 2 26 52 30 75 68 81 63 71 80 6 6 46 62 77 74 79 53 82 18 48 25 57 45 78 20 52 61 22 85 38 16 55 84 75 58 69 67 9 46 34 34 37 20 60 50 86 58 42 18 29 73 16 34 34 79 64 40 1 55 12 19 57 45 67 17 59 26 51 12 83 33 43 77 2 43 55 82 21 86 5 88 69 57 29 8 3 2 50 27 30 58 85 89 88 2 17 72 8 45 57 25 45 59 15 20 26 49 82 21 61 45 16 76 63 7 36 71 76 8 7 55 16 1 56 83 72 88 63 74 7 48 26 68 55 70 88 27 84 46 82 36 48 20 46 68 4 43 3 29 32 20 14 41 30 88 89 50 3 85 16 13 4 76 27 52 24 22 66 18 51 67 6 3 8 54 23 40 2 77 89 37 17 76 31 19 23 30 8 40 56 18 75 53 59 23 64 39 42 25 19 57 20 71 36 17 53 8 66 17 89 8 85 10 66 73 65 30 26 77 2 15 35 26 39 50 24 64 70 83 45 85 68 15 18 15 43 47 54 25 34 22 38 26 3 68 28 17 78 34 74 5 39 63 45 25 26 51 40 81 57 73 88 2 25 36 44 24 46 86 36 8 36 4 9 29 88 26 46 59 35 16 77 41 25 63 63 80 13 84 12 38 80 40 7 20 52 70 82 17 38 10 66 71 69 35 17 68 78 77 39 63 45 28 54 49 14 56 33 74 80 35 11 58 37 84 60 6 86 37 30 61 36 17 2 73 81 15 50 46 1 21 70 85 7 73 67 34 50 54 51 19 86 30 47 31 56 66 1
196 69
42 42 42 42 42 42 42 42 42 42 42 42 42 42 42 42 42 42 42 42 42 42 42 42 42 42 42 42 42 42 42 42 42 42 42 42 42 42 42 42 42 42 42 42 42 42 42 42 42 42 42 42 42 42 42 42 42 42 42 42 42 42 42 42 42 42 42 42 42 42 42 42 42 42 42 42 42 42 42 42 42 42 42 42 42 42 42 42 42 42 42 42 42 42 42 42 42 42 42 42 42 42 42 42 42 42 42 42 42 42 42 42 42 42 42 42 42 42 42 42 42 42 42 42 42 42 42 42 42 42 42 42 42 42 42 42 42 42 42 42 42 42 42 42 42 42 42 42 42 42 42 42 42 42 42 42 42 42 42 42 42 42 42 42 42 42 42 42 42 42 42 42 42 42 42 42 42 42 42 42 42 42 42 42 42 42 42 42 42 42 42 42 42 42 42 70
396 60
61 31 32 33 34 35 36 37 38 39 40 41 42 43 44 45 46 47 48 49 50 51 52 53 54 55 56 57 58 59 60 61 62 63 64 65 66 67 68 69 70 71 72 73 74 75 76 77 78 79 80 81 82 83 84 85 86 87 88 89 90 91 92 93 94 95 96 97 98 99 100 100 100 100 100 100 100 100 100 100 100 100 100 100 100 100 100 100 100 100 100 100 100 100 100 100 100 100 100 100 100 100 100 100 100 100 100 100 100 100 100 100 100 100 100 100 100 100 100 100 100 100 100 100 100 100 100 100 100 100 100 100 100 100 100 100 100 100 100 100 100 100 100 100 100 100 100 100 100 100 100 100 100 100 100 100 100 100 100 100 100 100 100 100 100 100 100 100 100 100 100 100 100 100 100 100 100 100 100 100 100 100 100 100 100 100 100 100 100 100 100 100 100 100 100 100 100 100 100 100 100 100 100 100 100 100 100 100 100 100 100 100 100 100 100 100 100 100 100 100 100 100 100 100 100 100 100 100 100 100 100 100 100 100 100 100 100 100 100 100 100 100 100 100 100 100 100 100 100 100 100 100 100 100 100 100 100 100 100 100 100 100 100 100 100 100 100 100 100 100 100 100 100 100 100 100 100 100 100 100 100 100 100 100 100 100 100 100 100 100 100 100 100 100 100 100 100 100 100 100 100 100 100 100 100 100 100 100 100 100 100 100 100 100 100 100 100 100 100 100 100 100 100 100 100 100 100 100 100 100 100 100 100 100 100 100 100 100 100 100 100 100 100 100 100 100 100 100 100 100 100 100 100 100 100 100 100 100 100 100 100 100 100 100 100 100 100 100 100 100 100 100 100 100 100 100 100 100 100 100 100 100 100 100 100 100 100 100 100 100 100 100 100 100 100 100
61 46
46 4 46 4 46 4 46 4 46 4 46 4 46 4 46 4 46 4 46 4 46 4 46 4 46 4 46 4 46 4 46 4 46 4 46 4 46 4 46 4 46 4 46 4 46 4 46 4 46 4 46 4 46 4 46 4 46 4 46 4 47
187 87
1 85 85 85 85 85 85 85 85 85 85 85 85 85 85 85 85 85 85 85 85 85 85 85 85 85 85 85 85 85 85 85 85 85 85 85 85 85 85 85 85 85 85 85 85 85 85 85 85 85 85 85 85 85 85 85 85 85 85 85 85 85 85 85 85 85 85 85 85 85 85 85 85 85 85 85 85 85 85 85 85 85 85 85 85 85 85 85 85 85 85 85 85 85 85 85 85 85 85 85 85 85 85 85 85 85 85 85 85 85 85 85 85 85 85 85 85 85 85 85 85 85 85 85 85 85 85 85 85 85 85 85 85 85 85 85 85 85 85 85 85 85 85 85 85 85 85 85 85 85 85 85 85 85 85 85 85 85 85 85 85 85 85 85 85 85 85 85 85 85 85 85 85 85 85 85 85 85 85 85 85 85 85 85 85 85 1
121 42
1 1 1 1 1 1 1 1 1 1 1 1 1 1 1 1 1 1 1 1 1 1 1 1 1 1 1 1 1 1 1 1 1 1 1 1 1 1 1 1 1 1 1 1 1 1 1 1 1 1 1 1 1 1 1 1 1 1 1 1 1 1 1 1 1 1 1 1 1 1 1 1 1 1 1 1 1 1 1 1 1 1 1 1 1 1 1 1 1 1 1 1 1 1 1 1 1 1 1 1 1 1 1 1 1 1 1 1 1 1 1 1 1 1 1 1 1 1 1 1 1
101 35
1 1 1 1 1 1 1 1 1 1 1 1 1 1 1 1 1 1 1 1 1 1 1 1 1 1 1 1 1 1 1 1 1 1 1 1 1 1 1 1 1 1 1 1 1 1 1 1 1 1 1 1 1 1 1 1 1 1 1 1 1 1 1 1 1 1 1 1 1 1 1 1 1 1 1 1 1 1 1 1 1 1 1 1 1 1 1 1 1 1 1 1 1 1 1 1 1 1 1 1 1
328 43
1 41 41 41 41 41 41 41 41 41 41 41 41 41 41 41 41 41 41 41 41 41 41 41 41 41 41 41 41 41 41 41 41 41 41 41 41 41 41 41 41 41 41 41 41 41 41 41 41 41 41 41 41 41 41 41 41 41 41 41 41 41 41 41 41 41 41 41 41 41 41 41 41 41 41 41 41 41 41 41 41 41 41 41 41 41 41 41 41 41 41 41 41 41 41 41 41 41 41 41 41 41 41 41 41 41 41 41 41 41 41 41 41 41 41 41 41 41 41 41 41 41 41 41 41 41 41 41 41 41 41 41 41 41 41 41 41 41 41 41 41 41 41 41 41 41 41 41 41 41 41 41 41 41 41 41 41 41 41 41 41 41 41 41 41 41 41 41 41 41 41 41 41 41 41 41 41 41 41 41 41 41 41 41 41 41 41 41 41 41 41 41 41 41 41 41 41 41 41 41 41 41 41 41 41 41 41 41 41 41 41 41 41 41 41 41 41 41 41 41 41 41 41 41 41 41 41 41 41 41 41 41 41 41 41 41 41 41 41 41 41 41 41 41 41 41 41 41 41 41 41 41 41 41 41 41 41 41 41 41 41 41 41 41 41 41 41 41 41 41 41 41 41 41 41 41 41 41 41 41 41 41 41 41 41 41 41 41 41 41 41 41 41 41 41 41 41 41 41 41 41 41 41 41 41 41 41 41 41 41 41 41 41 41 41 41 41 41 41 41 41 41 41 41 41 41 41 1
102 82
83 83 83 83 83 83 83 83 83 83 83 83 83 83 83 83 83 83 83 83 83 83 83 83 83 83 83 83 83 83 83 83 83 83 83 83 83 83 83 83 83 83 83 83 83 83 83 83 83 83 83 83 83 83 83 83 83 83 83 83 83 83 83 83 83 83 83 83 83 83 83 83 83 83 83 83 83 83 83 83 83 83 83 83 83 83 83 83 83 83 83 83 83 83 83 83 83 83 83 83 83 83
256 60
61 6 60 6 60 6 60 6 60 6 60 6 60 6 60 6 60 6 60 6 60 6 60 6 60 6 60 6 60 6 60 6 60 6 60 6 60 6 60 6 60 6 60 6 60 6 60 6 60 6 60 6 60 6 60 6 60 6 60 6 60 6 60 6 60 6 60 6 60 6 60 6 60 6 60 6 60 6 60 6 60 6 60 6 60 6 60 6 60 6 60 6 60 6 60 6 60 6 60 6 60 6 60 6 60 6 60 6 60 6 60 6 60 6 60 6 60 6 60 6 60 6 60 6 60 6 60 6 60 6 60 6 60 6 60 6 60 6 60 6 60 6 60 6 60 6 60 6 60 6 60 6 60 6 60 6 60 6 60 6 60 6 60 6 60 6 60 6 60 6 60 6 60 6 60 6 60 6 60 6 60 6 60 6 60 6 60 6 60 6 60 6 60 6 60 6 60 6 60 6 60 6 60 6 60 6 60 6 60 6 60 6 60 6 60 6 60 6 60 6 60 6 60 6 60 6 60 6 60 6 60 6 60 6 60 6 60 6 60 6 60 6 60 6 60 6 60 6 60 6 60 6 60 6 60 6
342 30
1 1 20 3 11 26 18 24 8 28 11 15 11 18 17 21 14 9 5 22 25 4 23 28 3 8 7 8 23 18 27 21 6 13 5 4 18 8 17 18 16 10 23 26 9 6 12 7 16 15 12 21 17 17 14 22 25 16 24 15 22 6 4 27 14 19 5 14 24 24 4 19 22 7 14 16 21 13 23 13 18 18 25 10 6 10 12 18 6 8 17 23 13 2 3 13 22 12 24 7 6 22 10 27 26 24 5 20 7 17 6 15 7 17 25 1 15 6 15 7 5 10 19 16 6 27 5 9 24 16 24 11 14 5 1 12 2 27 11 17 17 16 28 23 19 23 5 5 24 2 4 20 15 3 28 28 10 1 5 18 25 27 13 12 10 4 15 7 26 2 13 2 12 18 5 16 24 21 21 4 22 5 26 17 15 28 8 10 10 12 23 17 4 27 12 22 2 2 15 7 1 4 15 1 21 5 26 9 15 15 25 8 5 23 23 26 23 4 4 12 4 19 27 20 27 8 11 27 2 27 22 25 14 12 9 3 15 11 27 17 19 23 11 16 9 26 21 22 2 25 13 4 27 18 6 22 21 17 10 19 21 11 22 12 10 5 2 8 23 24 26 3 9 19 16 27 23 26 26 10 21 22 13 27 12 19 23 7 10 15 22 16 25 8 12 7 18 2 25 3 25 3 10 22 3 7 15 19 5 24 28 27 27 6 26 3 12 12 17 28 9 13 18 18 11 14 15 12 15 1 1 23 18 24 10 11 2 20 7 3 23 1
443 3
1 2 3 4 5 6 7 8 9 10 11 12 13 14 15 16 17 18 19 20 21 22 23 24 25 26 27 28 29 30 31 32 33 34 35 36 37 38 39 40 41 42 43 44 45 46 47 48 49 50 51 52 53 54 55 56 57 58 59 60 61 62 63 64 65 66 67 68 69 70 71 72 73 74 75 76 77 78 79 80 81 82 83 84 85 86 87 88 89 90 91 92 93 94 95 96 97 98 99 100 100 100 100 100 100 100 100 100 100 100 100 100 100 100 100 100 100 100 100 100 100 100 100 100 100 100 100 100 100 100 100 100 100 100 100 100 100 100 100 100 100 100 100 100 100 100 100 100 100 100 100 100 100 100 100 100 100 100 100 100 100 100 100 100 100 100 100 100 100 100 100 100 100 100 100 100 100 100 100 100 100 100 100 100 100 100 100 100 100 100 100 100 100 100 100 100 100 100 100 100 100 100 100 100 100 100 100 100 100 100 100 100 100 100 100 100 100 100 100 100 100 100 100 100 100 100 100 100 100 100 100 100 100 100 100 100 100 100 100 100 100 100 100 100 100 100 100 100 100 100 100 100 100 100 100 100 100 100 100 100 100 100 100 100 100 100 100 100 100 100 100 100 100 100 100 100 100 100 100 100 100 100 100 100 100 100 100 100 100 100 100 100 100 100 100 100 100 100 100 100 100 100 100 100 100 100 100 100 100 100 100 100 100 100 100 100 100 100 100 100 100 100 100 100 100 100 100 100 100 100 100 100 100 100 100 100 100 100 100 100 100 100 100 100 100 100 100 100 100 100 100 100 100 100 100 100 100 100 100 100 100 100 100 100 100 100 100 100 100 100 100 100 100 100 100 100 100 100 100 100 100 100 100 100 100 100 100 100 100 100 100 100 100 100 100 100 100 100 100 100 100 100 100 100 100 100 100 100 100 100 100 100 100 100 100 100 100 100 100 100 100 100 100 100 100 100 100 100 100 100 100 100 100 100 100 100 100 100 100 100 100 100 4
250 97
1 1 1 1 1 1 1 1 1 1 1 1 1 1 1 1 1 1 1 1 1 1 1 1 1 1 1 1 1 1 1 1 1 1 1 1 1 1 1 1 1 1 1 1 1 1 1 1 1 1 1 1 1 1 1 1 1 1 1 1 1 1 1 1 1 1 1 1 1 1 1 1 1 1 1 1 1 1 1 1 1 1 1 1 1 1 1 1 1 1 1 1 1 1 1 1 1 1 1 1 1 1 1 1 1 1 1 1 1 1 1 1 1 1 1 1 1 1 1 1 1 1 1 1 1 1 1 1 1 1 1 1 1 1 1 1 1 1 1 1 1 1 1 1 1 1 1 1 1 1 1 1 1 1 1 1 1 1 1 1 1 1 1 1 1 1 1 1 1 1 1 1 1 1 1 1 1 1 1 1 1 1 1 1 1 1 1 1 1 1 1 1 1 1 1 1 1 1 1 1 1 1 1 1 1 1 1 1 1 1 1 1 1 1 1 1 1 1 1 1 1 1 1 1 1 1 1 1 1 1 1 1 1 1 1 1 1 1 1 1 1 1 1 1 1 1 1 1 1 1
441 37
37 3 37 3 37 3 37 3 37 3 37 3 37 3 37 3 37 3 37 3 37 3 37 3 37 3 37 3 37 3 37 3 37 3 37 3 37 3 37 3 37 3 37 3 37 3 37 3 37 3 37 3 37 3 37 3 37 3 37 3 37 3 37 3 37 3 37 3 37 3 37 3 37 3 37 3 37 3 37 3 37 3 37 3 37 3 37 3 37 3 37 3 37 3 37 3 37 3 37 3 37 3 37 3 37 3 37 3 37 3 37 3 37 3 37 3 37 3 37 3 37 3 37 3 37 3 37 3 37 3 37 3 37 3 37 3 37 3 37 3 37 3 37 3 37 3 37 3 37 3 37 3 37 3 37 3 37 3 37 3 37 3 37 3 37 3 37 3 37 3 37 3 37 3 37 3 37 3 37 3 37 3 37 3 37 3 37 3 37 3 37 3 37 3 37 3 37 3 37 3 37 3 37 3 37 3 37 3 37 3 37 3 37 3 37 3 37 3 37 3 37 3 37 3 37 3 37 3 37 3 37 3 37 3 37 3 37 3 37 3 37 3 37 3 37 3 37 3 37 3 37 3 37 3 37 3 37 3 37 3 37 3 37 3 37 3 37 3 37 3 37 3 37 3 37 3 37 3 37 3 37 3 37 3 37 3 37 3 37 3 37 3 37 3 37 3 37 3 37 3 37 3 37 3 37 3 37 3 37 3 37 3 37 3 37 3 37 3 37 3 37 3 37 3 37 3 37 3 37 3 37 3 37 3 37 3 37 3 37 3 37 3 37 3 37 3 37 3 37 3 37 3 37 3 37 3 37 3 37 3 37 3 37 3 37 3 37 3 37 3 37 3 37 3 37 3 37 3 37 3 37 3 37 3 37 3 37 3 37 3 37 3 37 3 37 3 37 3 37 3 37 3 37 3 37 3 37 3 37 3 37 3 37 3 37 3 37 3 37 3 37 3 37 3 37 3 37 3 37 3 37 3 37 3 37 3 37 3 37 3 38
