20
294 35
1 33 33 33 33 33 33 33 33 33 33 33 33 33 33 33 33 33 33 33 33 33 33 33 33 33 33 33 33 33 33 33 33 33 33 33 33 33 33 33 33 33 33 33 33 33 33 33 33 33 33 33 33 33 33 33 33 33 33 33 33 33 33 33 33 33 33 33 33 33 33 33 33 33 33 33 33 33 33 33 33 33 33 33 33 33 33 33 33 33 33 33 33 33 33 33 33 33 33 33 33 33 33 33 33 33 33 33 33 33 33 33 33 33 33 33 33 33 33 33 33 33 33 33 33 33 33 33 33 33 33 33 33 33 33 33 33 33 33 33 33 33 33 33 33 33 33 33 33 33 33 33 33 33 33 33 33 33 33 33 33 33 33 33 33 33 33 33 33 33 33 33 33 33 33 33 33 33 33 33 33 33 33 33 33 33 33 33 33 33 33 33 33 33 33 33 33 33 33 33 33 33 33 33 33 33 33 33 33 33 33 33 33 33 33 33 33 33 33 33 33 33 33 33 33 33 33 33 33 33 33 33 33 33 33 33 33 33 33 33 33 33 33 33 33 33 33 33 33 33 33 33 33 33 33 33 33 33 33 33 33 33 33 33 33 33 33 33 33 33 33 33 33 33 33 33 33 33 33 33 33 33 33 33 33 33 33 33 33 33 33 33 33 1
38 84
85 33 33 33 33 33 33 33 33 33 33 33 33 33 33 33 33 33 33 33 33 33 33 33 33 33 33 33 33 33 33 33 33 33 33 33 33 33
206 92
1 76 43 9 87 25 85 11 15 15 15 69 56 10 7 20 49 6 18 65 72 70 14 79 10 30 67 38 4 7 43 68 80 8 25 43 32 11 53 74 6 15 86 54 34 73 76 57 39 56 77 48 38 42 54 39 10 41 63 65 80 15 24 31 24 57 44 89 51 69 22 9 7 56 16 67 56 45 80 80 35 60 44 29 69 54 37 44 38 41 19 61 29 43 90 86 3 40 21 25 51 19 10 78 60 10 49 62 52 64 75 39 43 63 41 82 79 42 1 61 74 74 78 28 57 75 62 23 89 60 2 48 71 60 28 71 16 12 25 35 28 79 50 31 39 80 88 55 60 2 48 79 53 69 9 46 43 2 3 17 68 77 31 4 26 54 24 10 44 33 23 58 80 76 21 4 66 65 16 6 55 17 73 25 36 70 44 12 37 44 10 70 82 24 71 9 9 45 85 72 43 71 88 72 64 1
494 2
1 1 1 1 1 1 1 1 1 1 1 1 1 1 1 1 1 1 1 1 1 1 1 1 1 1 1 1 1 1 1 1 1 1 1 1 1 1 1 1 1 1 1 1 1 1 1 1 1 1 1 1 1 1 1 1 1 1 1 1 1 1 1 1 1 1 1 1 1 1 1 1 1 1 1 1 1 1 1 1 1 1 1 1 1 1 1 1 1 1 1 1 1 1 1 1 1 1 1 1 1 1 1 1 1 1 1 1 1 1 1 1 1 1 1 1 1 1 1 1 1 1 1 1 1 1 1 1 1 1 1 1 1 1 1 1 1 1 1 1 1 1 1 1 1 1 1 1 1 1 1 1 1 1 1 1 1 1 1 1 1 1 1 1 1 1 1 1 1 1 1 1 1 1 1 1 1 1 1 1 1 1 1 1 1 1 1 1 1 1 1 1 1 1 1 1 1 1 1 1 1 1 1 1 1 1 1 1 1 1 1 1 1 1 1 1 1 1 1 1 1 1 1 1 1 1 1 1 1 1 1 1 1 1 1 1 1 1 1 1 1 1 1 1 1 1 1 1 1 1 1 1 1 1 1 1 1 1 1 1 1 1 1 1 1 1 1 1 1 1 1 1 1 1 1 1 1 1 1 1 1 1 1 1 1 1 1 1 1 1 1 1 1 1 1 1 1 1 1 1 1 1 1 1 1 1 1 1 1 1 1 1 1 1 1 1 1 1 1 1 1 1 1 1 1 1 1 1 1 1 1 1 1 1 1 1 1 1 1 1 1 1 1 1 1 1 1 1 1 1 1 1 1 1 1 1 1 1 1 1 1 1 1 1 1 1 1 1 1 1 1 1 1 1 1 1 1 1 1 1 1 1 1 1 1 1 1 1 1 1 1 1 1 1 1 1 1 1 1 1 1 1 1 1 1 1 1 1 1 1 1 1 1 1 1 1 1 1 1 1 1 1 1 1 1 1 1 1 1 1 1 1 1 1 1 1 1 1 1 1 1 1 1 1 1 1 1 1 1 1 1 1 1 1 1 1 1 1 1 1 1 1 1 1 1 1 1 1 1 1 1 1 1 1 1 1 1 1 1 1 1 1 1 1 1 1 1 1 1 1 1 1 1 1
69 24
25 5 6 7 8 9 10 11 12 13 14 15 16 17 18 19 20 21 22 23 24 25 26 27 28 29 30 31 32 33 34 35 36 37 38 39 40 41 42 43 44 45 46 47 48 49 50 51 52 53 54 55 56 57 58 59 60 61 62 63 64 65 66 67 68 69 70 71 72
398 10
11 4 5 6 7 8 9 10 11 12 13 14 15 16 17 18 19 20 21 22 23 24 25 26 27 28 29 30 31 32 33 34 35 36 37 38 39 40 41 42 43 44 45 46 47 48 49 50 51 52 53 54 55 56 57 58 59 60 61 62 63 64 65 66 67 68 69 70 71 72 73 74 75 76 77 78 79 80 81 82 83 84 85 86 87 88 89 90 91 92 93 94 95 96 97 98 99 100 100 100 100 100 100 100 100 100 100 100 100 100 100 100 100 100 100 100 100 100 100 100 100 100 100 100 100 100 100 100 100 100 100 100 100 100 100 100 100 100 100 100 100 100 100 100 100 100 100 100 100 100 100 100 100 100 100 100 100 100 100 100 100 100 100 100 100 100 100 100 100 100 100 100 100 100 100 100 100 100 100 100 100 100 100 100 100 100 100 100 100 100 100 100 100 100 100 100 100 100 100 100 100 100 100 100 100 100 100 100 100 100 100 100 100 100 100 100 100 100 100 100 100 100 100 100 100 100 100 100 100 100 100 100 100 100 100 100 100 100 100 100 100 100 100 100 100 100 100 100 100 100 100 100 100 100 100 100 100 100 100 100 100 100 100 100 100 100 100 100 100 100 100 100 100 100 100 100 100 100 100 100 100 100 100 100 100 100 100 100 100 100 100 100 100 100 100 100 100 100 100 100 100 100 100 100 100 100 100 100 100 100 100 100 100 100 100 100 100 100 100 100 100 100 100 100 100 100 100 100 100 100 100 100 100 100 100 100 100 100 100 100 100 100 100 100 100 100 100 100 100 100 100 100 100 100 100 100 100 100 100 100 100 100 100 100 100 100 100 100 100 100 100 100 100 100 100 100 100 100 100 100 100 100 100 100 100 100 100 100 100 100 100 100 100 100 100 100 100 100
257 48
1 31 21 24 6 17 34 43 40 20 11 43 28 33 34 30 44 10 24 26 7 24 19 3 45 44 21 23 8 12 15 35 14 44 36 43 18 18 31 12 33 19 31 2 12 20 8 42 11 5 16 7 24 33 5 15 37 15 22 18 35 17 37 38 6 26 8 34 12 4 24 1 14 5 23 33 10 46 22 3 8 41 29 46 36 33 4 28 7 24 38 16 37 30 7 41 14 22 21 38 10 32 3 28 9 41 32 11 40 45 18 2 44 30 2 15 28 13 36 16 24 41 5 7 44 2 11 34 16 5 39 32 36 45 23 46 37 14 5 1 23 2 1 13 37 41 4 28 9 4 14 5 34 30 5 6 7 18 31 34 9 23 27 23 12 40 37 32 37 28 20 8 33 39 34 45 40 41 30 30 22 32 2 18 34 27 6 44 42 19 39 37 1 45 17 14 5 24 40 42 9 6 6 35 26 33 17 31 39 39 10 38 1 36 38 30 13 16 29 15 8 21 10 40 44 38 18 16 45 4 33 28 5 28 15 20 23 9 11 14 43 45 41 35 30 29 34 10 5 7 4 43 26 42 40 14 1
282 87
2 3 4 5 6 7 8 9 10 11 12 13 14 15 16 17 18 19 20 21 22 23 24 25 26 27 28 29 30 31 32 33 34 35 36 37 38 39 40 41 42 43 44 45 46 47 48 49 50 51 52 53 54 55 56 57 58 59 60 61 62 63 64 65 66 67 68 69 70 71 72 73 74 75 76 77 78 79 80 81 82 83 84 85 86 87 88 89 90 91 92 93 94 95 96 97 98 99 100 100 100 100 100 100 100 100 100 100 100 100 100 100 100 100 100 100 100 100 100 100 100 100 100 100 100 100 100 100 100 100 100 100 100 100 100 100 100 100 100 100 100 100 100 100 100 100 100 100 100 100 100 100 100 100 100 100 100 100 100 100 100 100 100 100 100 100 100 100 100 100 100 100 100 100 100 100 100 100 100 100 100 100 100 100 100 100 100 100 100 100 100 100 100 100 100 100 100 100 100 100 100 100 100 100 100 100 100 100 100 100 100 100 100 100 100 100 100 100 100 100 100 100 100 100 100 100 100 100 100 100 100 100 100 100 100 100 100 100 100 100 100 100 100 100 100 100 100 100 100 100 100 100 100 100 100 100 100 100 100 100 100 100 100 100 100 100 100 100 100 100 100 100 100 100 100 100 100 100 100 100 100 88
59 45
1 1 1 1 1 1 1 1 1 1 1 1 1 1 1 1 1 1 1 1 1 1 1 1 1 1 1 1 1 1 1 1 1 1 1 1 1 1 1 1 1 1 1 1 1 1 1 1 1 1 1 1 1 1 1 1 1 1 1
42 78
22 23 24 25 26 27 28 29 30 31 32 33 34 35 36 37 38 39 40 41 42 43 44 45 46 47 48 49 50 51 52 53 54 55 56 57 58 59 60 61 62 79
473 86
87 8 86 8 86 8 86 8 86 8 86 8 86 8 86 8 86 8 86 8 86 8 86 8 86 8 86 8 86 8 86 8 86 8 86 8 86 8 86 8 86 8 86 8 86 8 86 8 86 8 86 8 86 8 86 8 86 8 86 8 86 8 86 8 86 8 86 8 86 8 86 8 86 8 86 8 86 8 86 8 86 8 86 8 86 8 86 8 86 8 86 8 86 8 86 8 86 8 86 8 86 8 86 8 86 8 86 8 86 8 86 8 86 8 86 8 86 8 86 8 86 8 86 8 86 8 86 8 86 8 86 8 86 8 86 8 86 8 86 8 86 8 86 8 86 8 86 8 86 8 86 8 86 8 86 8 86 8 86 8 86 8 86 8 86 8 86 8 86 8 86 8 86 8 86 8 86 8 86 8 86 8 86 8 86 8 86 8 86 8 86 8 86 8 86 8 86 8 86 8 86 8 86 8 86 8 86 8 86 8 86 8 86 8 86 8 86 8 86 8 86 8 86 8 86 8 86 8 86 8 86 8 86 8 86 8 86 8 86 8 86 8 86 8 86 8 86 8 86 8 86 8 86 8 86 8 86 8 86 8 86 8 86 8 86 8 86 8 86 8 86 8 86 8 86 8 86 8 86 8 86 8 86 8 86 8 86 8 86 8 86 8 86 8 86 8 86 8 86 8 86 8 86 8 86 8 86 8 86 8 86 8 86 8 86 8 86 8 86 8 86 8 86 8 86 8 86 8 86 8 86 8 86 8 86 8 86 8 86 8 86 8 86 8 86 8 86 8 86 8 86 8 86 8 86 8 86 8 86 8 86 8 86 8 86 8 86 8 86 8 86 8 86 8 86 8 86 8 86 8 86 8 86 8 86 8 86 8 86 8 86 8 86 8 86 8 86 8 86 8 86 8 86 8 86 8 86 8 86 8 86 8 86 8 86 8 86 8 86 8 86 8 86 8 86 8 86 8 86 8 86 8 86 8 86 8 86 8 86 8 86 8 86 8 86 8 86 8 86 8 86 8 86 8 86 8 86 8 86 8 86 8 86 8 86 8 86 8 86 8 86 8 86
238 56
57 18 18 18 18 18 18 18 18 18 18 18 18 18 18 18 18 18 18 18 18 18 18 18 18 18 18 18 18 18 18 18 18 18 18 18 18 18 18 18 18 18 18 18 18 18 18 18 18 18 18 18 18 18 18 18 18 18 18 18 18 18 18 18 18 18 18 18 18 18 18 18 18 18 18 18 18 18 18 18 18 18 18 18 18 18 18 18 18 18 18 18 18 18 18 18 18 18 18 18 18 18 18 18 18 18 18 18 18 18 18 18 18 18 18 18 18 18 18 18 18 18 18 18 18 18 18 18 18 18 18 18 18 18 18 18 18 18 18 18 18 18 18 18 18 18 18 18 18 18 18 18 18 18 18 18 18 18 18 18 18 18 18 18 18 18 18 18 18 18 18 18 18 18 18 18 18 18 18 18 18 18 18 18 18 18 18 18 18 18 18 18 18 18 18 18 18 18 18 18 18 18 18 18 18 18 18 18 18 18 18 18 18 18 18 18 18 18 18 18 18 18 18 18 18 18 18 18 18 18 18 18 18 18 18 18 18 18
205 6
7 7 7 7 7 7 7 7 7 7 7 7 7 7 7 7 7 7 7 7 7 7 7 7 7 7 7 7 7 7 7 7 7 7 7 7 7 7 7 7 7 7 7 7 7 7 7 7 7 7 7 7 7 7 7 7 7 7 7 7 7 7 7 7 7 7 7 7 7 7 7 7 7 7 7 7 7 7 7 7 7 7 7 7 7 7 7 7 7 7 7 7 7 7 7 7 7 7 7 7 7 7 7 7 7 7 7 7 7 7 7 7 7 7 7 7 7 7 7 7 7 7 7 7 7 7 7 7 7 7 7 7 7 7 7 7 7 7 7 7 7 7 7 7 7 7 7 7 7 7 7 7 7 7 7 7 7 7 7 7 7 7 7 7 7 7 7 7 7 7 7 7 7 7 7 7 7 7 7 7 7 7 7 7 7 7 7 7 7 7 7 7 7 7 7 7 7 7 7 7 7 7 7 7 7
227 42
1 40 40 40 40 40 40 40 40 40 40 40 40 40 40 40 40 40 40 40 40 40 40 40 40 40 40 40 40 40 40 40 40 40 40 40 40 40 40 40 40 40 40 40 40 40 40 40 40 40 40 40 40 40 40 40 40 40 40 40 40 40 40 40 40 40 40 40 40 40 40 40 40 40 40 40 40 40 40 40 40 40 40 40 40 40 40 40 40 40 40 40 40 40 40 40 40 40 40 40 40 40 40 40 40 40 40 40 40 40 40 40 40 40 40 40 40 40 40 40 40 40 40 40 40 40 40 40 40 40 40 40 40 40 40 40 40 40 40 40 40 40 40 40 40 40 40 40 40 40 40 40 40 40 40 40 40 40 40 40 40 40 40 40 40 40 40 40 40 40 40 40 40 40 40 40 40 40 40 40 40 40 40 40 40 40 40 40 40 40 40 40 40 40 40 40 40 40 40 40 40 40 40 40 40 40 40 40 40 40 40 40 40 40 40 40 40 40 40 40 40 40 40 40 40 40 1
471 24
1 17 16 7 11 20 12 11 3 20 21 3 17 3 18 14 20 8 6 7 5 18 15 11 11 19 22 17 6 14 17 8 13 15 8 8 3 10 20 22 22 2 6 7 2 8 8 12 8 13 2 22 20 9 5 13 21 4 16 15 1 9 6 22 2 22 11 18 17 22 17 14 3 14 17 21 14 21 6 18 17 6 2 8 1 10 22 16 11 18 2 6 2 18 3 17 18 5 11 12 1 16 7 14 2 9 9 14 10 15 6 1 5 3 16 21 21 12 5 10 1 16 2 15 12 13 20 17 7 3 13 7 9 17 3 22 18 6 7 7 4 16 21 13 13 6 8 5 8 2 9 7 16 14 1 1 9 22 10 10 6 7 3 22 16 1 12 5 12 10 5 17 4 13 12 20 9 17 16 9 12 9 11 4 10 13 11 4 1 22 15 14 21 22 13 14 20 8 17 2 17 8 4 13 12 18 17 6 12 7 21 3 20 5 16 5 4 18 13 11 7 1 8 14 12 8 19 17 5 15 13 5 13 7 9 1 20 12 6 7 14 13 8 11 1 22 11 20 3 12 9 22 14 4 11 3 21 10 7 14 7 16 4 21 5 15 21 2 20 4 20 7 2 15 21 9 2 22 12 16 22 8 7 6 1 9 15 21 7 21 17 6 5 22 20 22 4 12 13 11 12 11 12 18 15 1 10 3 6 8 16 3 2 3 8 11 14 12 17 13 4 18 18 12 10 16 7 7 7 18 5 8 13 16 7 18 22 9 11 15 7 9 7 1 20 17 6 16 19 7 1 12 14 13 19 16 6 21 12 1 10 14 9 16 19 14 14 19 2 4 4 10 3 21 13 22 3 2 22 20 11 14 8 10 20 18 19 12 19 2 14 5 14 13 22 18 15 22 7 17 15 5 12 14 7 9 21 15 21 1 3 2 19 10 12 19 5 21 19 22 7 22 21 22 2 14 14 16 12 14 11 7 21 4 4 20 3 16 2 19 15 16 3 19 11 18 21 20 2 3 14 18 4 7 3 10 19 18 18 1 18 8 17 6 2 9 22 7 12 4 1
491 2
1 1 1 1 1 1 1 1 1 1 1 1 1 1 1 1 1 1 1 1 1 1 1 1 1 1 1 1 1 1 1 1 1 1 1 1 1 1 1 1 1 1 1 1 1 1 1 1 1 1 1 1 1 1 1 1 1 1 1 1 1 1 1 1 1 1 1 1 1 1 1 1 1 1 1 1 1 1 1 1 1 1 1 1 1 1 1 1 1 1 1 1 1 1 1 1 1 1 1 1 1 1 1 1 1 1 1 1 1 1 1 1 1 1 1 1 1 1 1 1 1 1 1 1 1 1 1 1 1 1 1 1 1 1 1 1 1 1 1 1 1 1 1 1 1 1 1 1 1 1 1 1 1 1 1 1 1 1 1 1 1 1 1 1 1 1 1 1 1 1 1 1 1 1 1 1 1 1 1 1 1 1 1 1 1 1 1 1 1 1 1 1 1 1 1 1 1 1 1 1 1 1 1 1 1 1 1 1 1 1 1 1 1 1 1 1 1 1 1 1 1 1 1 1 1 1 1 1 1 1 1 1 1 1 1 1 1 1 1 1 1 1 1 1 1 1 1 1 1 1 1 1 1 1 1 1 1 1 1 1 1 1 1 1 1 1 1 1 1 1 1 1 1 1 1 1 1 1 1 1 1 1 1 1 1 1 1 1 1 1 1 1 1 1 1 1 1 1 1 1 1 1 1 1 1 1 1 1 1 1 1 1 1 1 1 1 1 1 1 1 1 1 1 1 1 1 1 1 1 1 1 1 1 1 1 1 1 1 1 1 1 1 1 1 1 1 1 1 1 1 1 1 1 1 1 1 1 1 1 1 1 1 1 1 1 1 1 1 1 1 1 1 1 1 1 1 1 1 1 1 1 1 1 1 1 1 1 1 1 1 1 1 1 1 1 1 1 1 1 1 1 1 1 1 1 1 1 1 1 1 1 1 1 1 1 1 1 1 1 1 1 1 1 1 1 1 1 1 1 1 1 1 1 1 1 1 1 1 1 1 1 1 1 1 1 1 1 1 1 1 1 1 1 1 1 1 1 1 1 1 1 1 1 1 1 1 1 1 1 1 1 1 1 1 1 1 1 1 1 1 1 1 1 1 1 1 1 1 1 1 1
124 96
97 9 96 9 96 9 96 9 96 9 96 9 96 9 96 9 96 9 96 9 96 9 96 9 96 9 96 9 96 9 96 9 96 9 96 9 96 9 96 9 96 9 96 9 96 9 96 9 96 9 96 9 96 9 96 9 96 9 96 9 96 9 96 9 96 9 96 9 96 9 96 9 96 9 96 9 96 9 96 9 96 9 96 9 96 9 96 9 96 9 96 9 96 9 96 9 96 9 96 9 96 9 96 9 96 9 96 9 96 9 96 9 96 9 96 9 96 9 96 9 96 9 96 9
75 39
1 37 37 37 37 37 37 37 37 37 37 37 37 37 37 37 37 37 37 37 37 37 37 37 37 37 37 37 37 37 37 37 37 37 37 37 37 37 37 37 37 37 37 37 37 37 37 37 37 37 37 37 37 37 37 37 37 37 37 37 37 37 37 37 37 37 37 37 37 37 37 37 37 37 1
71 80
1 1 1 1 1 1 1 1 1 1 1 1 1 1 1 1 1 1 1 1 1 1 1 1 1 1 1 1 1 1 1 1 1 1 1 1 1 1 1 1 1 1 1 1 1 1 1 1 1 1 1 1 1 1 1 1 1 1 1 1 1 1 1 1 1 1 1 1 1 1 1
56 29
29 2 29 2 29 2 29 2 29 2 29 2 29 2 29 2 29 2 29 2 29 2 29 2 29 2 29 2 29 2 29 2 29 2 29 2 29 2 29 2 29 2 29 2 29 2 29 2 29 2 29 2 29 2 29 30
