19
54 53
98546 96766 96006 94680 94082 86977 84936 83377 80869 80291 77299 76122 75178 72966 68214 68204 65945 64292 64009 62545 61697 58859 57402 55528 54089 53263 51309 51289 50023 48634 47684 44104 40022 38971 36871 35645 35594 35457 28962 28637 25008 24528 23736 23545 22297 21285 16530 16205 13315 10833 8914 8608 6891 1758
94 2
1 1 1 1 1 1 1 1 1 1 1 1 1 1 1 1 1 1 1 1 1 1 1 1 1 1 1 1 1 1 1 1 1 1 1 1 1 1 1 1 1 1 1 1 1 1 1 1 1 1 1 1 1 1 1 1 1 1 1 1 1 1 1 1 1 1 1 1 1 1 1 1 1 1 1 1 1 1 1 1 1 1 1 1 1 1 1 1 1 1 1 1 1 1
38 1
252585 422187 460246 201681 381445 295275 149503 481594 302805 235520 5268944 24709 144531 392338 482109 446946 123196 403750 422083 72945 161485 95631 213345 57569 440581 101329 426737 405301 335859 217684 239464 60164 116272 271610 261214 5000000 146039 487215
302 1
391 391 7830 9396 8406 9048 3449 4791 7165 391 9959 7830 4958 3053 8214 3860 6526 8214 391 8157 9048 6526 9396 7830 9048 5025 8132 9605 3053 3870 8214 3870 7165 4791 9048 3449 2930 7830 7245 6647 3449 8214 9048 3449 391 4807 7245 8132 7245 9605 5025 4807 99 3892 8406 4420 3053 8157 7830 5025 4807 4420 8214 9605 3860 8406 2930 3892 9605 8214 8214 6647 7830 8132 8214 4807 4420 7165 3449 9396 9396 3892 4420 9605 8132 7165 7674 99 6647 6308 8214 3892 3860 7165 3892 3870 391 7830 4791 4958 7674 5025 4958 3053 8214 7674 3860 3860 99 9396 4791 3449 391 4958 9396 6526 3860 553 4958 9396 3892 4958 553 7830 7674 99 6647 9959 391 4420 3860 3870 7674 9605 4420 7830 6308 3449 4807 6647 3870 9605 9605 8157 9396 6526 4958 9605 4807 553 3892 8157 4807 1128 4420 4807 8132 553 3053 2930 391 9396 3053 5025 4958 553 8214 9048 4958 4420 3870 4791 553 8214 4791 6526 3860 3053 3860 8406 6526 6308 9605 7165 5025 99 4958 9605 391 4791 1128 3870 8406 3053 9959 3892 553 3892 6647 6647 99 3870 8132 8157 9605 7245 3860 6647 3449 9959 391 4807 1128 391 8214 3053 9959 9605 6308 4791 7674 7245 8157 4958 99 7165 3449 99 4958 6647 3892 3870 553 4420 6526 9605 6526 9396 6308 9396 6647 9605 99 6526 1128 2930 8132 4791 6647 9605 9048 7674 4958 9048 9396 3892 9959 8157 9605 4791 7245 8132 5025 9396 3860 6308 553 8157 553 7245 9396 391 8214 6308 5025 553 5025 8132 8157 4807 7674 9396 7674 8406 9605 9048 3870 6308 8157 8157 8406 99 3892 7674 9396 8214 3870 7830 7245 8132 9048 7165
129 644686596
324145 9731171 7421815 4996498 8059966 4078851 9227580 2374600 4465300 5517970 1180492 5310830 8144142 4563950 4695211 9072666 5069246 4839139 9192132 5419450 960624 5975445 3978679 6613943 7930101 9726269 1356771 8804701 531551 5693048 9285493 7783727 1897290 9401604 4533597 4761863 5301466 9835133 7259941 4530505 8749897 536667 6341630 4556158 107987 5812955 2127828 6072255 4488353 2812572 5670895 7456186 775064 5854989 2168918 3087324 6783545 3890874 7398682 5187183 7158575 3274564 9809622 323969 7120435 6660823 3819345 9152947 9934498 8629383 2156548 8449963 8604913 6885401 7848298 4108891 7022804 9615765 8136408 143862 7532548 1961702 1017898 3105440 2033542 3284117 3754734 1983165 5415995 4512031 5549676 1672413 4153784 4781872 4056203 5382434 6450503 4181163 4012572 8252192 3752147 7202166 8328109 6529984 7267707 7869394 6954334 4611556 1471297 6126464 2669340 9224071 3145117 3872742 5227003 5659166 1799091 9888479 1087983 7802903 9019141 6295109 3643783 9713586 2304978 120804 9884956 3907064 723441
200 19225
7724 3253 7278 8626 2307 6330 7634 4927 4927 7640 3253 4685 5426 5674 7680 7278 2606 4927 8626 7199 4171 7199 5426 5426 7640 2606 5426 6140 4927 3253 2307 4685 7199 6599 7680 6140 2606 4274 2606 5674 5674 7724 4274 6140 7640 7724 7634 6140 7640 2307 5426 7199 6599 8626 5426 5426 4171 7278 7634 2307 7640 4685 4685 4927 4927 5674 5426 3253 4685 2307 7724 2606 2307 4171 7199 2307 4927 7680 6140 4927 7724 6140 2307 7634 7680 7640 8626 6330 5674 4927 3253 2307 8626 3253 7634 6330 2606 2606 4274 484 484 7634 6330 2606 7640 7199 2307 5674 7634 4685 2307 7278 8626 8626 2307 8626 5426 7634 7199 5426 6140 7724 2307 4274 4274 2307 7199 2606 5674 7199 5426 7199 7199 3253 4171 2307 5674 6140 3253 6140 7634 7724 7724 4685 2307 2307 8626 2606 6140 6599 2606 3253 7278 5674 5674 6599 4274 7634 8626 7278 4171 6140 4927 5426 8626 7199 7724 4171 4274 3253 6140 7278 2307 3253 2606 7199 2606 6599 4171 7724 7634 8626 6599 484 7724 484 4685 6599 3253 3253 6599 7640 7278 484 7199 5426 4171 484 7724 4685
204 19
257261 103940 182443 36376 288931 400113 411008 3612 471720 73329 197643 216083 160354 116870 497430 57019 265548 465207 194513 444692 242785 167907 82269 419024 320409 308159 400226 280955 497761 32249 227993 385258 441391 342582 488852 239337 410753 30119 414655 265107 13421 411320 410487 237114 302453 191802 463626 53737 254053 425188 131348 270637 412306 16712 430491 283996 451504 424726 41607 100837 236629 293946 403978 296882 349135 290552 17477 186016 204564 372436 195788 470392 59673 459659 255342 417251 482761 146972 192189 336147 489214 167169 298796 342641 175093 47793 93604 435462 163981 253693 155714 227807 384850 372448 260889 69407 194568 54615 74672 413180 349793 239558 100146 30561 189486 284047 461511 343521 321417 390829 175045 337250 445285 306263 224711 276549 86504 108340 236784 467441 180038 391777 411599 262654 232452 402468 186507 215200 186654 162477 170575 473177 136596 401217 342175 464432 449375 56039 368430 5137396 214290 197913 284895 308779 242549 390691 36186 285693 248073 17902 239829 231951 71703 102303 237273 133134 374244 80341 111561 105814 453941 495995 117334 474763 33957 467683 175460 213942 283776 126708 432275 306683 116414 438443 137676 189950 146754 113317 17750 406068 154729 248593 461964 5000000 233034 101622 75816 179370 362502 140046 434554 465090 490881 360132 371754 255962 426134 360572 203325 92714 188928 400100 185613 463304
224 63
86 86 86 86 86 86 86 86 86 86 86 86 86 86 86 86 86 86 86 86 86 86 86 86 86 86 86 86 86 86 86 86 86 86 86 86 86 86 86 86 86 86 86 86 86 86 86 86 86 86 86 86 86 86 86 86 86 86 86 86 86 86 86 86 86 86 86 86 86 86 86 86 86 86 86 86 86 86 86 86 86 86 86 86 86 86 86 86 86 86 86 86 86 86 86 86 86 86 86 86 86 86 86 86 86 86 86 86 86 86 86 86 86 86 86 86 86 86 86 86 86 86 86 86 86 86 86 86 86 86 86 86 86 86 86 86 86 86 86 86 86 86 86 86 86 86 86 86 86 86 86 86 86 86 86 86 86 86 86 86 86 86 86 86 86 86 86 86 86 86 86 86 86 86 86 86 86 86 86 86 86 86 86 86 86 86 86 86 86 86 86 86 86 86 86 86 86 86 86 86 86 86 86 86 86 86 86 86 86 86 86 86 86 86 86 86 86 86 86 86 86 86 86 86
159 7644553
98779 98482 98292 97733 97645 97505 96930 96908 94929 94911 94292 94061 93699 93338 92840 92793 92508 92341 92215 87295 85968 85656 85653 85125 84530 84146 81969 81758 81538 81002 80910 80551 80109 80080 79763 78615 77032 76625 75233 74779 74345 74275 73681 73626 72227 72005 71071 69840 69696 69027 69008 68991 68680 68327 67796 65571 64794 63821 63763 63210 62216 60972 60911 59956 58761 58431 58151 57765 57177 55452 54742 54591 54063 54037 53167 52559 52336 51973 51623 51415 49947 49394 49110 49067 48948 48344 48279 48168 46789 46685 46574 44193 44130 43814 43717 43362 42882 42294 41239 40810 40061 39612 39098 38917 35821 34756 33185 32633 31838 31018 29382 29002 27027 26988 26230 26083 25234 24064 23598 23440 23215 22969 22257 21948 20055 19548 19427 19164 18784 18430 18330 16239 15849 15692 14325 14318 14085 12948 12731 12517 11415 11274 10890 9763 8743 6952 6869 6357 5792 5737 3277 3227 3214 3111 1257 925 907 815 264
57 1000000000
1000000000 1000000000 1000000000 1000000000 1000000000 1000000000 1000000000 1000000000 1000000000 1000000000 1000000000 1000000000 1000000000 1000000000 1000000000 1000000000 1000000000 1000000000 1000000000 1000000000 1000000000 1000000000 1000000000 1000000000 1000000000 1000000000 1000000000 1000000000 1000000000 1000000000 1000000000 1000000000 1000000000 1000000000 1000000000 1000000000 1000000000 1000000000 1000000000 1000000000 1000000000 1000000000 1000000000 1000000000 1000000000 1000000000 1000000000 1000000000 1000000000 1000000000 1000000000 1000000000 1000000000 1000000000 1000000000 1000000000 1000000000
53 22605338
8792128 2678430 6791090 8377252 1023107 8893658 4088524 3328852 1752530 2700686 9813590 9400613 541718 7145231 1330016 3098700 7607095 9740451 7979470 3954218 9118960 3841773 9709861 2132646 8907934 5451195 41453 7388190 2816646 4667776 7051286 6639273 7657406 4560146 9512031 8884423 9159734 2013547 6316990 8542864 7714022 9312923 3971916 1472217 9071741 2076441 6881796 3283648 9300643 2707206 1841890 6140509 69902
63 11116306
297247 116886 132023 296826 115884 95516 252881 275677 220587 261717 5000000 148871 120481 366962 128058 393026 282569 7173 76701 481537 471229 242084 354465 476499 399352 391133 452009 271956 259682 196682 240717 68905 457050 91438 173497 5080471 130180 417706 320732 472044 106834 278937 254163 134177 440722 73446 206895 293400 104543 497191 103765 18517 368114 15234 456833 394164 137333 37040 318468 97022 134694 124731 169895
28 7435
5735 5735 5735 5735 7435 7435 7435 5735 5735 7435 5735 5735 5735 5735 7435 7435 5735 5735 5735 7435 7435 7435 7435 7435 5735 7435 5735 5735
17 78313903
6557671 2793142 4377715 250663 5595422 7226120 8071803 3090216 3576147 2416160 5693514 8800199 8326538 6155978 1238489 2800628 9026006
53 20314
6309 1579 1579 1579 1141 9819 6309 5435 1579 1579 5435 5435 5435 6309 1579 1141 6309 6309 5435 1579 9819 1579 1579 6309 9819 1141 1141 9819 1141 5435 5435 6309 6309 6309 5435 1579 9819 1141 1579 1579 9819 5435 1579 1579 1579 5435 1579 1141 9819 1579 1579 9819 9819
53 284432006
5154779 3781582 9788480 9939027 4392496 1430697 1847986 1734550 1026278 8104757 4549793 2547609 7455154 8448979 7334701 7608218 8962849 5642429 8079040 4342111 1116686 2657750 7658449 3633968 3808074 6547526 4741012 9966183 3346441 8835698 7600150 5413424 3976799 4325452 6002393 9623731 683947 2010171 7156694 4128218 3870148 965372 7459169 8934475 3714510 9290762 2772678 7819406 6121918 7938981 4203588 6615572 4975982
52 210968270
9167115 9566270 6316965 3857410 1867360 2580415 6577617 7739543 730505 2498422 9713473 1427716 4068068 9186049 3205764 5341864 2037847 8262901 1683378 606745 4927828 4538836 5034216 3057021 959538 6738299 2486633 3926731 7537095 2747021 6917726 9003337 4893568 8593401 1248536 5368223 1809243 1015672 2931250 5057540 4910091 5607680 4002453 1791337 7116412 1664503 3605249 95698 5309854 1789442 1195535 1515823
42 1901
849 849 849 849 849 849 849 849 849 849 849 849 849 849 849 849 849 849 849 849 849 849 849 849 849 849 849 849 849 849 849 849 849 849 849 849 849 849 849 849 849 849
166 5623589
585082 140035 112669 937763 340175 965488 521960 576373 273219 249333 69988 747812 419254 299649 753084 892405 16050 174121 594853 544304 466969 295899 158945 834932 339961 781127 87791 77665 223435 984415 534419 701156 620749 148651 421594 200437 165497 931717 367025 381063 150528 938351 373996 619135 241095 939931 730390 55926 701919 164547 430733 578062 78079 852125 353283 212873 999598 636675 298420 714972 831426 81008 603573 655145 362043 232060 869934 203464 804058 468102 712535 794658 544614 519566 470682 279484 371650 431077 809478 621363 829270 223929 353282 501476 289236 72504 49054 506599 333282 936770 366568 483059 127762 917651 538983 274041 382753 395651 61048 655369 503265 230460 534502 410060 628858 516836 875170 346301 814860 65274 867114 539806 136606 10306 528363 743472 79277 630698 559392 283640 659236 73102 290517 672149 771895 452011 709707 454330 735901 63055 971770 166105 362362 933163 114852 23391 58329 775412 643686 405928 378676 434201 195471 57874 408391 110329 538017 6431 981842 794484 512099 477390 557288 420819 338820 689824 520763 92381 834859 102797 586334 217585 414189 199887 738160 273069
