27
226 7005033
3249099 4533957 9496042 7318699 2712672 6258973 2084853 7263466 4380364 9430113 2925000 9281510 3134136 5954258 1531661 8909419 6914217 9815548 8454633 2794630 2485481 3451312 1305973 3187191 5730434 5402915 394621 7698034 5696164 450805 8568289 6970573 57959 111960 2748226 9732619 3001004 4807931 1669327 6954701 1776592 9698675 3047644 6291496 3902735 8784510 9999193 5534683 675300 3897484 2009949 8375604 3630262 9312786 3117683 4324051 9875214 7275864 8694615 2178842 696913 2753784 5055423 156977 2521154 3843878 5867451 9045240 5737253 2633702 6476225 5431804 215456 827440 1021564 7467770 1318065 6511245 3011256 196448 6169860 3612986 8598716 2038514 8066088 1032220 231824 8250881 5465360 7060330 9224278 3382197 6111724 2002892 9337578 2510870 1342954 8302928 2767431 5629691 3869540 3410007 2743797 2730584 4836799 2519008 9011388 1519945 8717666 55899 2458560 53435 8322615 3101344 1608487 4433861 8475299 6813868 1109251 7732037 6991372 3052407 4081357 3092395 457611 6256453 5544297 2952130 6623228 2983867 2986074 9590588 8695066 4176530 6933197 8610161 7005033 5451992 2015708 1135918 7725960 3272639 9583732 3387143 2265357 8908069 3913123 5541315 9527178 4904069 2103207 9030487 8561894 993254 4361006 7161791 738869 6106241 8668571 8990942 9630899 1804665 1140079 2620155 6227994 592694 4612561 7450569 6185514 6740941 5154873 7535844 4434902 5231953 8262911 8059866 844974 4448135 7475227 492457 3684868 5789339 2282877 34143 1394915 513467 1863292 3153291 6659620 8229694 3050692 4573859 5857426 3498946 5035659 5289947 6514229 1266407 5047315 6180820 678660 7033981 3183016 2693183 1373330 2396535 5142423 3896444 5584002 7118435 3370632 232468 2514941 1907009 8623427 528922 5721481 6578974 5357779 684715 4049313 1671280 8130868 2491667 9703781 3460432
23 1000000000
1000000000 1000000000 1000000000 1000000000 1000000000 1000000000 1000000000 1000000000 1000000000 1000000000 1000000000 1000000000 1000000000 1000000000 1000000000 1000000000 1000000000 1000000000 1000000000 1000000000 1000000000 1000000000 1000000000
6 1000000000
1000000000 1000000000 1000000000 1000000000 1000000000 1000000000
43 64
8791080 255247 8723995 2543458 9872393 8919095 5458606 9866369 2746619 7675150 6955605 7375502 412205 6236953 458900 6516841 5931209 9074946 9970342 285860 5355917 7889318 7342437 767374 5352143 5254995 6534356 5007475 2104873 6370607 9485327 951584 9567360 1842567 8156639 1991409 1617448 2921150 558014 859243 5181659 3632109 8809287
31 1
1 1 1 1 1 1 1 1 1 1 1 1 1 1 1 1 1 1 1 1 1 1 1 1 1 1 1 1 1 1 1
11 1
359680 284834 200908 5000000 247239 126716 5170005 471904 94592 484366 308354
29 1
111983 139070 294751 5000000 15796 130618 264469 438879 271651 341142 5587811 145555 297192 49527 453513 479176 118136 64126 361252 384928 423541 56858 234217 194051 123583 260923 236246 211575 347691
16 52965643
3382607 5070307 471842 6672290 6157650 3613300 9416004 4201473 3866249 1548216 3423028 4215638 9390381 98140 277639 2538981
5 40175
16831 40175 66874 79886 81657
14 1
36698 37024 52632 57693 65808 70410 73725 74815 76159 83941 84732 86574 89419 95398
8 28963543
8095800 2661919 7079954 797007 1649671 2000421 4468737 5280065
7 424455
96924 90229 84200 56479 51087 30131 15883
8 1
1000000000 1000000000 1000000000 1000000000 1000000000 1000000000 1000000000 1000000000
3 42
4527531 2423365 6497184
6 169247
90532 78715 60005 46424 32150 3505
4 283667
90437 79568 74422 49026
5 11968523
1000000000 1000000000 1000000000 1000000000 1000000000
4 9985325
5000000 247358 214673 5241967
2 69
5362671 1635514
1 2029863
2062672
3 3
1 1 1
1 77027
77027
5 14857726
5209955 5816833 5284692 6571674 359435
4 38
41357 33439 30892 13033
1 8786
18475
2 1
6013785 791249
8 1169124
735342 957022 148213 831380 777134 244611 746281 46800
