21
310 73
1000000000 1000000000 1000000000 1000000000 1000000000 1000000000 1000000000 1000000000 1000000000 1000000000 1000000000 1000000000 1000000000 1000000000 1000000000 1000000000 1000000000 1000000000 1000000000 1000000000 1000000000 1000000000 1000000000 1000000000 1000000000 1000000000 1000000000 1000000000 1000000000 1000000000 1000000000 1000000000 1000000000 1000000000 1000000000 1000000000 1000000000 1000000000 1000000000 1000000000 1000000000 1000000000 1000000000 1000000000 1000000000 1000000000 1000000000 1000000000 1000000000 1000000000 1000000000 1000000000 1000000000 1000000000 1000000000 1000000000 1000000000 1000000000 1000000000 1000000000 1000000000 1000000000 1000000000 1000000000 1000000000 1000000000 1000000000 1000000000 1000000000 1000000000 1000000000 1000000000 1000000000 1000000000 1000000000 1000000000 1000000000 1000000000 1000000000 1000000000 1000000000 1000000000 1000000000 1000000000 1000000000 1000000000 1000000000 1000000000 1000000000 1000000000 1000000000 1000000000 1000000000 1000000000 1000000000 1000000000 1000000000 1000000000 1000000000 1000000000 1000000000 1000000000 1000000000 1000000000 1000000000 1000000000 1000000000 1000000000 1000000000 1000000000 1000000000 1000000000 1000000000 1000000000 1000000000 1000000000 1000000000 1000000000 1000000000 1000000000 1000000000 1000000000 1000000000 1000000000 1000000000 1000000000 1000000000 1000000000 1000000000 1000000000 1000000000 1000000000 1000000000 1000000000 1000000000 1000000000 1000000000 1000000000 1000000000 1000000000 1000000000 1000000000 1000000000 1000000000 1000000000 1000000000 1000000000 1000000000 1000000000 1000000000 1000000000 1000000000 1000000000 1000000000 1000000000 1000000000 1000000000 1000000000 1000000000 1000000000 1000000000 1000000000 1000000000 1000000000 1000000000 1000000000 1000000000 1000000000 1000000000 1000000000 1000000000 1000000000 1000000000 1000000000 1000000000 1000000000 1000000000 1000000000 1000000000 1000000000 1000000000 1000000000 1000000000 1000000000 1000000000 1000000000 1000000000 1000000000 1000000000 1000000000 1000000000 1000000000 1000000000 1000000000 1000000000 1000000000 1000000000 1000000000 1000000000 1000000000 1000000000 1000000000 1000000000 1000000000 1000000000 1000000000 1000000000 1000000000 1000000000 1000000000 1000000000 1000000000 1000000000 1000000000 1000000000 1000000000 1000000000 1000000000 1000000000 1000000000 1000000000 1000000000 1000000000 1000000000 1000000000 1000000000 1000000000 1000000000 1000000000 1000000000 1000000000 1000000000 1000000000 1000000000 1000000000 1000000000 1000000000 1000000000 1000000000 1000000000 1000000000 1000000000 1000000000 1000000000 1000000000 1000000000 1000000000 1000000000 1000000000 1000000000 1000000000 1000000000 1000000000 1000000000 1000000000 1000000000 1000000000 1000000000 1000000000 1000000000 1000000000 1000000000 1000000000 1000000000 1000000000 1000000000 1000000000 1000000000 1000000000 1000000000 1000000000 1000000000 1000000000 1000000000 1000000000 1000000000 1000000000 1000000000 1000000000 1000000000 1000000000 1000000000 1000000000 1000000000 1000000000 1000000000 1000000000 1000000000 1000000000 1000000000 1000000000 1000000000 1000000000 1000000000 1000000000 1000000000 1000000000 1000000000 1000000000 1000000000 1000000000 1000000000 1000000000 1000000000 1000000000 1000000000 1000000000 1000000000 1000000000 1000000000
59 50
1000000000 1000000000 1000000000 1000000000 1000000000 1000000000 1000000000 1000000000 1000000000 1000000000 1000000000 1000000000 1000000000 1000000000 1000000000 1000000000 1000000000 1000000000 1000000000 1000000000 1000000000 1000000000 1000000000 1000000000 1000000000 1000000000 1000000000 1000000000 1000000000 1000000000 1000000000 1000000000 1000000000 1000000000 1000000000 1000000000 1000000000 1000000000 1000000000 1000000000 1000000000 1000000000 1000000000 1000000000 1000000000 1000000000 1000000000 1000000000 1000000000 1000000000 1000000000 1000000000 1000000000 1000000000 1000000000 1000000000 1000000000 1000000000 1000000000
191 194161
2 803 986 1048 1404 1740 2310 2709 4981 5344 5347 5615 5977 6531 7332 7684 8102 8659 9723 10261 10362 10416 10978 11147 11324 12146 13191 13295 14483 15106 15584 16423 16546 16584 16596 17086 17374 17924 18560 18930 19584 19811 20792 22063 22466 22634 23174 23850 24303 25358 25968 26328 26376 26762 27049 27157 28623 30355 30396 31121 31697 32048 32597 32687 32833 32866 33968 34179 34254 34794 35112 35349 35588 35714 35809 36183 37023 37099 37208 37811 38307 38428 38887 40159 40212 40339 41558 41680 41869 42370 42757 43285 43638 44483 44858 46189 47210 47425 48491 49177 49411 50107 50345 50645 50683 50753 51061 52631 53234 54371 54972 54991 55056 56689 56908 57685 57830 58058 58343 59291 60229 61334 62121 62213 62385 63015 63333 63354 63596 64038 65601 66218 66333 66519 66550 67356 67820 68504 69120 69293 69976 71355 71449 71723 72418 72781 73268 73483 73560 73627 74409 74570 76177 76847 77197 77442 77772 77841 78291 79652 79970 81726 81851 82179 82411 84155 84566 85241 85499 86839 87724 88328 88507 89837 89907 90059 90650 91067 93807 94321 94719 95049 95622 96106 96308 96326 96350 96390 96985 97003 97158
106 3
1 1 1 1 1 1 1 1 1 1 1 1 1 1 1 1 1 1 1 1 1 1 1 1 1 1 1 1 1 1 1 1 1 1 1 1 1 1 1 1 1 1 1 1 1 1 1 1 1 1 1 1 1 1 1 1 1 1 1 1 1 1 1 1 1 1 1 1 1 1 1 1 1 1 1 1 1 1 1 1 1 1 1 1 1 1 1 1 1 1 1 1 1 1 1 1 1 1 1 1 1 1 1 1 1 1
209 58126671
192106 33975 222920 253372 287819 388869 367075 82002 58044 41677 231718 302928 405610 126635 28188 49155 13390 448919 286122 158780 33081 14898 332445 112847 74367 182393 180369 327587 355235 77836 73480 10219 264279 417375 183942 307880 262781 335361 268918 284851 23794 330504 239222 327199 206969 188400 258072 342101 101448 473943 172480 61222 49898 139865 2758 146857 132015 184805 20712 18481 198826 294937 17925 271127 350466 81963 166421 246852 396580 290732 268480 477115 191384 18841 227817 395203 118319 223086 402617 280504 135796 3828 95544 240292 129459 204603 125271 118105 214992 217401 343903 271481 198917 5366882 114212 140384 142119 16871 266243 211110 86608 266580 346550 400628 121448 210046 138401 76505 476673 459517 112771 209393 473603 363958 480803 161784 411634 135838 491639 478003 449268 117668 222701 175778 199355 408973 57524 212209 403979 396107 181421 336323 375807 356659 287412 493974 183782 405828 9203 416557 157125 457537 115866 357692 12474 386077 122704 202061 59905 484118 360844 394757 310464 38107 266522 49653 488165 293473 78331 499915 316402 147581 144979 389710 487223 150674 277933 238503 213278 388995 275708 242862 136589 113911 171051 138054 287230 99376 30076 5000000 22722 366778 377821 242092 407755 384983 254880 15873 113143 304818 396091 330458 90688 427397 494858 206707 364155 425956 450408 362756 491278 25843 211963 385975 115018 480952 143127 44447 80878
113 227225
2483 2758 3559 5368 6141 7447 8111 9079 9537 9539 9926 10176 11800 12537 12728 12792 13061 13347 16471 16962 18632 19221 19659 20200 22489 23795 24090 25901 26283 26293 26657 29212 31969 32254 32268 34435 35378 35559 36542 38321 38329 39392 40186 41264 42788 42880 44302 46587 47394 48113 48847 49141 49559 51240 52078 52713 53053 53650 53950 54274 54718 55357 55654 56688 57236 58095 58338 58878 59802 59869 60946 61379 63473 63569 63989 66257 68506 69321 69907 71241 71964 72225 73424 74021 75099 75599 75625 77443 78152 78679 78761 79585 80256 80891 80971 81664 84641 85987 86369 86803 88315 90310 90793 91746 93708 95245 96155 96917 97293 97407 98114 98671 98793
60 20359
9734 9734 923 9734 923 6418 6418 6418 1858 9734 6418 6418 6237 9734 6237 6237 6418 1858 6418 4339 1858 9734 1858 6237 1858 1858 4339 923 6237 4339 6237 923 4339 6418 4339 6418 6418 9734 1858 4339 6237 6237 1858 4339 923 6237 6237 6237 6418 4339 6237 1858 6237 6418 6237 6237 6237 6418 1858 6418
49 240484
97818 97800 96803 95633 94814 94641 93473 88948 88809 88491 87702 85575 84388 82255 81928 71457 68636 68272 67518 63204 62610 51750 48834 47469 46356 44688 44063 38040 36818 34987 30772 28436 26502 25588 22008 21759 19042 17763 16785 14975 14650 14107 12343 4748 4408 4366 3052 829 556
161 198359
99951 98408 98040 97818 97516 97395 97265 97003 95941 95662 93204 93138 92975 92543 91759 89966 88943 88189 86982 86808 86523 86485 86246 85872 85672 85638 85222 84698 83198 83010 82677 81474 81058 80827 79863 79771 79347 78096 77836 77319 76439 76042 75695 75250 74719 74411 74073 72083 71993 71263 71112 69724 69166 65455 65379 65121 63940 61789 61591 61511 61216 61115 60587 60144 58981 58818 57417 55777 55432 54835 54556 54249 54064 53202 52921 51840 51538 51475 51057 50419 49724 49625 49076 49005 48835 48401 48131 47713 47489 46382 45745 45436 44332 43338 42041 39374 39285 38768 37995 37263 35540 35526 34887 34480 33931 33142 31091 30934 30793 29948 29610 29514 29487 29472 29410 29215 28668 28355 27120 26453 25701 25509 25171 24729 24450 24128 23846 23593 23487 22654 21529 21399 21057 19867 19476 18864 16969 16912 16473 15005 14390 14043 13971 13634 13089 12410 10650 10219 9280 8178 7090 7085 4761 3715 2639 2476 2340 981 740 486 358
66 22294756
12573 313314 411133 173208 22120 129212 166976 221704 411 224799 439723 357535 173042 119356 175540 176120 258926 135728 190447 262513 129052 24254 79332 462676 5000000 74097 49129 444287 489836 367237 70032 452780 399066 5196961 77997 41154 51549 200058 23186 166574 8157 438946 188839 451156 23695 83131 389396 79211 65951 218889 428953 247213 381546 405664 50579 142015 303905 277855 60658 240889 99665 381626 96733 50840 461096 343218
85 11679086
337248 140324 322092 353946 315564 358660 353643 215252 81545 126812 19893 2463 62581 390300 219422 144469 392317 250945 240243 5000000 392164 346500 320689 496322 302349 491514 99314 5179188 1997 145099 387786 288034 168486 57415 136193 3807 75581 494894 386845 375515 454139 284908 268292 194018 267659 370052 32030 333679 358075 215647 61952 400569 301681 114001 52773 448045 479169 227853 129978 478335 34061 260548 45696 28475 265734 329378 315143 444725 310246 491141 111499 430760 405947 4316 80139 350350 465433 195517 183617 213296 124091 122667 83528 442228 214193
4 2206
967 967 967 967
43 2178
904 904 904 904 904 904 904 904 904 904 904 904 904 904 904 904 904 904 904 904 904 904 904 904 904 904 904 904 904 904 904 904 904 904 904 904 904 904 904 904 904 904 904
57 20615025
7284570 2319594 885716 2027493 5539473 9841040 2201318 7702763 2415723 3049778 6938473 6109042 9570719 1870166 3622895 5323261 1243761 1819493 8335551 7952836 9726207 7272270 4028812 1264637 6145192 2419184 507305 307285 5608646 5723813 1298820 4492141 5113930 3959619 1148091 2818067 4353754 593900 5866390 3140714 9078466 283437 8492496 8062830 1219354 2657699 95965 8761004 8721396 670296 4374070 1098500 1649577 4703907 4462738 9062909 1257550
14 655647
88558 86559 80405 71724 66441 53194 41392 40045 37171 26781 25680 18610 18607 3849
24 2222965
699113 1393281 5000430 3576294 5195303 4996601 9347730 2577582 5762750 4454156 5019351 6309651 810355 2063154 9347322 6138288 2920149 2631392 1758612 3568826 7489077 4172023 8299013 8268953
34 20879
8865 1318 1318 1964 1964 1318 1964 1964 1964 1964 1318 8865 1964 1964 1964 8865 1318 1318 1964 8865 1964 1318 1964 8865 1964 1964 1318 1964 1964 8865 1318 1318 1318 8865
32 320187
1338793 4999855 4404054 8870279 4698942 5296469 5402547 6215209 1370564 6203363 7600756 8039258 8976964 320187 4496970 5725710 3611536 7766110 7116750 8048067 2312823 7842895 612566 3023563 1316885 2440652 1985318 3583000 6143441 4140673 3357912 9874384
9 18
1321938 2063976 4414134 2634033 2019463 1543228 3508399 4454788 9640056
29 1078762
1919 5706 5851 8974 10985 12332 13279 14965 15157 16289 27165 29176 41788 43073 43849 46909 50817 51783 54121 54639 66198 67631 71306 71858 77191 78271 82569 88640 99396
122 27603505
497609 237613 623549 303913 620093 18566 778801 201142 478621 146714 197131 225954 233524 355063 977610 636607 787041 261053 414565 292748 476061 711711 453333 897107 813720 137321 928857 18322 768323 204276 651992 155529 37222 192611 670289 612159 683947 892436 409566 759590 365446 707808 486608 724387 405201 464668 577902 949693 650755 72352 697535 787717 276317 581644 272324 208169 896150 686151 887552 916918 516644 951679 869848 869688 825040 117083 761773 392463 426834 911923 280620 206878 965987 323327 297812 800894 246818 178058 607552 597438 218267 303242 240324 792130 135579 9009 367159 444715 808683 560829 431359 331638 725148 207874 779137 275799 457872 503365 445331 825794 484356 979135 953150 222738 988743 616637 682978 187191 546716 459616 238942 514684 306226 674537 199585 169230 404735 843556 401686 906551 289814 44003
