6
268 94
1000000000 1000000000 1000000000 1000000000 1000000000 1000000000 1000000000 1000000000 1000000000 1000000000 1000000000 1000000000 1000000000 1000000000 1000000000 1000000000 1000000000 1000000000 1000000000 1000000000 1000000000 1000000000 1000000000 1000000000 1000000000 1000000000 1000000000 1000000000 1000000000 1000000000 1000000000 1000000000 1000000000 1000000000 1000000000 1000000000 1000000000 1000000000 1000000000 1000000000 1000000000 1000000000 1000000000 1000000000 1000000000 1000000000 1000000000 1000000000 1000000000 1000000000 1000000000 1000000000 1000000000 1000000000 1000000000 1000000000 1000000000 1000000000 1000000000 1000000000 1000000000 1000000000 1000000000 1000000000 1000000000 1000000000 1000000000 1000000000 1000000000 1000000000 1000000000 1000000000 1000000000 1000000000 1000000000 1000000000 1000000000 1000000000 1000000000 1000000000 1000000000 1000000000 1000000000 1000000000 1000000000 1000000000 1000000000 1000000000 1000000000 1000000000 1000000000 1000000000 1000000000 1000000000 1000000000 1000000000 1000000000 1000000000 1000000000 1000000000 1000000000 1000000000 1000000000 1000000000 1000000000 1000000000 1000000000 1000000000 1000000000 1000000000 1000000000 1000000000 1000000000 1000000000 1000000000 1000000000 1000000000 1000000000 1000000000 1000000000 1000000000 1000000000 1000000000 1000000000 1000000000 1000000000 1000000000 1000000000 1000000000 1000000000 1000000000 1000000000 1000000000 1000000000 1000000000 1000000000 1000000000 1000000000 1000000000 1000000000 1000000000 1000000000 1000000000 1000000000 1000000000 1000000000 1000000000 1000000000 1000000000 1000000000 1000000000 1000000000 1000000000 1000000000 1000000000 1000000000 1000000000 1000000000 1000000000 1000000000 1000000000 1000000000 1000000000 1000000000 1000000000 1000000000 1000000000 1000000000 1000000000 1000000000 1000000000 1000000000 1000000000 1000000000 1000000000 1000000000 1000000000 1000000000 1000000000 1000000000 1000000000 1000000000 1000000000 1000000000 1000000000 1000000000 1000000000 1000000000 1000000000 1000000000 1000000000 1000000000 1000000000 1000000000 1000000000 1000000000 1000000000 1000000000 1000000000 1000000000 1000000000 1000000000 1000000000 1000000000 1000000000 1000000000 1000000000 1000000000 1000000000 1000000000 1000000000 1000000000 1000000000 1000000000 1000000000 1000000000 1000000000 1000000000 1000000000 1000000000 1000000000 1000000000 1000000000 1000000000 1000000000 1000000000 1000000000 1000000000 1000000000 1000000000 1000000000 1000000000 1000000000 1000000000 1000000000 1000000000 1000000000 1000000000 1000000000 1000000000 1000000000 1000000000 1000000000 1000000000 1000000000 1000000000 1000000000 1000000000 1000000000 1000000000 1000000000 1000000000 1000000000 1000000000 1000000000 1000000000 1000000000 1000000000 1000000000 1000000000 1000000000 1000000000 1000000000 1000000000 1000000000 1000000000 1000000000 1000000000
228 55
4837 2162 865 1160 2600 5408 9569 2162 2162 9569 8854 2600 5673 2162 5673 2600 2600 8666 2600 4837 3535 8190 2332 6628 8348 890 8854 2600 2162 6212 890 6212 2332 890 4042 3535 5070 9205 890 3535 3470 8348 5673 4837 2600 9569 8854 5408 5673 5070 8348 5408 8854 8666 5070 8348 8666 9569 4042 8348 3535 9569 8854 570 8190 5070 4837 570 9205 9569 6628 9205 570 2600 4042 5408 3470 6628 890 6628 570 1160 890 1160 3470 570 6212 2600 4042 3535 8854 570 6212 5408 5070 3535 2162 8854 2162 3470 8190 8666 865 2332 890 1160 890 4837 2600 8854 8854 8666 4837 5673 6212 9569 5408 8190 3535 8190 9205 2162 2332 9205 4837 4042 8854 2600 1160 9205 8348 1160 9569 3470 8854 4042 5408 6212 570 5070 6212 8348 3535 865 5408 3535 3470 8854 3535 9569 6212 5673 890 9205 890 8348 3535 5070 2162 8854 4837 5673 2162 2600 6628 6628 8666 2600 4042 8854 2162 8190 5070 4042 8666 5673 890 4042 9569 5408 8190 5408 6628 8854 6212 890 2162 3535 8854 9205 5673 8666 2332 5070 890 4837 890 3535 5673 890 6212 3470 9569 865 6628 4837 6628 8854 6212 1160 5408 3535 8348 5673 2162 5673 2600 865 4837 6212 9205 6212 6628 9205 5673 5673 4837 8666
225 13184594
478765 306879 24755 389259 94550 482086 22118 186798 67901 30522 298067 85975 460246 203689 19104 238398 186712 18907 422114 193366 251353 145126 60674 291631 498812 232659 97735 233744 247582 160708 108079 75154 472595 304811 485066 93251 121392 402343 109813 14471 194233 121459 417899 498967 91623 239604 281582 111713 181604 330273 404176 305102 123990 48355 180476 227073 149043 109391 112798 237017 151386 388150 40029 179863 225692 181769 135504 32046 5000000 128858 111900 493336 217387 335309 407546 92257 142281 252167 127106 78294 26787 7319 406861 56008 32996 32982 74572 291867 25388 126177 11627 19187 404510 154413 459798 441939 481590 303436 72426 259833 75804 88987 359224 19826 448160 346603 433621 364109 4326 229943 247301 296234 240825 333280 246314 487228 214681 367230 202457 391921 370795 357350 4031 361408 396531 55296 48300 243232 11317 487697 5902287 240005 248252 343379 96929 329104 318016 68803 298744 35489 281830 388425 323318 163575 93671 390669 433554 10172 55514 226179 379582 69104 26876 247559 198345 14612 481006 117575 198676 379574 420354 38297 423582 356916 270973 224193 326888 286798 339386 99560 395868 75933 476626 441794 189950 95473 394247 380764 469851 80154 107342 88996 350764 399585 190468 466898 76887 875 178419 47626 350372 341800 350189 491452 425962 462567 283301 207424 4217 174611 245935 289259 75463 291169 365844 451782 354041 177674 287661 179986 34957 145650 372284 424583 320410 459640 341496 80545 125958 383423 107427 339206 298026 44499 58911
152 5999
154 154 154 154 154 154 154 154 154 154 154 154 154 154 154 154 154 154 154 154 154 154 154 154 154 154 154 154 154 154 154 154 154 154 154 154 154 154 154 154 154 154 154 154 154 154 154 154 154 154 154 154 154 154 154 154 154 154 154 154 154 154 154 154 154 154 154 154 154 154 154 154 154 154 154 154 154 154 154 154 154 154 154 154 154 154 154 154 154 154 154 154 154 154 154 154 154 154 154 154 154 154 154 154 154 154 154 154 154 154 154 154 154 154 154 154 154 154 154 154 154 154 154 154 154 154 154 154 154 154 154 154 154 154 154 154 154 154 154 154 154 154 154 154 154 154 154 154 154 154 154 154
47 214990
99561 97729 97288 96277 95336 95164 93405 89866 88253 87150 84199 81119 80222 79804 79088 75822 71320 65881 60553 53934 51662 50234 49467 46415 46245 44645 43981 43208 41306 39455 37360 34986 31414 30781 28740 26952 25700 19276 17027 16282 14215 13572 13175 12201 11945 10936 10228
885 174352579
969155 295502 209096 76063 548509 601807 359917 148359 238972 562741 37198 444754 868271 185595 885702 697212 650029 943816 225477 640961 719707 719297 194115 945418 570684 282493 809690 924407 485653 303342 599749 538362 378090 711208 471481 740647 84053 939398 115585 143068 817852 548466 469127 679187 452566 376199 880631 669670 377270 934297 318004 955110 790396 387507 954751 935659 53072 727906 401230 363180 369086 82406 958175 607709 262709 327840 788333 971971 594929 612788 439658 102778 623144 966971 344117 985409 223218 848215 539780 583001 723635 921598 865132 758054 347145 683505 939347 276485 830098 223063 63741 824939 603060 570711 689488 664563 390633 838061 328378 266751 760092 304498 856333 590980 466030 341827 315300 551299 681709 447809 734565 835290 594797 851378 449690 328203 835767 576553 698847 835710 121666 720785 934677 960880 780352 995504 399590 749904 38181 822108 623926 226512 764446 419759 808649 517852 523184 134981 197670 558529 582083 393309 418568 88361 144575 925270 578900 899502 640377 802254 217633 806054 470511 300456 307652 991026 812596 903672 76801 159335 541237 775462 878302 972539 722914 852077 172781 676226 416066 7455 302081 453952 571319 448530 423153 925503 29309 929292 457544 366603 577739 651981 658642 290119 209526 590218 142658 24545 282128 940242 96118 182608 406316 981287 695344 796070 332593 67256 660050 824693 560539 321838 289496 824776 696452 684323 835791 717958 632510 525827 28282 324936 490583 493711 861724 246698 685080 444944 499483 244009 84199 833179 840337 629910 592147 595319 293980 772880 549496 602558 587759 977451 171621 251549 223374 812814 502187 309088 202733 272467 125768 319719 444801 469342 337704 82704 860834 9415 170170 997068 155916 445463 524887 124103 43660 952611 851751 749537 892629 660512 954345 789242 610518 914027 326086 759897 103719 879041 424098 222486 392964 507726 483481 116130 329217 359443 650096 128774 522219 272981 246328 922484 454633 951965 421802 567892 284160 532653 575203 321858 50715 475985 236193 328728 441123 160203 710218 511695 115390 617206 789640 357254 697643 721969 184018 508237 333606 241375 456953 878153 184612 242599 217083 269139 58814 309582 921234 782110 4138 853546 306385 138009 742346 793960 889377 334572 305868 696317 691585 977364 463689 57786 471503 297941 366484 881785 610200 276626 254807 636358 911019 772812 659341 927233 90306 540585 471257 301537 380947 807850 61202 11742 853689 50941 257569 78442 344673 305736 870496 893862 485902 254236 244489 972925 403422 756642 82478 728421 707877 628979 520036 209527 983366 363847 96255 499031 282367 958596 844583 680228 573643 769718 555751 189837 110952 548509 190467 332527 30047 63914 457734 804775 852169 317087 699380 120448 735078 579716 528148 495572 247702 145756 696182 706739 545010 811847 976859 92257 642425 858920 680774 541114 515244 237088 775653 518359 869176 232560 787568 583647 205648 291210 923636 528558 414727 645046 129366 935589 665791 683199 597091 26372 671904 7611 171100 471128 601855 535602 328603 821168 697584 682516 13507 441663 813216 105702 746010 911721 848339 133069 509233 111352 324728 308633 239662 232763 165268 719842 129314 96325 787747 792523 608178 637049 784440 334210 199956 893145 803206 243866 457748 232118 51657 6258 785468 640611 574510 45978 551190 679327 369478 21637 394706 947323 159922 75456 157919 965927 830488 267976 97650 197015 741106 752781 407405 284629 834516 823389 357097 613436 384579 678016 491001 440800 307957 71478 233654 345620 523699 88993 309592 872088 808483 919919 762256 625726 994353 553800 77862 432233 506157 75010 150942 751541 238640 8735 788196 150357 928265 500241 121611 739588 35470 286741 855450 198665 796320 625100 26270 517373 515011 52701 748934 709808 722742 806856 989533 893479 758976 664185 320914 539542 787007 250846 507782 27197 244289 200876 367203 187545 29674 135695 990029 670607 471239 385042 152543 453797 174962 480083 333258 1889 280079 970985 109548 764571 653202 342544 279022 319516 726510 616216 148878 626561 976116 45110 749471 79862 422178 355915 490661 943814 655981 548820 834066 320745 550398 418646 303535 789367 716835 652962 342471 691920 452633 649494 149153 630611 576561 627014 237644 944523 386890 560525 82769 155169 159237 909840 190149 87018 33756 414323 740641 41794 106144 950543 84794 796204 476860 588912 91496 786640 185760 598219 395669 302716 512950 441794 638394 511548 176934 735042 839001 704575 130101 270803 355000 546506 966868 964261 338995 656151 263552 16535 440285 987434 233043 299490 506267 40407 898066 62744 903660 576970 986469 278176 796445 18203 907932 433076 632762 235502 332737 994379 612039 405210 818798 754084 310374 770923 414834 502840 151003 871667 196912 896633 156232 190781 935715 611290 473539 594479 272925 493181 887841 402924 532336 451789 88965 471792 311015 217053 74582 213561 929491 194431 48257 352603 682814 239957 521245 798477 993745 311201 507286 704642 828269 985461 410089 945464 946223 745708 353562 967105 625547 645185 96245 178112 618540 924210 595944 725380 109757 595017 799828 419785 199128 610925 707246 483234 780088 155762 514491 378130 993458 883047 858119 69012 217178 621225 811292 372868 108542 289546 952196 919983 178866 688843 999974 507021 427014 27795 263025 175486 186108 802545 249087 99312 111860 942969 950832 298780 663120 959088 631184 632469 824365 74989 611523 411520 379933 749655 491580 460988 928994 269063 21261 372313 370936 527884 783317 361343 127853 767185 526489 840393 146819 212979 276977 437119 782625 765865 719228 625866 301547 385583 410014 388527 209303 243829 59461 585823 976410 230334 964276 382504 473080 243185 186428 117565 304567 839509 160708 624133 493956 816761 109415 439801 593382 435764 605782 657386 796938 599167 313226 171338 232509 588570 738947 923123 762133 526107 954942 937166 377486 706141 258766 678326 331204 158427 195626 88923 203685 335744 195828 341917 933538 210414 955335 76241 737521 138816 11547 955651 992250 47522 949220 398132 221025 442127 400490 411977 321862 195698 566278 926855 501811 698539 708004 319485 669348 88787 120831 752351 372434
