6
13 2
1 1 1 1 1 1 1 1 1 1 1 1 1
185 23981300
7766952 264005 8759892 643224 886744 7117468 2445489 6475363 9771647 3619099 4306242 8889301 7131301 1652472 2207557 3538688 874028 509525 6286970 6796051 94417 769089 177518 5932106 8949362 349035 4376626 8809047 8260738 7715916 1106170 573133 9832442 759782 8018348 5312282 2132473 6981580 3430283 4525244 3583502 5604524 5736864 5236456 5334440 6431162 7298143 6839852 7140019 2729999 55122 8266517 9135670 2655176 8789936 1558486 3706143 1742118 9204731 7450054 4487965 9643298 4530783 4243484 768989 7370438 908114 9121300 185537 8167179 6623405 579569 9272683 7687212 2726188 3082137 6799825 9541241 4274371 4937909 4660206 1876353 7027723 6034058 8859573 3586258 2607832 1073558 1565618 9085284 9124113 5998072 5133565 6984461 8197621 7229584 9529960 5368305 4262593 1859691 4348843 3454734 3539801 4182274 1834622 4698110 369262 3049008 6818839 5133895 3855604 7774118 7189972 6788367 2084097 2990218 8270468 7488024 5514711 8580946 9582987 1306151 5873668 9999299 2300112 8079893 2226094 2906059 5772591 4095588 7884193 3606477 8784209 3101706 9948350 6889976 9698764 4882019 3078572 1501570 5810697 5957338 4202866 7940192 5873983 5809194 5385815 3834444 5973635 7814402 7884031 9521484 2313374 4046101 7733906 3310388 1302699 5394526 3294964 7950936 529692 9962606 1890434 4891747 7125876 9978624 4523005 9573252 1982557 3650865 7758324 5887336 9629860 3370607 7866604 9819822 4559354 7290416 6970609 2846815 8063305 748483 2177242 9455919 8740593
224 33
223331 483142 369868 358170 232060 287912 5058021 368675 471392 165869 419660 463683 120491 466067 76123 217844 447550 216485 412283 7242 339985 181424 200288 139873 164077 149741 52410 100416 133146 219773 307219 222745 236065 28563 169401 134067 355754 213867 64306 207563 399404 446518 49217 400537 111395 119509 137731 357060 96402 498934 127429 453007 37684 410563 346631 190501 149241 495822 194497 297945 329995 63904 28180 144137 241822 5000000 450435 132996 90863 401092 13639 460183 370278 5338 66506 378575 111972 314639 40937 30721 221004 313451 25257 175163 420710 171130 224595 218400 304037 126262 352439 225193 470217 22643 433441 94782 409651 380049 5079 478974 237589 348964 9044 110364 240858 404374 129985 418499 180074 346569 170143 484960 470127 145939 14258 480831 134700 279781 255801 285423 119656 71445 392096 374386 282580 125626 2169 284381 203540 193266 162233 428192 335171 188898 119753 429783 125231 456562 395999 385096 434689 489090 311888 470460 441128 435605 97337 36403 417353 314801 432361 344594 428148 61532 455513 218101 351398 160252 61750 426123 106955 19288 204389 423660 434095 401943 295906 64842 232145 269676 285999 415006 280251 217387 87290 16257 3304 257510 366321 101668 382739 145366 219273 394486 340603 450861 331562 111543 359544 321093 161833 198962 140698 442354 472033 422200 449303 169560 490317 373916 127567 206557 328201 26024 447914 268928 228965 349183 422426 275062 103978 176634 427162 92322 349933 183320 348651 344714 263504 2086 424236 378045 306595 478874
165 19515617
4529164 102831 8129305 3799876 233326 2052816 9747898 7745590 6507167 6471361 7119037 8911813 8054638 9018012 5437846 4373125 9315445 1468877 9767719 4843392 8547290 8650926 9386051 6529221 2774232 5243732 9732878 2553258 7163051 9383865 2549200 565811 2597916 380693 1154151 5319861 3510393 2461345 4662573 7378344 678755 6789410 1248190 1954488 6138785 764566 6239027 1881012 8312917 5648178 7116903 4453276 9231700 7594709 9178036 6783076 6058579 4490333 8804148 5831168 4447751 1944970 4739364 543666 5836695 8254654 6093132 3207135 5206543 8292445 3553996 8395905 1049300 1712743 7615316 608660 6801357 5037630 9077252 6468359 8646396 8112187 8119743 3595198 8457911 9035064 7019012 8524819 7221277 3258087 6622002 1139032 8711121 243711 6318879 8734194 363535 3584008 2213247 2723764 2197931 6271133 3708264 3551941 6899871 3213877 4958089 4646499 1267641 3997088 5275122 2652111 1124096 3037869 3775508 300820 5013681 8383643 8835214 3084200 7240066 3803818 1718906 3107599 7667941 8896430 4142104 9405630 3664561 608656 3353759 5730580 7882119 7340698 1884863 3335315 174443 8746894 5950706 5847416 2956004 6554313 5607875 4663884 9355269 3830374 9197272 9527805 4018738 4230805 8031407 7482211 1647136 1279117 5893314 7588248 4908378 24130 9087553 6306078 7915549 3488008 5403724 5638505 5995306
32 86366
92519 91238 91117 90266 86366 82558 81978 76429 74871 72299 71955 69433 69094 65068 65052 61233 60265 57949 57905 56805 52248 50024 48027 44755 40272 35367 35303 32723 23845 23371 16571 457
708 288888553
756199 518172 550415 946755 2237 269852 832159 743627 942360 785630 560775 517618 418171 116654 510587 420850 935964 473050 940011 709603 179791 591820 338710 742850 247753 203910 745746 640661 556501 494912 21258 892422 642071 610568 459913 747848 5166 611390 314336 122957 930154 106951 21583 556734 341545 569980 770627 713025 788453 883516 175589 367951 17108 1773 898857 560864 165835 457917 853131 154825 150327 837505 666682 836161 948906 717581 136667 14375 160872 194122 520244 130266 849906 230439 83882 781084 829868 695831 312212 44536 629478 755210 743735 464705 630706 865207 145642 710194 747069 601542 999189 144417 58606 326952 684044 5502 480032 339355 522792 905991 305601 109909 54440 456618 618888 119723 340150 968816 111413 965946 35416 132023 290451 817202 196541 379096 300414 926474 647077 412666 921812 846290 463808 981376 63621 461904 51561 717694 189967 735946 366222 153159 886930 80653 498552 117332 217512 19789 546749 714053 667668 999228 837230 117880 304255 139986 224259 720553 524954 483072 389362 184029 743409 193110 638248 832554 337131 727109 276953 58592 374115 710313 460563 123649 224708 514732 437302 106530 822273 223550 532674 878494 136331 522263 963869 522574 861384 181536 733841 369435 785769 589243 130923 463794 404095 307870 192220 613889 376957 105256 901364 507049 367943 775812 300849 794970 61986 552408 630047 773909 939261 356058 718240 388417 695619 460393 137821 917826 89866 6584 970222 594126 847796 982432 913363 223274 16366 479405 267482 583517 182675 496552 95573 145341 768047 82396 642754 644209 793135 116599 862099 846789 527946 682020 404528 645658 181237 516521 922599 886197 218264 235271 370050 824906 547990 113515 754942 278512 92367 389769 353210 309131 442403 467654 884358 752518 703352 676397 265115 919954 717601 996844 172304 966740 879138 662647 311563 685685 230853 950158 771339 649357 679068 990376 325833 168064 707568 395884 626024 566963 111222 850892 878672 353019 984479 263963 965090 617457 258885 717912 961956 346107 156387 472522 90109 410426 162044 398542 994263 737959 22409 679510 641481 332687 911938 272711 345586 169021 425396 382234 720947 27698 129245 114111 174302 915789 865825 236445 269955 793796 348851 196918 860697 924788 524638 881277 506648 297406 740187 803025 902506 197860 831205 321126 277103 79458 646766 537674 225369 184898 266782 220694 158164 747804 753770 939193 410616 576500 254534 433001 739138 519063 385284 810041 801962 217400 965907 918537 687372 415843 177801 394702 995671 253339 786224 136190 504754 268466 364881 940559 120889 718172 821061 907588 842941 782309 808487 205605 255847 543828 71406 805056 172068 693436 722904 317339 356754 593235 131832 546414 287689 155010 831045 6923 891510 4452 744512 204252 260172 464089 766330 615086 561085 700426 379244 23267 126313 164761 887964 602518 418127 546915 992712 689132 657153 899993 259474 368460 367167 769635 639718 70401 31781 551925 958515 885795 602668 340733 239772 923727 914173 954984 650785 610767 473190 616294 390286 58999 441297 795559 170169 410314 755315 394091 574296 315740 704967 323899 330534 212009 924118 462956 698980 286492 233399 351810 452890 108203 550754 189898 668244 801477 29171 472841 923818 582294 645543 122948 568902 442677 236354 542989 737945 977012 750342 497158 13968 456958 615069 632587 12940 125516 187736 167301 25202 994670 510624 258305 678801 375350 734072 139194 163589 106213 380375 779109 485883 99926 108571 442295 501936 783807 901884 776345 417685 912492 773419 522263 633252 157678 445649 152756 455986 856103 1402 37930 908692 942378 790280 386447 611612 622364 488991 982292 821405 994280 240769 459772 690356 180261 463280 480505 527267 247463 279108 189966 899158 938908 452172 534651 542459 632776 120123 896655 736595 632423 14219 454456 83616 73760 859765 883673 690408 625621 6303 34377 83415 886802 289827 271422 365793 670982 423652 445848 224056 371070 799501 233553 160667 525539 408837 399745 787462 270197 955967 458852 395842 578592 427276 957998 403387 482764 935128 688354 563773 434232 58582 699241 197458 220702 877606 786434 84489 144608 907679 997614 615045 661019 444435 181156 106661 343408 944723 424655 915331 585268 603459 801556 64388 211993 398184 316692 994267 230336 988112 420605 342346 602152 421062 465421 237934 872311 939096 157784 260036 437136 279307 889232 695321 565846 834756 971662 909666 486097 614438 733227 119188 491996 342884 333777 14452 362130 31176 751814 851440 342545 300070 539206 93231 541060 228476 620535 197909 739548 761405 850595 235191 852319 957909 842367 142572 98716 975371 796900 978778 600585 462934 642589 650327 299733 625258 104511 192705 110347 93752 6603 763460 813831 43950 871418 610776 203444 623765 303293 50026 542748 555641 508141 95305 138321 953205 467160 42409 619697 327825 469202 70575 11811 130258 725146 643240 126165 176869 48869 78044 606176 208748 467642
