6
28 18530159
4513726 8131470 741428 334328 9636467 3401752 4414534 1288509 8148077 5716259 775813 6412079 3220415 1397604 5493836 7015767 8367619 3513252 1702676 67265 2282201 8160973 8720513 1943212 3038105 8791394 8893692 2685274
17 799995421
1000000000 1000000000 1000000000 1000000000 1000000000 1000000000 1000000000 1000000000 1000000000 1000000000 1000000000 1000000000 1000000000 1000000000 1000000000 1000000000 1000000000
18 14335776
325236 245174 442873 447843 233741 366921 369639 368189 458415 234965 5000000 429195 54210 123295 448448 5512903 190072 362145
13 1
7064 7064 7064 7064 7064 7064 7064 7064 7064 7064 7064 7064 7064
2 419
212 212
44 13026455
764352 45700 126833 41327 136890 715568 882006 455338 290199 583409 447605 933326 840902 911778 489112 291533 976417 352591 982798 380967 634349 675167 126630 669436 138235 971683 564933 259481 868155 244291 399783 752597 807192 998 280986 950661 944847 620684 396786 133820 236409 735235 561680 983697
