27
9 5524
5524 5524 5524 5524 5524 5524 5524 5524 5524
57 21211971
374438 188955 203275 311072 292466 272274 161858 180005 288798 141785 222223 482054 155776 431565 212860 5190623 213638 417845 42021 79806 167441 78719 74384 124076 441720 249234 291872 221105 220002 57935 59561 364773 348554 359647 24597 279299 159316 388607 35901 278876 341006 206350 331441 58862 306144 185706 103219 161078 5000000 215215 237553 63875 366051 87935 95478 483394 444117
18 1
109625 108052 113082 252243 12850 29862 339456 346738 5000000 202769 428905 85493 285152 198787 495389 350469 408774 5987107
10 168055
74514 60854 51984 50819 48194 37460 19944 13203 13077 4724
39 28962208
9088450 9800872 6844003 8124159 3557146 7938047 5773350 7433508 7015446 6617631 3709089 6831744 27342 2708535 3588535 6110394 4620525 5195730 7159525 9769693 6732031 8086863 3776578 668995 7474236 9800113 1431712 1255496 1753520 4271473 8056884 1167851 3519526 1860739 8727489 3323852 1446194 5058540 5264991
13 10226
5113 5113 5113 5113 5113 5113 5113 5113 5113 5113 5113 5113 5113
1 6280
9259
26 45
2753 16337 21097 23962 25096 33575 42418 42478 45748 46869 49844 52469 59017 60629 63300 68721 71357 73547 74338 74498 74680 76299 78150 88615 89435 91187
18 1
192 192 192 192 192 192 192 192 192 192 192 192 192 192 192 192 192 192
29 12734661
345231 494308 159215 305750 37993 5000000 5987565 475829 118955 450682 56399 219973 260083 44171 119221 465204 142919 198473 282800 367098 198573 484189 313157 213601 394866 266421 280699 180457 32747
22 40
303194 471364 70768 5927460 385015 223909 456338 133442 309840 475863 168728 145148 215268 245404 438783 436684 152912 195768 5000000 422225 163165 364921
4 10678
5339 5339 5339 5339
16 1000000000
1000000000 1000000000 1000000000 1000000000 1000000000 1000000000 1000000000 1000000000 1000000000 1000000000 1000000000 1000000000 1000000000 1000000000 1000000000 1000000000
4 1000000000
1000000000 1000000000 1000000000 1000000000
3 19800299
8123511 8271827 3420628
9 224267
11200 14564 53553 59617 69278 77055 84513 91536 94991
10 14083
15222 395284 451207 134105 413989 5941091 7296 226522 87230 5000000
6 1
25170 35336 37733 56267 56978 71541
4 1
7253 7253 7253 7253
5 41415
41415 22646 10000 5303 3142
5 1000000000
1000000000 1000000000 1000000000 1000000000 1000000000
4 2
1 1 1 1
3 192547
88907 77382 75973
3 18460
18460 44832 98705
1 9784064
9852036
1 85633
85630
10 343171
560066 849091 42431 513393 678498 659907 631049 412095 676004 543709
