7
142 140
1 1 1 1 1 1 1 1 1 1 1 1 1 1 1 1 1 1 1 1 1 1 1 1 1 1 1 1 1 1 1 1 1 1 1 1 1 1 1 1 1 1 1 1 1 1 1 1 1 1 1 1 1 1 1 1 1 1 1 1 1 1 1 1 1 1 1 1 1 1 1 1 1 1 1 1 1 1 1 1 1 1 1 1 1 1 1 1 1 1 1 1 1 1 1 1 1 1 1 1 1 1 1 1 1 1 1 1 1 1 1 1 1 1 1 1 1 1 1 1 1 1 1 1 1 1 1 1 1 1 1 1 1 1 1 1 1 1 1 1 1 1
11 173027
1597 2043 9289 14592 18278 42944 60662 65592 73817 74763 98264
5 10768353
74494 172751 5449128 139418 5000000
1 676
715
147 32
214900 40482 365199 113266 161186 497327 402922 242564 66995 37849 208906 283370 287694 149768 228589 352662 153093 450812 465216 165816 15879 26277 484411 77816 461863 422507 191562 364656 364709 486231 286600 110968 438308 316572 22737 325517 409140 395059 207250 363056 377484 455852 223812 406982 407309 429127 335697 39241 185513 225365 62946 360438 255115 245761 373755 156379 235736 194732 299059 88466 379046 113151 498217 352727 462118 5892071 448025 185071 146536 143396 191685 2210 44917 358862 481970 443376 280933 148709 309971 76694 5000000 314526 388361 189210 368117 178003 83082 331594 112895 408364 205440 435479 343850 39731 434357 217586 86608 313436 215699 201636 225048 260303 490229 45031 318723 302639 161077 117015 97294 150014 456812 364169 195336 140643 301843 14234 188993 334858 237963 195984 433830 303856 499608 329892 166429 453797 433181 157900 466041 296155 347709 276856 408648 129975 423825 146216 392040 429509 94082 73791 265939 104074 176860 288753 357054 350670 298902
24 842274
1613 3422 5117 9154 10434 11809 17919 19154 20344 24229 30174 31130 34572 38207 39541 40014 63647 77024 88533 89861 91987 94901 98756 98895
559 187416781
901520 452552 357144 999640 614873 724314 186967 140206 805394 975745 988185 753157 568843 200065 318346 117418 714702 657170 118621 435568 377918 589029 632264 616987 246931 963867 928996 258012 856248 874735 104001 347548 123440 141456 830430 607542 673975 558929 82986 543649 19246 899764 654984 29328 744567 626589 500963 405023 893351 499698 823381 355064 603169 480248 900203 430062 182886 609830 308864 800942 997061 190386 74991 469304 399682 427032 210308 33233 927459 470597 177695 371209 555209 288463 699952 581952 513567 954488 998634 739990 385199 121788 745708 335654 872500 344314 700955 227520 326051 275350 137329 433244 718392 721501 132472 976651 126935 470275 66265 419772 323437 543179 13252 674961 197245 152088 666636 863408 989838 331776 1823 948388 869048 699250 981880 614764 795623 861067 400059 446425 285047 598489 623328 224215 167925 633597 960996 6178 201806 216595 707499 13442 802436 972915 719573 8310 1449 397280 402396 353619 901942 346756 919972 713639 632913 757245 881649 885290 791814 529165 137528 163815 310506 415725 909505 76127 553116 984535 477943 833771 656109 968122 842124 260791 40378 423083 606140 467567 682590 710971 195497 468711 267233 248328 864582 437474 49653 165016 256822 203992 140663 102054 296960 975130 896140 192542 909286 441975 737364 59526 768382 221777 692763 932381 826486 119447 834897 668718 726261 31595 337292 1684 930921 982810 160379 735503 768601 909882 347482 591626 324618 623933 8293 990866 693731 110926 254697 431916 910427 800585 103465 38797 757727 555419 554112 17387 355065 464196 958618 720770 175616 29324 751207 37093 302751 972638 119917 808550 317474 713539 300850 338533 199597 364818 870091 627918 774853 636278 135226 740230 372667 35542 496638 860888 24172 5887 814384 714836 100382 169262 568999 178036 643152 807379 709414 852116 923187 646880 652685 36809 79780 74493 944144 486496 988205 736707 904987 830559 84255 362935 145496 560529 583759 727749 93451 945972 247385 351348 942808 634427 238648 611694 756152 745685 801602 228479 846201 67334 559463 111672 367899 850320 3925 770757 275433 960195 2992 694146 127880 523708 57337 789987 859486 545749 806371 995589 231473 391486 947925 856227 402663 511966 740558 386810 780926 370746 7038 42672 562049 906225 520474 261402 543387 986970 261523 178485 676870 674688 278533 41451 942995 892205 615050 799361 215537 967852 8321 829284 316085 562285 110772 395666 736204 986258 993117 884940 189433 841596 696651 400439 473596 275625 665142 870107 536019 836567 531758 785168 654374 744606 193866 826172 375729 620898 220607 157062 458761 887199 742814 157780 563264 237081 581740 805175 681425 374446 502402 951866 803341 943169 524355 356798 942479 417316 473986 628362 599004 91119 843879 633538 313274 748754 575800 826905 290781 131974 756957 560577 876738 653555 510094 682506 320186 128422 143237 562268 180474 803449 416765 838724 183559 775147 366896 995674 954339 511331 58948 972863 313019 428621 145443 688995 821122 855633 94643 499446 596494 647068 474310 92650 5904 96948 306631 938743 734650 850670 580099 736229 152182 932527 463176 380250 109842 340055 170013 782601 45297 714748 61036 209757 248768 50907 415191 705866 974669 701956 248466 884656 548365 73214 256106 741050 321638 998539 470933 884671 587827 373681 66585 51660 343249 995948 243478 126812 970358 107005 793807 226983 121628 611585 505691 33330 777444 62283 800664 10977 232782 541852 474068 294737 136312 507829 598481 151190 549871 182861 701174 371398 821179 971316 290571 421656 391254 742390 284051 734942 763481 744180 892092 986031 798379 60893 793663 483433 880830 427471 988406 932686 755119 350165 187634 763893 125274 569913 865440 244942 761305 613814 643076 73857 47441 950856 282854 720933 946386 810608 346331 636241 802231 985535 376244 392806 86532 461410 761131 400241 263129 540786 713667
