25
3 10825756
5850565 5000000 368540
38 2124545
313 8344 12525 16329 22081 24387 25600 27879 28756 38169 40888 43824 49954 50061 53667 55833 56275 56440 59419 66088 68761 69586 71991 74095 77051 77160 78075 78983 83883 87062 87385 88565 89814 91003 92574 98323 98981 99668
91 10030913
355884 440776 376010 88239 454818 159097 194108 471865 88524 126305 230168 263533 387539 438246 226276 15572 425014 314869 227366 312698 236645 273220 498355 395402 458045 5030913 205413 47322 101581 30145 142681 15987 396316 140930 283436 302250 33711 270141 239662 134029 386644 233292 495237 349559 398244 45582 344273 175974 412170 178146 232664 223850 313427 171028 345157 130617 270443 87239 112958 15157 210284 92948 240875 46033 373235 330139 300701 349274 471438 145965 83671 173570 91056 293040 36415 431455 460359 408798 11913 111844 397696 484084 397759 333344 5000000 50614 103892 176330 114961 463872 288204
97 19735848
5902058 3888851 1581192 759629 8432809 2796598 2804533 8419567 7769903 8610919 8607562 6821042 5747976 313425 7376242 6469127 180692 5451951 6555141 8920761 1038240 3224920 5537766 5316832 7002342 5971528 2899503 6278278 2504300 7882890 2624820 7744339 2873029 1409600 4110188 4768203 5342521 4841603 7694289 4958564 1654843 4103761 9787594 7726006 5159711 7609976 1224042 2574193 9783654 9829188 5019517 5927744 8312545 5819770 2180753 84130 7778854 3030135 2401403 8254270 2482859 2638014 5473354 9780263 2606478 4401805 1004431 8858675 1337221 6407780 9906660 609567 5212806 2779365 3919528 6854348 5675191 3872557 4496429 5094765 6253041 21146 6227404 2990994 2945805 5452664 8950421 4425881 9334422 4176343 3998405 8179826 710760 3509964 9115166 7840245 7030824
118 198918
99575 99343 99242 97418 96804 94935 92901 92656 92642 92318 91571 90051 90017 89320 89214 87929 87860 87194 85908 85698 85564 81345 80875 79426 78750 78395 75913 75594 74721 73828 72259 71222 70990 70246 69635 69496 68248 67801 67748 67642 67610 66987 66781 64042 63686 62792 61061 60743 59266 56850 56592 55113 54739 54199 51652 50691 49658 49098 46553 45036 44528 44006 43297 42761 41522 41508 41072 40806 40351 39680 39544 38512 38061 37993 37882 37832 36817 36480 35801 35650 34163 33736 32926 31689 31392 30368 30054 29778 27728 25700 25501 25196 25144 24062 23279 21560 20014 18482 18224 18054 17929 17875 17248 17011 11138 10974 10224 10203 9725 6057 5977 5396 4826 3363 2798 1329 453 449
97 1000000000
1000000000 1000000000 1000000000 1000000000 1000000000 1000000000 1000000000 1000000000 1000000000 1000000000 1000000000 1000000000 1000000000 1000000000 1000000000 1000000000 1000000000 1000000000 1000000000 1000000000 1000000000 1000000000 1000000000 1000000000 1000000000 1000000000 1000000000 1000000000 1000000000 1000000000 1000000000 1000000000 1000000000 1000000000 1000000000 1000000000 1000000000 1000000000 1000000000 1000000000 1000000000 1000000000 1000000000 1000000000 1000000000 1000000000 1000000000 1000000000 1000000000 1000000000 1000000000 1000000000 1000000000 1000000000 1000000000 1000000000 1000000000 1000000000 1000000000 1000000000 1000000000 1000000000 1000000000 1000000000 1000000000 1000000000 1000000000 1000000000 1000000000 1000000000 1000000000 1000000000 1000000000 1000000000 1000000000 1000000000 1000000000 1000000000 1000000000 1000000000 1000000000 1000000000 1000000000 1000000000 1000000000 1000000000 1000000000 1000000000 1000000000 1000000000 1000000000 1000000000 1000000000 1000000000 1000000000 1000000000 1000000000
101 95
1 1 1 1 1 1 1 1 1 1 1 1 1 1 1 1 1 1 1 1 1 1 1 1 1 1 1 1 1 1 1 1 1 1 1 1 1 1 1 1 1 1 1 1 1 1 1 1 1 1 1 1 1 1 1 1 1 1 1 1 1 1 1 1 1 1 1 1 1 1 1 1 1 1 1 1 1 1 1 1 1 1 1 1 1 1 1 1 1 1 1 1 1 1 1 1 1 1 1 1 1
64 12024685
249936 194512 469806 275045 462741 456995 279040 336609 201269 193956 365392 366183 305130 52671 79795 245215 135108 109176 473309 418436 26776 407016 406198 475340 491921 5000000 76219 355051 297374 340888 329314 384446 454482 460831 216181 11041 412018 69640 365595 144280 317194 215326 99239 390706 38456 236522 435832 382555 296526 457972 7612 288921 5602371 64052 201370 75770 293907 448116 274158 133602 383575 179665 455909 304384
36 1000000000
1000000000 1000000000 1000000000 1000000000 1000000000 1000000000 1000000000 1000000000 1000000000 1000000000 1000000000 1000000000 1000000000 1000000000 1000000000 1000000000 1000000000 1000000000 1000000000 1000000000 1000000000 1000000000 1000000000 1000000000 1000000000 1000000000 1000000000 1000000000 1000000000 1000000000 1000000000 1000000000 1000000000 1000000000 1000000000 1000000000
33 1
7770666 307554 6504297 2264267 348313 4793238 2165510 2169457 6875322 7154264 7895383 7988487 3973203 133390 5140628 8117779 7517095 723534 3493960 1575398 2171304 236392 1010989 6705685 6056535 8382913 546232 1270194 2831232 9693960 3592342 4140641 6921599
6 19611160
6306760 485403 832722 8212619 1285066 7512364
41 1000000000
1000000000 1000000000 1000000000 1000000000 1000000000 1000000000 1000000000 1000000000 1000000000 1000000000 1000000000 1000000000 1000000000 1000000000 1000000000 1000000000 1000000000 1000000000 1000000000 1000000000 1000000000 1000000000 1000000000 1000000000 1000000000 1000000000 1000000000 1000000000 1000000000 1000000000 1000000000 1000000000 1000000000 1000000000 1000000000 1000000000 1000000000 1000000000 1000000000 1000000000 1000000000
74 93
1115724 5477804 4245104 9234005 7617220 8760270 1285303 7822248 3368599 9464472 5422697 5082697 7601415 7496038 6927902 4717307 935614 1329994 5231840 9428078 5418830 6824110 5709691 4794234 1326453 5492391 7287962 3165955 8631306 7658145 7262493 5631662 9902957 7978429 3879833 6361993 9216529 9128235 4333443 813935 4280763 1693492 9801577 9243517 1050382 4582951 5638261 385438 27120 9414723 9614672 8139913 721648 1134868 3090835 3094166 9402981 7719972 7915640 5091560 2187200 6452939 6432288 1406493 9815972 6324293 6412823 8317601 9542125 3475673 4777520 2549594 1824230 8394600
35 31067
980 980 980 980 980 980 980 980 980 980 980 980 980 980 980 980 980 980 980 980 980 980 980 980 980 980 980 980 980 980 980 980 980 980 980
26 2982
95445 87946 80989 80564 80204 75634 75113 74072 71538 69690 67194 59508 56526 52859 49997 49410 42363 25838 23183 21094 19824 17071 15151 14645 2982 2693
10 17
4200325 7926777 5322758 6542574 6641198 5341495 5656630 4103046 5483594 769830
6 11212979
188413 5135378 5000000 39160 346051 21825
37 17996212
273593 243130 90322 304365 438588 290245 211872 76273 376281 71092 186509 167594 431128 160547 82692 6767 336280 201957 444450 476050 46465 5000000 308654 201158 5761873 177713 158296 231695 368064 60642 478101 483708 352937 359168 48099 351847 138434
1 853157
2588189
17 20916510
9476247 3753734 1578910 1238145 1741103 9111786 8227298 8543137 21031 8211322 1688521 7761517 2125088 5272825 926570 4082792 1800480
16 66285246
945725 585836 4456675 2989360 5008308 4922537 2593496 1371433 3562034 5588387 9393595 6501943 4621463 8560041 4413536 5490035
20 76
76 76 76 76 76 76 76 76 76 76 76 76 76 76 76 76 76 76 76 76
16 10596773
176203 5000000 491672 475609 124653 398418 99169 22546 41143 427363 238613 5596773 67851 246660 496711 51225
1 148
393
55 25383648
792897 949168 8225 764808 516748 677593 7925 935811 940202 918245 322552 550686 407904 751289 68781 459231 558376 949270 245409 871599 349362 501395 561299 347572 619698 303202 181403 915987 14163 881712 190406 334990 19578 138127 34051 708655 151685 860629 901526 982915 561549 545710 221359 72804 497567 327902 262270 164388 122475 964002 867446 927692 391948 167621 668323
