10
94 29
95 94 93 92 91 90 89 88 87 86 85 84 83 82 81 80 79 78 77 76 75 74 73 72 71 70 69 68 67 66 65 64 63 62 61 60 59 58 57 56 55 54 53 52 51 50 49 48 47 46 45 44 43 42 41 40 39 38 37 36 35 34 33 32 31 30 29 28 27 26 25 24 23 22 21 20 19 18 17 16 15 14 13 12 11 10 9 8 7 6 5 4 3 30
58 186
186 18 186 18 186 18 186 18 186 18 186 18 186 18 186 18 186 18 186 18 186 18 186 18 186 18 186 18 186 18 186 18 186 18 186 18 186 18 186 18 186 18 186 18 186 18 186 18 186 18 186 18 186 18 186 18 186 187
18 152
153 15 152 15 152 15 152 15 152 15 152 15 152 15 152 15 152 15
86 79
1 1 1 1 1 1 1 1 1 1 1 1 1 1 1 1 1 1 1 1 1 1 1 1 1 1 1 1 1 1 1 1 1 1 1 1 1 1 1 1 1 1 1 1 1 1 1 1 1 1 1 1 1 1 1 1 1 1 1 1 1 1 1 1 1 1 1 1 1 1 1 1 1 1 1 1 1 1 1 1 1 1 1 1 1 1
36 183
1 29 72 168 50 171 76 120 103 125 87 82 62 35 84 32 123 156 176 54 133 129 15 16 31 111 111 102 125 180 136 170 60 146 120 1
90 56
57 5 56 5 56 5 56 5 56 5 56 5 56 5 56 5 56 5 56 5 56 5 56 5 56 5 56 5 56 5 56 5 56 5 56 5 56 5 56 5 56 5 56 5 56 5 56 5 56 5 56 5 56 5 56 5 56 5 56 5 56 5 56 5 56 5 56 5 56 5 56 5 56 5 56 5 56 5 56 5 56 5 56 5 56 5 56 5 56 5
34 99
39 40 41 42 43 44 45 46 47 48 49 50 51 52 53 54 55 56 57 58 59 60 61 62 63 64 65 66 67 68 69 70 71 100
40 124
60 59 58 57 56 55 54 53 52 51 50 49 48 47 46 45 44 43 42 41 40 39 38 37 36 35 34 33 32 31 30 29 28 27 26 25 24 23 22 125
88 40
41 96 95 94 93 92 91 90 89 88 87 86 85 84 83 82 81 80 79 78 77 76 75 74 73 72 71 70 69 68 67 66 65 64 63 62 61 60 59 58 57 56 55 54 53 52 51 50 49 48 47 46 45 44 43 42 41 40 39 38 37 36 35 34 33 32 31 30 29 28 27 26 25 24 23 22 21 20 19 18 17 16 15 14 13 12 11 10
61 16
1 1 1 1 1 1 1 1 1 1 1 1 1 1 1 1 1 1 1 1 1 1 1 1 1 1 1 1 1 1 1 1 1 1 1 1 1 1 1 1 1 1 1 1 1 1 1 1 1 1 1 1 1 1 1 1 1 1 1 1 1
