18
14 749038
12593 15744 27099 32681 43822 50773 62624 70105 71394 72012 81627 90057 98421 99398
3 8818105
5156869 3116133 831655
24 1162055
97947 95556 85463 80783 78686 76189 73684 71554 68759 59108 53518 52630 45474 43098 39495 38832 38446 38291 22303 22008 16482 12268 8346 6100
52 25
1207 1666 1681 3833 7338 10950 14586 14712 17133 17571 19569 20284 21479 23223 24768 25934 29123 29648 32314 32908 32910 33281 37023 37381 37650 39171 39759 43677 44426 44818 45898 49376 50752 55128 55484 56048 56442 58349 63872 64278 65119 68088 70881 73224 78704 79224 86145 87363 89935 90381 90566 90875
22 20
1 1 1 1 1 1 1 1 1 1 1 1 1 1 1 1 1 1 1 1 1 1
12 193409
1804 10098 27563 29627 44162 62573 69269 71009 76126 87323 88737 92677
19 663
663 663 663 663 663 663 663 663 663 663 663 663 663 663 663 663 663 663 663
8 1000000000
1000000000 1000000000 1000000000 1000000000 1000000000 1000000000 1000000000 1000000000
22 881639
89529 84700 81733 80462 76752 76731 63381 62492 62339 55543 40685 35397 26512 26253 23139 20022 16806 16113 13111 10910 3442 2551
5 1000000000
1000000000 1000000000 1000000000 1000000000 1000000000
19 69
1000000000 1000000000 1000000000 1000000000 1000000000 1000000000 1000000000 1000000000 1000000000 1000000000 1000000000 1000000000 1000000000 1000000000 1000000000 1000000000 1000000000 1000000000 1000000000
8 1
983 983 983 983 983 983 983 983
9 10606
5303 5303 5303 5303 5303 5303 5303 5303 5303
10 19592739
6376531 5874482 9634133 9482150 6972372 7740477 1899840 564776 9958606 2388755
2 1716
794 794
8 423002
29495 31322 48583 50710 59268 60895 72164 88641
5 1
21601 5000000 21375 299556 5470262
26 5113244
30087 7213 505615 921712 634479 271361 677647 348359 963871 114795 415541 791531 618854 520560 132002 856880 275319 837526 60517 35440 931924 241857 797471 218588 744033 275291
