17
16 229453
183767 189146 375752 467144 462722 229453 5000000 338765 50376 172288 298323 100618 5265447 120372 434027 407683
5 14415
6391 6391 6391 6391 6391
18 5238
294 294 294 294 294 294 294 294 294 294 294 294 294 294 294 294 294 294
28 76
99177 97567 86592 84846 82519 78745 77547 70332 62681 57136 56126 55408 52734 51904 50854 48277 46478 44264 37373 34182 32861 32164 30649 12229 9510 5604 3296 1831
10 183885
94375 89510 69725 59499 45762 41889 33723 32151 31720 15484
15 12771346
480812 39015 490005 244482 411512 5777806 5000000 9109 322665 391735 358360 24873 306439 245118 111675
5 11108760
131006 5000000 467132 5962171 285873
4 2620
661 661 661 661
11 1
150586 180141 149099 111097 92341 5110769 5000000 427926 439327 213914 482732
3 782
782 782 782
3 85844
97736 47370 7880
11 187385
10065 18545 26711 39584 41459 43160 56241 57587 66161 88739 98646
6 1
6983669 9239063 2825193 9226243 850737 6125805
3 33
33 33 33
2 6253157
4356209 2477413
1 59
97516
27 10622630
420476 944408 537026 577304 412699 228729 763553 204519 115582 873993 975878 234633 548402 363284 83989 783161 765555 600838 102813 405261 677039 203381 751868 39563 547905 445174 733638
