11
48 222665
99415 98794 97830 97085 92668 92280 90878 90742 87950 82310 78753 78135 77371 75124 74437 74011 71359 65498 63682 56714 47367 42024 39880 39154 38956 37988 37528 34867 34318 31246 31135 30566 29707 29362 25697 25066 24334 24190 23970 17657 15291 14523 12765 11961 11916 8505 3952 624
6 22902295
1883830 4821620 9262369 1477132 2778472 3424809
17 185246
6465 16757 17492 20126 29044 31255 32750 37793 37902 47431 47523 49175 55132 61433 63688 68861 93150
8 33968892
1019333 9727259 9858588 435713 126241 854736 4291685 9193308
2 21251
9601 9601
15 187
187 187 187 187 187 187 187 187 187 187 187 187 187 187 187
13 1
1 1 1 1 1 1 1 1 1 1 1 1 1
15 52395
1664 1669 8728 32778 36186 45698 48210 52167 52395 54329 74608 87015 89623 95351 99416
31 12919
351 847 351 351 847 50 50 351 50 847 847 50 847 847 50 50 50 847 50 50 351 50 50 847 351 351 351 351 847 847 847
3 93328
45110 41194 30689
97 42880363
883253 432479 100987 129682 659564 7563 440767 558743 425892 200677 366147 196507 873845 660133 815374 981205 896725 280462 705258 758707 971258 971084 880828 738747 431655 863840 762429 898372 215189 798569 78255 164242 1912 227199 460418 901642 280147 652853 388213 162924 736205 973017 35639 336934 716037 701604 404666 653585 40305 928839 516416 222961 787305 263816 164979 713487 745027 541915 945000 608766 233330 869467 966455 185355 262472 285593 392119 845598 711540 77482 178854 764167 446120 768697 685834 877509 325310 284385 85426 801854 377297 748925 774629 230456 193218 374371 778272 220221 524253 554266 140235 897894 169551 697993 193204 811479 792454
