27
417 199591
18 126 176 208 250 259 311 671 705 986 1452 1536 1595 1598 1729 1894 2159 2731 3039 3235 3259 3292 4189 4322 5171 5180 5320 5451 5811 5902 6398 6466 6639 7513 7573 7654 7875 8101 8358 8632 8733 8821 8980 9070 9101 9526 9786 9818 9981 10301 10484 10704 10712 10835 10896 10920 10929 11159 11611 11721 12150 12425 12474 12520 12801 12824 12976 13315 13370 13505 13685 13826 14167 14224 14327 14388 15017 15210 15272 15674 15774 15776 15846 16281 16309 16345 16385 16445 16449 16629 17094 17228 17297 17622 18198 18776 19032 19175 19197 19245 19578 19654 19965 20156 20396 20527 20665 21242 21417 22016 22072 22229 22546 22769 22842 23095 23148 23384 23888 23950 24135 24363 24531 25327 25435 25454 25810 25859 25969 26020 26026 26111 26230 26245 26705 27187 27594 27989 28346 28494 29013 29763 30304 30421 30797 30930 31166 31292 31728 32079 32179 32274 32529 32807 33218 33306 33617 33717 33984 34967 35097 35181 35370 35587 36241 36688 37105 37266 37278 37281 37743 37982 38371 38449 38484 38645 38750 39015 39138 39160 39203 39385 39466 39499 39572 39719 40007 40175 40278 40353 40400 40905 40968 41243 41731 42302 42826 42942 42978 43395 43780 44992 45095 45139 45209 45386 45431 45529 45595 45607 45686 46172 46371 46396 46409 46619 46638 46918 47143 47251 47467 47626 47763 48219 48365 48434 48932 49316 49609 49700 49701 50296 50516 50780 51199 51438 51605 51872 52077 52357 52457 52537 52937 53215 53313 53468 53486 53516 53672 53831 54164 54573 54600 54637 55738 55904 55941 55951 56509 57100 57262 57412 57882 57901 57982 58873 59219 59382 59427 59691 59727 59963 60087 60101 61256 61299 61748 62065 62240 62543 62728 63051 63239 63344 63492 63678 63734 63778 64665 64682 64725 65264 65426 65451 65851 66252 66312 66561 67524 67526 67639 67692 67821 68344 68415 68538 68778 68853 68892 69235 69320 69672 69791 69982 69983 70097 70309 70430 71262 71459 72286 72731 73197 73383 73431 73617 73956 74232 74238 74430 74511 74694 75064 75634 75640 75823 76017 76318 76396 76578 76735 77328 77758 79175 79251 79689 79781 79809 80038 80067 80213 81016 81388 82078 82396 82676 82932 83802 83914 84010 84080 84097 84278 84462 84781 84867 85302 85586 85834 85932 86437 87257 87337 87350 87421 87461 87542 87957 88256 88683 88859 88928 88929 88934 89601 89815 89930 90039 90135 91096 91420 91974 92637 92701 92756 92824 92825 93760 93923 94082 94491 94869 95133 95178 95461 95894 96760 97280 97563 98148 98175 98408 99008 99653 99654 99747 99844
154 6817673
155 1156 1364 3086 3133 3251 3591 3692 3874 4296 4313 5124 5161 5268 5553 6061 6541 7043 7598 7643 8328 9121 9155 9460 9611 10648 11789 12616 13310 13620 13853 14065 14078 14770 14876 14905 16026 17749 18123 18528 18615 19134 19575 21223 22698 22752 23055 23135 23244 23962 25505 25692 25781 26867 27904 28746 29612 31476 31661 32897 33367 35010 35089 35115 35741 36276 37621 37903 42081 42725 43565 44058 45854 46415 47989 48775 49589 50135 50426 50618 51182 52435 53339 54111 54744 55903 56525 57127 58172 58306 58666 59382 60048 60358 60691 61565 62389 62719 63379 63762 64203 64982 65212 65875 67379 67833 68125 68857 68936 69365 70168 70979 71569 71952 72843 73092 73325 74478 74701 75300 76267 77171 78770 80544 82183 83187 83429 83568 84184 87585 89407 90336 91387 92782 92962 93495 93672 94184 95454 95851 96080 96977 96980 97111 97214 97312 97869 97971 98159 98322 98644 98658 98952 99988
341 49
99886 99723 98158 97841 97815 97768 96142 96135 95943 95364 95312 94887 94752 94112 93974 93965 93603 93422 93303 93137 92955 91866 91534 91478 91466 91378 91360 91046 90885 89505 89465 88850 88514 88406 87978 87349 87327 87231 87181 86822 86761 86751 86700 86524 85691 85078 85064 84837 84623 84089 84088 83739 83697 83407 82914 82897 82694 82601 82285 81751 81361 81061 80603 80295 80266 80131 79388 78930 78172 78004 77814 77323 77259 77140 76833 76640 76534 75712 74235 74227 74213 74200 74148 73776 73676 73632 73150 73076 72238 72092 70726 70654 70340 70276 70193 70185 70174 69834 69811 69771 69506 69252 69006 68973 68931 68755 68050 68030 67926 67758 67486 67386 67369 67319 67000 66824 66685 66638 66625 66594 66341 66244 66233 65882 65337 65308 65228 65067 64951 64826 64651 64632 63688 63347 63271 62709 62630 62438 62164 62035 61207 60756 60671 60633 60189 59740 59507 59336 58905 58802 58796 58395 57995 57935 57851 57815 57366 57319 56502 56498 56169 56039 55827 55778 55425 55093 54884 54875 53742 53741 53607 53338 53253 53110 52889 52573 52207 51357 51231 51077 50771 50687 49719 49713 48173 48161 47650 47296 46737 46614 46540 46421 46188 46046 45910 45812 45686 45591 45466 45153 45117 45094 45025 44618 44263 44092 43925 43685 43380 43065 42816 42551 42219 42094 41422 41354 41194 41162 40938 40914 40320 39957 39654 39573 39095 39000 38955 38644 38274 38147 37407 37101 37001 36446 36210 36105 35951 35067 34745 34349 34239 34000 33533 33319 33247 32497 31863 31159 30813 30289 29942 29850 29307 29158 29039 28901 28508 28302 27715 26972 26944 26889 26781 26675 26613 26176 25577 25396 25226 24976 24811 24645 24590 24025 23985 23878 23695 23573 23507 23462 23137 22328 21941 21402 21242 20987 20138 20073 20052 19923 19294 18866 18830 18550 18446 18266 17461 17334 16025 15472 15463 15287 15270 13787 13604 13210 12494 11676 11585 11309 11115 10992 10624 10329 10294 10072 9359 8860 8655 8491 8255 7841 7559 7456 7263 7031 6998 6674 6377 6265 5261 4703 4572 4305 4226 3674 2976 2141 2085 1517 256
141 1450
725 725 725 725 725 725 725 725 725 725 725 725 725 725 725 725 725 725 725 725 725 725 725 725 725 725 725 725 725 725 725 725 725 725 725 725 725 725 725 725 725 725 725 725 725 725 725 725 725 725 725 725 725 725 725 725 725 725 725 725 725 725 725 725 725 725 725 725 725 725 725 725 725 725 725 725 725 725 725 725 725 725 725 725 725 725 725 725 725 725 725 725 725 725 725 725 725 725 725 725 725 725 725 725 725 725 725 725 725 725 725 725 725 725 725 725 725 725 725 725 725 725 725 725 725 725 725 725 725 725 725 725 725 725 725 725 725 725 725 725 725
525 1000000000
1000000000 1000000000 1000000000 1000000000 1000000000 1000000000 1000000000 1000000000 1000000000 1000000000 1000000000 1000000000 1000000000 1000000000 1000000000 1000000000 1000000000 1000000000 1000000000 1000000000 1000000000 1000000000 1000000000 1000000000 1000000000 1000000000 1000000000 1000000000 1000000000 1000000000 1000000000 1000000000 1000000000 1000000000 1000000000 1000000000 1000000000 1000000000 1000000000 1000000000 1000000000 1000000000 1000000000 1000000000 1000000000 1000000000 1000000000 1000000000 1000000000 1000000000 1000000000 1000000000 1000000000 1000000000 1000000000 1000000000 1000000000 1000000000 1000000000 1000000000 1000000000 1000000000 1000000000 1000000000 1000000000 1000000000 1000000000 1000000000 1000000000 1000000000 1000000000 1000000000 1000000000 1000000000 1000000000 1000000000 1000000000 1000000000 1000000000 1000000000 1000000000 1000000000 1000000000 1000000000 1000000000 1000000000 1000000000 1000000000 1000000000 1000000000 1000000000 1000000000 1000000000 1000000000 1000000000 1000000000 1000000000 1000000000 1000000000 1000000000 1000000000 1000000000 1000000000 1000000000 1000000000 1000000000 1000000000 1000000000 1000000000 1000000000 1000000000 1000000000 1000000000 1000000000 1000000000 1000000000 1000000000 1000000000 1000000000 1000000000 1000000000 1000000000 1000000000 1000000000 1000000000 1000000000 1000000000 1000000000 1000000000 1000000000 1000000000 1000000000 1000000000 1000000000 1000000000 1000000000 1000000000 1000000000 1000000000 1000000000 1000000000 1000000000 1000000000 1000000000 1000000000 1000000000 1000000000 1000000000 1000000000 1000000000 1000000000 1000000000 1000000000 1000000000 1000000000 1000000000 1000000000 1000000000 1000000000 1000000000 1000000000 1000000000 1000000000 1000000000 1000000000 1000000000 1000000000 1000000000 1000000000 1000000000 1000000000 1000000000 1000000000 1000000000 1000000000 1000000000 1000000000 1000000000 1000000000 1000000000 1000000000 1000000000 1000000000 1000000000 1000000000 1000000000 1000000000 1000000000 1000000000 1000000000 1000000000 1000000000 1000000000 1000000000 1000000000 1000000000 1000000000 1000000000 1000000000 1000000000 1000000000 1000000000 1000000000 1000000000 1000000000 1000000000 1000000000 1000000000 1000000000 1000000000 1000000000 1000000000 1000000000 1000000000 1000000000 1000000000 1000000000 1000000000 1000000000 1000000000 1000000000 1000000000 1000000000 1000000000 1000000000 1000000000 1000000000 1000000000 1000000000 1000000000 1000000000 1000000000 1000000000 1000000000 1000000000 1000000000 1000000000 1000000000 1000000000 1000000000 1000000000 1000000000 1000000000 1000000000 1000000000 1000000000 1000000000 1000000000 1000000000 1000000000 1000000000 1000000000 1000000000 1000000000 1000000000 1000000000 1000000000 1000000000 1000000000 1000000000 1000000000 1000000000 1000000000 1000000000 1000000000 1000000000 1000000000 1000000000 1000000000 1000000000 1000000000 1000000000 1000000000 1000000000 1000000000 1000000000 1000000000 1000000000 1000000000 1000000000 1000000000 1000000000 1000000000 1000000000 1000000000 1000000000 1000000000 1000000000 1000000000 1000000000 1000000000 1000000000 1000000000 1000000000 1000000000 1000000000 1000000000 1000000000 1000000000 1000000000 1000000000 1000000000 1000000000 1000000000 1000000000 1000000000 1000000000 1000000000 1000000000 1000000000 1000000000 1000000000 1000000000 1000000000 1000000000 1000000000 1000000000 1000000000 1000000000 1000000000 1000000000 1000000000 1000000000 1000000000 1000000000 1000000000 1000000000 1000000000 1000000000 1000000000 1000000000 1000000000 1000000000 1000000000 1000000000 1000000000 1000000000 1000000000 1000000000 1000000000 1000000000 1000000000 1000000000 1000000000 1000000000 1000000000 1000000000 1000000000 1000000000 1000000000 1000000000 1000000000 1000000000 1000000000 1000000000 1000000000 1000000000 1000000000 1000000000 1000000000 1000000000 1000000000 1000000000 1000000000 1000000000 1000000000 1000000000 1000000000 1000000000 1000000000 1000000000 1000000000 1000000000 1000000000 1000000000 1000000000 1000000000 1000000000 1000000000 1000000000 1000000000 1000000000 1000000000 1000000000 1000000000 1000000000 1000000000 1000000000 1000000000 1000000000 1000000000 1000000000 1000000000 1000000000 1000000000 1000000000 1000000000 1000000000 1000000000 1000000000 1000000000 1000000000 1000000000 1000000000 1000000000 1000000000 1000000000 1000000000 1000000000 1000000000 1000000000 1000000000 1000000000 1000000000 1000000000 1000000000 1000000000 1000000000 1000000000 1000000000 1000000000 1000000000 1000000000 1000000000 1000000000 1000000000 1000000000 1000000000 1000000000 1000000000 1000000000 1000000000 1000000000 1000000000 1000000000 1000000000 1000000000 1000000000 1000000000 1000000000 1000000000 1000000000 1000000000 1000000000 1000000000 1000000000 1000000000 1000000000 1000000000 1000000000 1000000000 1000000000 1000000000 1000000000 1000000000 1000000000 1000000000 1000000000 1000000000 1000000000 1000000000 1000000000 1000000000 1000000000 1000000000 1000000000 1000000000 1000000000 1000000000 1000000000 1000000000 1000000000 1000000000 1000000000 1000000000 1000000000 1000000000 1000000000 1000000000 1000000000 1000000000 1000000000 1000000000 1000000000 1000000000 1000000000 1000000000 1000000000 1000000000 1000000000 1000000000 1000000000 1000000000 1000000000 1000000000 1000000000 1000000000 1000000000 1000000000 1000000000 1000000000 1000000000 1000000000 1000000000 1000000000 1000000000 1000000000 1000000000 1000000000 1000000000 1000000000 1000000000 1000000000 1000000000 1000000000 1000000000 1000000000 1000000000 1000000000 1000000000 1000000000 1000000000 1000000000 1000000000 1000000000
51 19693915
2786886 2416551 1303253 4469732 656721 1527425 1206338 2457120 5530741 6971307 7966574 7729495 6403824 3230904 3185177 63220 6200020 7559202 4084034 4849690 3008896 4828498 3455658 5783164 7276912 7449755 4493082 9275514 5866040 9778161 9479672 8542214 3663393 2395316 2694598 8660971 9048581 2284441 7646009 2783109 210315 9463951 4136033 9915754 1944595 2678356 160979 5587257 2379786 9095900 4822631
154 652840
545326 9808924 6223755 1794480 1533307 7919676 7043678 7978620 9382450 4231158 8074396 670129 4433618 6504181 1123626 4223507 8627879 3436365 2835069 7697547 1238953 3981411 4378659 608343 1415213 8129951 7620770 4259517 3855301 9913493 9515117 3535831 7740772 78078 882837 7360998 5250411 6077093 6716148 5696396 5331123 8153214 375751 6322794 4113748 5282564 9042002 2964001 8401553 5709851 2428693 9386215 6672730 6787147 1385086 5918744 7354216 988051 652840 8255503 6129080 9143766 2400607 5005258 2058031 9556933 1131011 4418383 206554 747849 7292225 5894284 2416287 7760381 7361154 6190793 6699885 7167976 9998554 4075721 141079 1166705 2872776 829414 5380650 6437676 3803030 8878545 4346809 6601683 4825059 7045046 4068432 6108634 3765490 2688428 6645099 4206779 5509936 1619388 1260002 3590763 7055957 3658823 7666683 6039644 3517105 824820 4573426 8188333 8380232 6001623 1164448 9308993 7855619 3067927 593033 5030376 3433750 3213552 7317586 5853016 7368034 3475636 9674925 8201619 8222417 6902166 2364865 3007921 8994907 2439091 1050178 263680 3168644 7934484 9596451 6868356 6063441 1047838 2297455 5295380 8066885 3725978 8081884 557426 2297959 3088519 3877969 5332705 919873 723694 3912701 4040700
229 10964997
314 709 1161 1204 1353 1852 1898 2186 3116 3200 4341 4618 5908 6037 6188 6613 6843 7483 7798 8232 8305 8811 9318 9592 9931 10106 10244 10271 10443 10680 11075 11193 11695 12302 12881 12926 13418 14697 14947 15231 15584 16204 17519 17878 18978 19208 20177 20563 20657 22089 22209 22431 22550 22598 22604 22628 22638 23276 24394 24522 24635 25651 25706 25784 26347 26590 26645 26791 27183 27231 27717 27982 29205 30628 30762 30906 30991 32035 32292 33032 36862 36988 37314 37812 38480 39577 40062 40328 40778 40896 41356 42590 43991 44912 44951 45725 46441 46935 47232 47500 47502 47831 47980 48007 48473 49817 49860 49919 50081 50256 50504 50755 50918 51143 51410 51499 52214 52451 52705 52832 53912 54016 54194 54594 54655 54755 54914 55822 55921 56446 56469 56740 56751 56948 57622 57899 58887 59054 59161 59208 59481 60088 60529 60840 61617 61794 62639 62736 62855 62906 63491 63498 63508 63859 64215 64398 65716 65955 66322 67871 67910 68577 69524 69826 70141 70689 71381 72000 72569 72817 73347 73458 73657 73719 73932 73959 73981 74009 74393 75880 77079 77148 77703 77760 77961 78562 78808 78938 79908 79921 80228 80351 80970 81335 81630 84224 85110 85314 85706 86396 86682 87195 88825 89378 89577 89690 89820 93164 93668 94582 95427 95458 95561 95799 95901 95988 96390 96539 96903 97630 97832 97838 98437 98493 98822 99450 99451 99552 99879
142 3115471
99765 99165 98525 96986 93585 92669 92345 89655 88868 88597 86797 86670 86141 85815 85751 85089 84919 84434 83829 83229 83131 82981 82839 82135 81715 81637 81510 80477 80460 80415 80353 80177 79118 78785 78017 77402 77092 77077 76266 75923 74736 73795 73431 72984 72570 70413 69525 68959 68731 68235 67929 67487 66508 66371 65122 65006 64550 64015 60992 60881 59077 58971 58815 58480 57354 57260 56884 56219 55880 55776 55667 55533 55165 55009 54536 53840 53767 52603 52436 51154 50054 48996 48716 46973 46645 46436 46424 44544 44370 44081 43862 43549 43449 42768 42555 42039 40069 39922 39185 38712 38662 38272 38220 37597 37493 36935 33354 32083 32081 31933 31757 31751 30958 30265 28343 27997 26576 26199 23546 23461 22380 21334 20032 18468 15998 15915 14903 13534 12815 12488 12382 10239 9674 9596 8319 7745 6714 5789 5528 4768 1490 42
17 11082
89333 83750 83252 68328 68113 63387 48342 46693 44235 39689 34643 34293 26916 23559 20119 13687 11082
151 48809978
95717 446354 232336 221756 360395 488465 432458 454281 419606 432514 188009 424447 480243 57697 196983 431893 38854 466777 85707 187887 358790 209515 232500 98151 253947 307895 173420 320104 323501 406357 8796 68801 373142 252484 468570 265061 298748 462103 372173 62881 383988 72683 469362 284636 480339 174244 468869 494228 125251 270841 447648 91281 203083 267099 295477 130518 39465 97755 304688 289903 453426 334936 387536 251732 399069 431268 225296 321086 122235 42285 196293 452233 218317 371655 374662 181298 68913 116106 169044 426125 460871 177850 485559 292173 375838 246393 53448 176460 99097 249381 212947 347028 466355 395882 130037 148077 282386 21138 490720 372356 386222 131486 330642 358235 303372 390990 241045 356778 209541 241301 269835 305402 26877 335593 372813 475511 140461 335233 411202 416864 399316 407591 37295 5607093 459363 450052 177685 211914 97179 264072 234146 421994 448650 430882 239568 40779 22414 273807 478165 238752 333194 292083 24092 5000000 143538 473795 366570 338581 412344 222796 329039
162 150147868
1000000000 1000000000 1000000000 1000000000 1000000000 1000000000 1000000000 1000000000 1000000000 1000000000 1000000000 1000000000 1000000000 1000000000 1000000000 1000000000 1000000000 1000000000 1000000000 1000000000 1000000000 1000000000 1000000000 1000000000 1000000000 1000000000 1000000000 1000000000 1000000000 1000000000 1000000000 1000000000 1000000000 1000000000 1000000000 1000000000 1000000000 1000000000 1000000000 1000000000 1000000000 1000000000 1000000000 1000000000 1000000000 1000000000 1000000000 1000000000 1000000000 1000000000 1000000000 1000000000 1000000000 1000000000 1000000000 1000000000 1000000000 1000000000 1000000000 1000000000 1000000000 1000000000 1000000000 1000000000 1000000000 1000000000 1000000000 1000000000 1000000000 1000000000 1000000000 1000000000 1000000000 1000000000 1000000000 1000000000 1000000000 1000000000 1000000000 1000000000 1000000000 1000000000 1000000000 1000000000 1000000000 1000000000 1000000000 1000000000 1000000000 1000000000 1000000000 1000000000 1000000000 1000000000 1000000000 1000000000 1000000000 1000000000 1000000000 1000000000 1000000000 1000000000 1000000000 1000000000 1000000000 1000000000 1000000000 1000000000 1000000000 1000000000 1000000000 1000000000 1000000000 1000000000 1000000000 1000000000 1000000000 1000000000 1000000000 1000000000 1000000000 1000000000 1000000000 1000000000 1000000000 1000000000 1000000000 1000000000 1000000000 1000000000 1000000000 1000000000 1000000000 1000000000 1000000000 1000000000 1000000000 1000000000 1000000000 1000000000 1000000000 1000000000 1000000000 1000000000 1000000000 1000000000 1000000000 1000000000 1000000000 1000000000 1000000000 1000000000 1000000000 1000000000 1000000000 1000000000 1000000000 1000000000 1000000000 1000000000 1000000000 1000000000
86 11228870
256582 177922 438862 233235 48795 198074 18608 379203 21201 29867 411235 419440 108888 321651 314862 274680 395869 241534 490328 390408 182743 281104 306752 425503 396073 173655 108702 487944 297603 348566 206225 341177 296991 65245 124545 7657 473994 114828 50107 347880 45902 378797 425245 259684 121648 156355 364440 14348 338131 5587986 494142 288111 341142 326455 416365 109850 106075 484622 177208 172474 417721 5000000 463751 49051 92305 79951 109615 416577 24709 49224 27053 182353 14552 402400 119136 116056 140857 154574 144283 349048 237970 325779 181145 347513 456133 146658
5 1000000000
1000000000 1000000000 1000000000 1000000000 1000000000
59 316459519
6305660 3462176 6199547 4576345 4870647 1271459 4857603 4527335 1963397 7056221 6305393 8717845 8063780 7594238 2735367 6793555 7193059 8440302 537704 8884872 4693983 7410418 4552749 8182443 8708151 1768502 9844275 3625746 7777490 5557813 7667952 4085576 8268248 1317402 7593467 3167062 7213139 4213905 3225947 9954064 8997324 4879740 7737523 5300808 9347077 4960135 4227237 4717255 3864439 2812042 2021398 4519136 8811281 8776414 7016215 418633 2917294 3174666 3505000
81 10901910
326064 54967 331774 107846 143416 482762 149778 252648 226696 435530 188131 462770 243066 18984 335810 255553 203433 371000 427864 240643 5901910 419419 356791 351978 294016 258271 5000000 297545 365386 9199 310416 74540 13105 118569 112795 289556 195894 26368 63017 148409 159366 477232 107467 211491 461200 337687 277954 36739 201639 218159 367689 171659 206354 436841 145637 473844 43524 330502 206065 369485 82144 367562 445732 23941 339318 396163 440148 455191 160292 203020 291730 459877 256867 415395 348693 306470 214012 371300 106410 467155 443116
51 6176
6176 6053 6053 6053 6053 1708 8384 6053 642 6176 8384 1708 6176 642 1708 6053 642 1708 8384 6053 642 8384 1708 6176 642 642 642 6053 8384 6176 642 642 6053 642 6053 8384 8384 1708 6176 642 1708 6053 1708 8384 8384 6053 1708 1708 642 6176 642
2 1
53893 23206
2 76452
83238 93926
93 214850424
2631738 6658061 5795310 9821973 2658408 8292810 5828375 3548198 6839721 2743868 7323129 3684869 8338981 9809395 1267935 6148995 5715283 9514567 3698609 8653987 2076700 3967707 9407462 9404038 9906635 4361352 4516393 664474 6523780 4421329 7034889 7126683 34840 9324877 1618547 5492205 8150685 6737681 6005111 2577297 4553740 1731474 4529411 4032832 9718138 3976636 2717050 5971467 1719907 5281876 9576290 8953212 162863 916873 9845993 1432439 4008562 9593409 8195027 240004 4983532 3676840 9354476 2452729 2174448 924517 4587612 5740455 2082564 9184864 7326891 6330058 330441 8888655 9377846 2833529 2501263 245719 9958841 5417843 1066065 372211 1478252 6299103 748269 2752005 4251221 1118622 7998402 93453 9129798 7655844 7089789
49 1
1 1 1 1 1 1 1 1 1 1 1 1 1 1 1 1 1 1 1 1 1 1 1 1 1 1 1 1 1 1 1 1 1 1 1 1 1 1 1 1 1 1 1 1 1 1 1 1 1
10 8673
936 936 936 936 936 936 936 936 936 936
65 1
1876734 727441 2542553 8364275 5802255 8892312 7254288 2874715 4257599 7435461 976768 9330033 7737069 8938156 9881578 1604917 7462266 5184176 7762597 8458263 6058942 5598122 1168983 6870143 6512715 6916189 2208870 3338410 1352820 4311536 9745502 8933867 2107134 6334212 9260808 9914402 6226956 3015375 6496862 9394774 7891250 6936076 6632 9676490 9709180 4496654 6609701 1048381 7366899 8179622 3216818 9099747 6221089 7303444 3475920 5111990 3151302 8685756 7725405 7733722 733429 2487562 4933333 4131500 6186054
38 12832160
390531 148596 265797 441024 5924035 73215 268905 87335 216996 135430 5000000 444582 332114 119323 46604 297213 200457 233955 21544 76367 237125 395369 21189 433004 197187 88000 139196 388720 60606 410410 404213 89571 253733 312095 284781 439372 128316 301372
29 5000000
430601 47016 17464 342174 326596 241313 448263 5697678 462018 439795 329803 292211 407735 452870 331526 125089 246696 420299 185723 424272 243885 488867 275253 18618 192871 433555 434641 5000000 329550
13 188251
94461 93461 90642 76207 51750 44945 35559 23745 13636 10230 7317 4402 3430
132 21189700
523969 68186 481796 750218 266545 445648 774019 155014 582151 203753 915214 226311 497730 593682 322143 38867 229300 912801 213647 328563 979242 851842 906636 412490 889685 148217 138940 15145 113573 430800 251556 189868 41811 977976 889541 785644 181152 484476 853854 768711 435121 151350 626085 6191 879347 724939 850386 423133 321713 397197 183041 139857 31424 279260 948880 784050 405074 218090 121970 351285 499287 564712 50222 516613 393875 121462 409787 145794 435113 864586 348230 440873 28542 356511 251940 326544 960435 478459 547718 46490 436123 255888 750071 917085 360659 786689 930576 865322 240236 106258 520615 481515 792455 33950 295357 439580 519936 697254 124921 601730 630732 232049 97480 706668 642606 552674 648222 894175 970607 438518 10271 665478 343601 966201 878443 13570 277218 64989 346419 173883 767593 849557 444071 889328 122565 318933 264632 78279 502095 312216 866175 539009
