16
7 94253
99394 94253 83421 58876 52976 15869 5956
34 57
6994 1605 2889 1605 1605 6994 6994 1605 2889 1605 2889 2889 6994 1605 1605 1605 6994 1605 2889 2889 6994 1605 1605 1605 6994 1605 1605 6994 6994 2889 2889 6994 1605 2889
3 3
1 1 1
11 7952275
2411491 8783507 6296185 4169533 6892395 2418434 7257326 5992369 3778895 6546285 232338
23 30
98272 85947 85036 79747 73113 68947 64811 56043 52758 48229 42393 35821 35148 31449 26540 23891 19307 15947 15702 13636 9951 3450 3223
4 885
418 418 418 418
15 187302
93905 93397 85995 73863 58071 55074 53489 51097 48028 43411 35748 24219 12719 7068 1525
1 70616
71467
13 10468699
81090 230049 5468699 68921 422682 227763 86723 493251 21946 472671 5000000 44827 425434
3 10512727
5512727 5000000 252675
9 181291
23856 40613 45415 46280 63258 69677 72257 90539 90752
2 109688
60234 56841
4 150139
89933 60206 46294 31769
7 407925
95717 93190 89473 68839 46229 12738 3212
6 38
39 39 39 39 39 39
19 7084642
893648 658090 206 204695 849953 27158 304939 711157 415570 525577 678086 188982 210530 723510 912691 347506 333025 873778 357894
