14
34 1
1000000000 1000000000 1000000000 1000000000 1000000000 1000000000 1000000000 1000000000 1000000000 1000000000 1000000000 1000000000 1000000000 1000000000 1000000000 1000000000 1000000000 1000000000 1000000000 1000000000 1000000000 1000000000 1000000000 1000000000 1000000000 1000000000 1000000000 1000000000 1000000000 1000000000 1000000000 1000000000 1000000000 1000000000
35 5429
833 833 833 833 833 833 833 833 833 833 833 833 833 833 833 833 833 833 833 833 833 833 833 833 833 833 833 833 833 833 833 833 833 833 833
52 49
1 1 1 1 1 1 1 1 1 1 1 1 1 1 1 1 1 1 1 1 1 1 1 1 1 1 1 1 1 1 1 1 1 1 1 1 1 1 1 1 1 1 1 1 1 1 1 1 1 1 1 1
20 19576
4693 4693 4693 4693 4693 9788 4693 9788 4693 9788 9788 4693 9788 4693 9788 4693 4693 9788 4693 4693
83 32063
96649 96518 96240 93170 93059 90515 89503 89402 87620 87500 84047 82657 78868 78794 76696 76054 75948 75443 74152 73296 72960 72496 69077 64285 62573 58893 58216 57789 57589 57588 57327 56278 56028 50111 49726 48470 47653 47064 46545 46099 46050 42263 41960 41915 41044 38012 37954 37914 35625 35313 34795 33985 32063 31516 29908 29094 28651 28276 26481 24098 23560 23183 23175 22435 21115 20105 19937 18577 17654 17447 16954 16831 13168 12773 11257 11073 11033 10544 5653 4070 3364 1569 1330
90 21916
6644 3615 2356 9095 3615 9095 7812 3615 2356 9095 7747 6644 8121 7812 8414 6644 8414 1442 8414 6644 3615 6644 8121 7747 7812 7812 3615 8414 8414 7747 1442 8414 7747 7812 8121 7747 7812 1442 8414 1442 7812 2356 7747 1442 9095 7812 7747 2356 2356 1442 7812 3615 3615 3615 7812 9095 8414 7747 8414 2356 8121 3615 6644 3615 8121 6644 8414 1442 7747 7812 8121 3615 3615 7747 1442 6644 8121 8121 8414 3615 3615 2356 1442 6644 2356 6644 1442 9095 7812 2356
54 19942
382 382 382 382 382 382 382 382 382 382 382 382 382 382 382 382 382 382 382 382 382 382 382 382 382 382 382 382 382 382 382 382 382 382 382 382 382 382 382 382 382 382 382 382 382 382 382 382 382 382 382 382 382 382
44 42
644 644 644 644 644 644 644 644 644 644 644 644 644 644 644 644 644 644 644 644 644 644 644 644 644 644 644 644 644 644 644 644 644 644 644 644 644 644 644 644 644 644 644 644
26 708
346 346 346 346 346 346 346 346 346 346 346 346 346 346 346 346 346 346 346 346 346 346 346 346 346 346
38 37
1 1 1 1 1 1 1 1 1 1 1 1 1 1 1 1 1 1 1 1 1 1 1 1 1 1 1 1 1 1 1 1 1 1 1 1 1 1
14 1
13795 17703 21982 28663 32774 41325 51680 59276 61968 64148 66126 80436 89508 92573
45 97
1000000000 1000000000 1000000000 1000000000 1000000000 1000000000 1000000000 1000000000 1000000000 1000000000 1000000000 1000000000 1000000000 1000000000 1000000000 1000000000 1000000000 1000000000 1000000000 1000000000 1000000000 1000000000 1000000000 1000000000 1000000000 1000000000 1000000000 1000000000 1000000000 1000000000 1000000000 1000000000 1000000000 1000000000 1000000000 1000000000 1000000000 1000000000 1000000000 1000000000 1000000000 1000000000 1000000000 1000000000 1000000000
10 533250
96207 88190 80360 67009 54579 54439 37397 29573 25556 21958
266 76100227
484346 184453 845695 963959 393288 797948 479059 793885 286417 980922 142019 997122 125362 68870 16773 158867 724220 199172 792929 789933 681105 985576 945822 999552 660574 458154 180861 996538 59018 292182 153907 130462 9347 542065 440208 412056 132224 837856 798865 721093 648812 947935 454120 417948 271400 70852 147422 511264 204949 671639 961982 422702 382507 204674 508811 127744 515806 196772 702084 312503 615176 588918 833120 339065 709979 562464 42995 679895 119906 285593 468779 691120 442853 914600 291229 59444 429061 501785 454211 577146 530275 51997 729405 683942 236054 756179 652634 527935 908895 184845 202943 708070 356153 469404 354498 961405 449436 522352 286190 597645 712208 428035 179908 239701 253922 494862 623462 115519 658756 580694 732338 784768 391509 323198 344499 905995 890529 468968 417270 408012 639022 94422 270551 874183 285970 355721 950658 428745 725005 417316 118814 903768 66139 451538 899827 224195 739065 846290 890793 384722 276204 763522 221898 146415 860436 952414 462934 353761 287488 955515 585001 454448 687769 37011 553269 347876 38763 32833 541821 675150 918291 890673 178220 890552 508511 380327 800568 510377 587228 680575 683025 479578 942613 38901 408800 583331 967930 338644 416840 746642 887113 151149 547634 777380 670072 7275 541383 797530 568061 130259 966804 216739 76166 533235 242162 601126 687040 687402 893924 332939 509634 684631 15843 487788 903157 767512 871435 436795 603285 288519 373687 447483 411438 261261 506172 516529 316678 65713 907466 855589 278698 428942 531648 67728 251070 402076 981167 949908 317190 567502 571141 469479 570757 564836 699533 972499 724701 884429 693502 976418 83678 678183 977147 391415 88870 441966 884032 219393 362559 383314 212898 325093 596447 589301 23343 337610 813232 614317 31455 757340 809168 183650 339148 646008 339700 691599
