10
50 443869
443869 44386 443869 44386 443869 44386 443869 44386 443869 44386 443869 44386 443869 44386 443869 44386 443869 44386 443869 44386 443869 44386 443869 44386 443869 44386 443869 44386 443869 44386 443869 44386 443869 44386 443869 44386 443869 44386 443869 44386 443869 44386 443869 44386 443869 44386 443869 44386 443869 443870
2 561275
485611 75664
18 251981
1 251979 251979 251979 251979 251979 251979 251979 251979 251979 251979 251979 251979 251979 251979 251979 251979 1
3 88722
1 88720 1
2 232940
72676 160264
2 726188
1 1
2 78955
31332 47623
2 734065
1 1
2 125490853
97636915 27853938
2 168222
1 1
