6
71 3258359
122 124 1709 4022 6108 6617 6650 8305 9559 15131 16255 16518 17206 17375 19992 21036 22340 22434 23906 26920 30119 30443 30794 33440 34476 34516 35147 35539 36079 41076 41829 43236 45212 46259 46681 49887 50336 51484 52911 55042 55851 60919 62128 62358 62884 63718 65647 70516 71941 74259 74323 74436 75623 77663 79507 80955 82001 82309 83082 83111 84502 84695 87536 87588 88854 89384 93446 94016 95195 95993 99807
19 1000000000
1000000000 1000000000 1000000000 1000000000 1000000000 1000000000 1000000000 1000000000 1000000000 1000000000 1000000000 1000000000 1000000000 1000000000 1000000000 1000000000 1000000000 1000000000 1000000000
28 14534285
381472 151359 47016 5000000 473721 114403 111323 201185 213229 71219 125345 239239 437129 249352 419775 179228 453124 497628 441051 94150 134345 5002222 250917 69052 452902 167570 30768 24156
31 19153652
7363071 4826856 9055563 2300942 4829516 5195938 1200241 8444577 2460511 3189129 5855397 8799987 8355031 2358565 612828 9703892 4949679 7197347 9088438 4144115 5854673 4006214 9449760 7193426 4655564 3250423 279524 3534473 4686873 6404176 4783534
26 31
4140226 4864576 9372946 6341182 9895798 9162891 6859993 2725241 4422542 3514648 1266559 4680312 8664867 2392250 4058858 8096102 2704559 5358978 5012798 483272 4832847 9772926 3884264 6520577 4552023 6663015
185 57578032
39352 449410 753446 445269 355186 161804 112976 728541 5977 10690 187329 692167 297856 870586 185162 852129 773626 997746 830830 493127 306653 351396 662541 884100 152718 794073 382059 681917 968115 522679 77583 622449 620730 11829 280904 73856 679414 67904 197354 927618 976515 960384 136240 60148 401039 927758 530429 123638 943450 698835 490996 850975 175283 331062 51881 202077 658320 663398 806848 333269 267846 858616 719934 929539 278090 586638 390035 562222 644197 359934 807211 353807 519179 255576 975663 192673 686088 461711 37056 775466 644659 732377 36747 593839 253062 488490 560908 396518 428690 496433 719342 158707 427685 484484 849137 578026 579872 136672 621703 336073 644476 306452 526730 885842 558579 6409 801491 156272 484220 327595 239399 354029 201466 835738 726001 463851 366748 169379 706550 686822 153766 184945 830002 314201 171450 210288 198969 710741 583291 528531 307772 13931 592958 740206 738774 188122 647616 274009 109406 107975 276276 625155 899582 583603 505331 263467 947031 684483 418141 913750 139975 896554 839738 660966 537414 327500 487881 180838 635167 233699 496634 697641 453866 523928 45828 586874 836626 108443 577180 735756 748201 575226 61579 367434 495710 434418 359044 685763 551441 459569 728652 961177 268729 616745 770291
