18
254 116158
562 562 562 562 562 562 562 562 562 562 562 562 562 562 562 562 562 562 562 562 562 562 562 562 562 562 562 562 562 562 562 562 562 562 562 562 562 562 562 562 562 562 562 562 562 562 562 562 562 562 562 562 562 562 562 562 562 562 562 562 562 562 562 562 562 562 562 562 562 562 562 562 562 562 562 562 562 562 562 562 562 562 562 562 562 562 562 562 562 562 562 562 562 562 562 562 562 562 562 562 562 562 562 562 562 562 562 562 562 562 562 562 562 562 562 562 562 562 562 562 562 562 562 562 562 562 562 562 562 562 562 562 562 562 562 562 562 562 562 562 562 562 562 562 562 562 562 562 562 562 562 562 562 562 562 562 562 562 562 562 562 562 562 562 562 562 562 562 562 562 562 562 562 562 562 562 562 562 562 562 562 562 562 562 562 562 562 562 562 562 562 562 562 562 562 562 562 562 562 562 562 562 562 562 562 562 562 562 562 562 562 562 562 562 562 562 562 562 562 562 562 562 562 562 562 562 562 562 562 562 562 562 562 562 562 562 562 562 562 562 562 562 562 562 562 562 562 562 562 562 562 562 562 562
87 3953943
96996 96483 95509 93195 92560 92552 91226 90764 89599 89277 88535 85415 85384 85071 84477 82681 80923 80131 79428 77214 77169 76745 74406 73224 72956 70016 69884 68780 68773 67517 67428 64626 59836 59316 58261 56583 55846 54611 53101 52757 52676 50014 49125 45925 43962 42696 41631 41182 38407 38353 37678 36684 35437 35275 35268 34605 33941 33599 32075 30799 28148 24001 23747 22905 22234 21358 20977 20220 19802 19072 17924 17492 17431 17066 14940 14673 13518 12192 11678 9960 7276 7066 2601 2124 941 514 94
175 9598
56 56 56 56 56 56 56 56 56 56 56 56 56 56 56 56 56 56 56 56 56 56 56 56 56 56 56 56 56 56 56 56 56 56 56 56 56 56 56 56 56 56 56 56 56 56 56 56 56 56 56 56 56 56 56 56 56 56 56 56 56 56 56 56 56 56 56 56 56 56 56 56 56 56 56 56 56 56 56 56 56 56 56 56 56 56 56 56 56 56 56 56 56 56 56 56 56 56 56 56 56 56 56 56 56 56 56 56 56 56 56 56 56 56 56 56 56 56 56 56 56 56 56 56 56 56 56 56 56 56 56 56 56 56 56 56 56 56 56 56 56 56 56 56 56 56 56 56 56 56 56 56 56 56 56 56 56 56 56 56 56 56 56 56 56 56 56 56 56 56 56 56 56 56 56
107 197123
27 309 2211 2381 3526 3735 3994 4491 7453 7514 10023 12386 13273 14038 14303 14898 16417 17243 18200 19406 20095 21310 22858 23724 24057 25027 27596 28585 28988 29566 31328 31815 32076 32665 32736 33327 33426 33498 35692 35793 36057 36317 38844 38877 41237 41761 42016 43462 43856 45935 47954 48346 48417 49531 50608 51344 52544 53922 56195 57690 58423 58503 58708 58922 59177 59686 61066 61573 62573 64541 67525 68199 69396 69459 71841 72322 73364 74278 74958 75221 75715 76793 77933 79163 79579 79711 80248 82194 82315 82390 86636 86681 87096 88412 89557 92655 93196 95150 95438 95487 95535 96141 96788 96927 97434 98019 99104
110 522
522 522 522 522 522 522 522 522 522 522 522 522 522 522 522 522 522 522 522 522 522 522 522 522 522 522 522 522 522 522 522 522 522 522 522 522 522 522 522 522 522 522 522 522 522 522 522 522 522 522 522 522 522 522 522 522 522 522 522 522 522 522 522 522 522 522 522 522 522 522 522 522 522 522 522 522 522 522 522 522 522 522 522 522 522 522 522 522 522 522 522 522 522 522 522 522 522 522 522 522 522 522 522 522 522 522 522 522 522 522
6 1000000000
1000000000 1000000000 1000000000 1000000000 1000000000 1000000000
53 2675585
1161 2930 4478 6329 11499 14702 18381 19533 22306 25206 28830 29010 31330 31484 31771 32773 33394 33901 34652 38607 45703 46935 47826 49544 50377 52128 53279 53852 57075 62937 63148 65471 68945 69418 69575 71899 72885 74984 78676 79856 80415 85674 87400 89441 90026 90769 91533 91783 92616 92694 92935 95160 97403
26 5591827
46806 439706 319446 463181 222205 74593 304948 383160 451202 33042 170473 250966 89920 58790 5000000 37756 196910 5635215 150498 49768 41966 341053 445248 305837 456565 444229
2 95
5198874 5000000
55 19865602
6596930 2961630 2567272 4376333 1333304 9600034 9877878 3815405 1182124 5527199 5536589 737665 8997581 1285371 9430374 2677308 9987724 6358328 3318346 1483568 5064291 5821519 9832030 5523920 4411343 3336378 5964190 4377600 4466869 5706957 583532 1428948 8550512 7286185 4728620 8172226 9825096 1070270 4283764 2553389 1335983 6474846 6489214 1554308 6204440 7627408 3326068 8384479 7353348 6293036 4029523 8191468 604682 2394891 8769000
25 7
1 1 1 1 1 1 1 1 1 1 1 1 1 1 1 1 1 1 1 1 1 1 1 1 1
7 3902541
5757360 242452 367707 353409 5000000 241369 258783
19 13617936
49301 469803 5674252 61307 286609 220215 420625 389017 161353 37168 150880 208063 90251 136459 427931 347028 5000000 172561 121796
47 238293924
7185464 6097622 3440875 5224350 3318644 442032 1802918 7423898 7238579 3618916 9156704 1849445 8253685 7468307 5024058 1528702 9990231 7276315 8476518 6932256 7279856 1912322 8253190 5303594 7035000 8680587 4328797 2389648 1950069 3508954 8300207 3912300 9411622 7597110 6954370 1320570 8669665 6141963 1039829 1074455 9794668 950619 7168925 8383088 5682047 9719367 1845458
18 11856465
52926 60716 440312 5000000 340787 267830 5775836 226666 86915 175026 298200 158109 24206 93161 251917 31868 396034 356145
3 316221503
1000000000 1000000000 1000000000
17 14866
14866 15818 22195 24584 36185 36524 38150 45899 46924 51732 56961 57206 61967 65657 65755 76489 77285
108 38262232
230319 234231 950436 699337 317148 75321 615754 737981 305916 784909 915268 237144 522222 871607 92154 260283 390354 876196 130004 587855 396826 659349 228398 373581 799393 751908 383385 135556 265941 254389 589193 888502 824608 987129 208961 8054 914137 359807 976692 833274 220486 80315 246507 900407 591600 637718 1732 405117 436004 191437 25133 163205 76492 810875 483607 126607 199983 156536 972832 98891 6858 55808 127200 949072 351507 459746 57986 712665 46228 188675 542277 197308 626915 941686 807255 742410 456527 879830 786180 201176 492354 858244 735335 561909 332145 414219 181446 155023 323361 597147 768888 223308 269170 394330 278081 10846 158462 280081 829514 636704 692887 278012 430662 759594 848466 236523 880906 579925
