5
27 1227876
470 623 6786 15210 18569 19609 22534 25582 27188 31077 34674 35012 38125 48750 52902 58467 59363 64121 66801 66931 69808 76438 79757 85482 89103 89330 97979
7 1
1 1 1 1 1 1 1
7 22212
3295 3295 3295 3295 3295 3295 3295
5 2628
3284 3284 3284 3284 3284
73 20193341
206410 92897 545091 682458 316980 875243 582001 655486 916264 344082 127363 538680 224567 953119 209786 335979 751287 961147 585702 647878 735494 250264 268217 177613 620768 632440 139279 665472 785302 601397 264724 479920 438610 398090 733156 585177 473288 188837 76395 730817 693003 651205 202726 469630 941532 257770 377282 998087 554188 135969 794110 853078 599151 309101 145197 132831 543423 436215 454076 494194 103461 89432 199730 935309 433619 672570 338906 433954 984528 296450 223554 747864 737319
