29
25 44577831
39678 3911964 3837651 9778758 3888578 7438581 2961624 688077 7826547 2326817 2279087 7823064 8667141 5915832 3812321 5404898 496566 1652705 2660103 2250715 2057115 2017556 5510048 9989319 7291495
50 13976
6988 3454 5719 6318 5719 6988 1409 3454 3454 6318 6988 1409 5719 5719 3454 6318 6988 3454 5719 6988 5719 6988 3454 5719 6988 6988 6318 3454 3454 6988 5719 6318 1409 6318 6318 3454 6988 6318 5719 5719 5719 6318 5719 6318 6318 6988 1409 1409 3454 1409
31 1000000000
1000000000 1000000000 1000000000 1000000000 1000000000 1000000000 1000000000 1000000000 1000000000 1000000000 1000000000 1000000000 1000000000 1000000000 1000000000 1000000000 1000000000 1000000000 1000000000 1000000000 1000000000 1000000000 1000000000 1000000000 1000000000 1000000000 1000000000 1000000000 1000000000 1000000000 1000000000
14 281
121 121 121 121 121 121 121 121 121 121 121 121 121 121
8 52204
6556 6556 6556 6556 6556 6556 6556 6556
18 12415
830 1565 9280 12415 15094 51954 55307 58131 63488 67098 67315 68925 74077 82103 94543 98904 98938 99674
24 1
438218 273591 496815 214664 1876 490593 10236 279770 345474 103108 303231 394912 181022 320794 36123 5097422 218428 176523 5000000 282254 47904 172473 453097 363908
26 1
99653 99155 98839 98737 97739 90035 85795 84535 83637 50755 46218 41855 37128 32417 31114 30581 25996 24259 19798 15068 12364 11044 9699 9670 6870 235
13 591071
10286 16175 25774 26403 27144 34445 55373 55586 60881 61690 71675 85302 98726
10 648265
99410 95025 78585 72820 67655 54754 53120 51537 48010 33300
1 1930148
1930148
9 8278
8278 8278 8278 8278 8278 8278 8278 8278 8278
13 1000000000
1000000000 1000000000 1000000000 1000000000 1000000000 1000000000 1000000000 1000000000 1000000000 1000000000 1000000000 1000000000 1000000000
10 1000000000
1000000000 1000000000 1000000000 1000000000 1000000000 1000000000 1000000000 1000000000 1000000000 1000000000
1 83176
83175
1 83515
91456
2 760
311 311
5 57
827 827 827 827 827
7 23433244
1409850 6013572 1248022 356567 3005859 9468265 2149613
1 8632843
8632843
1 1323606
1323602
4 1000000000
1000000000 1000000000 1000000000 1000000000
4 131678
62151 33434 20630 16878
4 22416
5612 5612 5612 5612
2 6
57330 54439
3 22609
8063 8063 8063
5 22938
4639 4639 4639 4639 4639
3 16088
5651 5651 5651
5 451720
752592 695348 832898 958642 987458
