28
478 36
277 706 809 1025 1210 1369 1447 1583 1622 1632 1729 1798 2147 2342 2471 2865 2941 4407 4710 5258 5386 5605 5724 6005 6088 6217 6368 6518 6786 7114 7159 7305 7497 7510 7557 7947 8152 8157 8368 8539 8590 8603 9047 9131 9375 9505 9669 9812 10068 10163 10195 10214 10215 10458 10981 10992 11101 11784 12194 12413 12481 12637 12854 13068 13083 13437 13448 13903 14193 14314 14402 14464 14582 14796 14875 15224 15230 15259 15825 16564 16606 16747 16869 16981 17484 17554 17601 17901 18048 18167 18877 19657 19888 19915 20280 20296 20992 21082 21191 21282 21306 21471 21500 21604 21891 22209 22238 23061 23219 23349 23352 23698 24003 24210 24722 24813 24843 24852 24984 25202 25801 26005 26085 26107 26236 26550 26730 27211 27819 28412 28455 28630 28830 28976 28997 29082 29236 29649 29791 29932 29939 30077 30337 30482 30654 30710 31349 31386 31487 31746 31754 31827 32201 32648 32777 33020 33137 33189 33307 33500 34027 34177 34516 34698 34890 35962 36416 36634 36923 37099 37206 37548 37620 37694 38010 38099 38530 38683 38867 39027 39029 39061 39333 39471 39504 39630 40070 40548 40775 40857 40913 40959 41073 41177 41194 41521 41726 41905 42170 42256 42264 42270 42405 42592 42687 43102 43135 43432 43876 43902 44139 44590 44938 45127 45202 45301 45413 45632 45756 45913 46056 46255 46300 46528 46622 47241 47271 47419 47457 47788 47985 48022 48412 48665 49181 49387 49569 49787 50064 50213 50708 51363 51694 51717 52041 52053 52072 52505 52540 52704 52762 53026 53042 53286 53389 53443 53852 53885 54344 54494 55183 55308 56212 56267 56395 56835 56853 57031 57322 57430 57445 57494 57594 57703 57899 58016 58070 58224 58261 58271 58466 58664 58969 59092 59321 59447 59505 59530 60039 60276 61016 61727 62509 62510 62515 62532 62546 62570 62975 63138 63854 64030 64078 64605 64642 64815 65153 65756 65900 65983 66080 66878 67051 67183 67364 67585 67684 67985 68102 68243 68788 69014 69377 69398 69497 69752 69794 69998 70199 70250 70457 70560 70685 70709 70795 70877 70914 71068 71252 71369 71419 71653 71864 72132 72984 73084 73318 73394 73396 73469 74057 74118 74313 74641 74760 74979 75342 75359 75688 75696 75731 75786 75834 76087 76098 76274 76346 76539 76974 77166 77206 77408 77538 77973 78314 78780 78809 78824 78860 79204 79220 79247 80369 80677 80831 81062 81088 81179 81668 81831 81925 82107 82554 82769 82866 83338 83611 83784 83835 83936 84162 84228 84270 84551 84677 85586 85768 86080 86107 86142 86301 86741 86752 86891 87164 87513 87552 87910 88028 88191 88640 89028 89182 89207 89434 89601 89642 89823 90007 90028 90050 90135 90498 90597 91544 91581 91920 92030 92035 92382 92582 92618 92663 93058 93313 93430 93555 93790 93792 93834 93915 94087 94291 94450 94592 94606 94953 94981 95087 95387 95529 96475 96521 96650 97328 97508 97821 97894 97957 98033 98144 98840 99581 99724 99794 99949 99986 99998
85 2640745
99423 98315 98117 91701 91422 89149 87012 84943 82106 80554 76041 75136 74533 72976 70518 70510 70008 67768 67023 64942 64127 60311 59380 57788 57136 57116 55994 55747 55282 54938 54908 54859 54590 53583 49806 49713 49251 46755 45482 45141 44353 44294 44055 43029 43026 41058 40003 39866 39821 39318 39217 38739 37092 33985 31695 31529 30474 29226 28313 27520 24835 23675 23453 22397 21926 21329 18605 18051 17519 16621 15465 14709 14592 10972 10221 8227 7653 6393 4859 4121 3122 2742 2456 2365 1176
498 2734999
9082 6915 7625 6915 5576 9152 2910 9152 9082 3621 7625 8572 1475 4816 7625 3621 3621 9082 9082 3302 7625 3014 2201 8527 1475 4816 3014 3692 1475 7148 8644 2288 1298 7657 875 9082 7024 3014 8572 7625 1841 1475 3692 9536 2372 2910 9781 3014 7734 7553 4816 7553 9713 4816 2288 3014 9781 8466 9713 9536 8644 2512 2512 9082 7571 9184 7553 6191 3014 7657 5452 8527 6191 4290 1065 9781 9082 7236 8527 2372 3692 1065 9152 3692 1298 8644 1191 8527 1556 7024 3621 9536 2372 1298 5576 9152 8903 2910 9713 7024 8527 6191 7553 5452 1841 7864 9184 9718 7864 7024 7734 8903 7625 1298 9184 9718 9536 1191 7657 7553 9152 8466 2288 1191 9536 6590 9713 8466 2512 4061 4816 2512 3621 9536 8644 6590 8572 7571 3302 9781 9781 9184 3621 8466 9718 1065 2201 6590 9082 1475 3302 9152 2201 875 9718 7864 2288 8466 6915 7553 6915 2201 4816 7734 1841 3692 7024 4372 7148 875 7553 9713 6191 7625 9536 4290 4290 8903 1065 9152 8903 7864 4290 7553 3302 7571 4313 1065 9781 9781 7734 9082 4313 9184 1298 7571 4372 8572 7442 7024 6191 7571 4313 8903 7625 1475 1405 4313 3692 4313 8466 3014 1065 1475 875 2201 3621 2372 9718 1556 7148 1405 9082 3692 1065 1405 1475 5452 4372 6191 8466 8466 1475 6590 1475 9152 8527 7024 1556 4372 4372 3692 1065 1065 6590 7236 7442 6590 7625 4290 7442 1298 9718 7442 5576 1841 2288 2512 4313 1556 9184 1556 3302 9184 5576 7734 2288 5452 2201 7571 7553 9152 9082 1191 3692 6590 9718 4816 9536 7734 1191 7442 7734 4372 8903 4290 6191 3621 9781 7236 1405 1065 1556 6590 2288 3014 7148 1191 7024 3302 6191 8903 3014 2910 3302 2910 8644 4816 7864 9713 7734 1841 4290 1475 8527 7734 7734 3302 3014 7553 4372 2288 3302 1065 1191 9536 3692 9781 9718 2910 4061 9082 8572 5576 3621 7734 8466 7148 7442 9152 1405 4290 9713 2910 9082 4290 1556 7571 3692 875 5452 3014 6191 4372 8644 5576 1556 9781 2372 7864 1405 7442 1191 8572 7571 1065 7553 5452 7024 8572 6191 1298 1841 1475 7024 8572 7024 6915 2910 6590 1405 3014 7864 1298 7571 1405 7442 1841 4816 2372 4372 1475 9082 4372 4061 1841 6191 2288 7236 2288 9781 7236 7657 7571 7625 8644 1556 2288 6590 6915 9536 4372 7734 2288 2910 7236 7571 1841 3302 8572 7657 1065 2512 2910 9184 4313 8644 4313 2910 2201 8903 7864 8903 2372 9536 4816 4061 7625 9152 4372 8466 1841 2512 4816 7571 4372 3621 9713 9713 2201 8466 7864 9718 9184 3621 9781 1841 3621 8527 5576 2372 6915 7236 8466 8644 6915 7024 8572 1298 1298 7442 9082 1191 9184 4372 1191 2201 1841 3014 6590 7442 1191 2910 8903 7442 7236 1841 3621 2512 7024 3692 9781 3302 7657 9718 4290 7734 4290
57 58
359138 305862 383402 241478 498533 119299 105811 95045 160856 287344 378712 98088 154150 293777 12266 200868 195421 5000000 231204 27301 178823 447282 407076 192084 6674 297596 101702 134563 43430 481824 441841 127798 74048 174996 131336 347977 5229 40277 349660 270013 387497 175868 471958 5457247 154800 251112 482490 249152 175965 442270 33701 196187 428815 59540 89575 219584 211235
119 10942420
248342 296282 179816 117838 306652 497713 258991 223178 35613 108760 462179 103665 140899 77907 332158 155478 40909 496370 241910 449216 150826 328200 25856 317381 239722 35011 242823 73966 158591 311022 463234 461534 466389 34477 126884 196431 362032 244017 340706 54409 484891 398422 346116 51587 132044 56020 143335 134326 46115 59258 490919 113758 79750 84461 84993 28586 407290 92221 384429 30548 97926 303836 79394 114883 494728 116512 401376 391184 341850 49415 54271 158457 384739 16665 116209 368434 215184 99177 233661 420545 396461 191786 326074 367772 402166 10012 211124 359219 6264 339964 283095 18844 84696 436435 470650 205115 5942420 248687 489368 378997 285328 170343 184120 266042 272100 207494 297523 450376 5000000 35168 12878 494087 182989 392006 145532 341890 414052 48352 420982
538 13289397
99972 99953 99937 99796 99663 99535 99323 98911 98910 98842 98821 98522 98438 98388 98268 97848 97031 96967 96957 96928 96804 96775 96680 96308 96292 96197 95899 95858 95826 95068 95011 94857 94837 94661 94653 94378 94141 93914 93796 93586 92389 92310 92186 92028 91892 91744 91214 91103 90788 90786 90595 90537 90331 90317 90298 90263 90217 89911 89791 89628 89613 89598 89553 89456 89449 89307 89250 89240 89191 89136 89015 87866 87629 87114 87107 86935 86930 86880 86765 86148 86003 85794 85389 85124 84592 84357 84314 84225 84150 84073 84038 84026 83595 82945 82607 82171 81771 81699 81525 81098 81074 80753 80167 80099 79897 79760 79709 79473 79233 78801 78777 78727 78354 78266 78210 77908 77670 77451 77394 77256 77061 77040 76719 76536 76304 76187 76108 75375 75319 75210 75142 74821 74759 74680 74553 74516 74420 74385 74365 74263 73872 73774 73754 73425 73346 73077 72651 72644 72439 72289 71855 71475 71156 71067 71054 71039 70719 70684 70542 70461 70460 70442 70315 70216 70084 70047 69977 69818 69808 69639 69522 69378 69376 69343 68792 68586 68480 68468 68127 67884 67787 67611 67553 67528 67522 67417 67337 67012 67003 67000 66954 66901 66798 66617 66464 65728 65653 65475 65204 64855 64415 64239 64059 63952 63837 63742 63589 63574 63445 63361 63052 62804 62176 62133 61373 61335 61249 61218 61157 60788 60745 60634 60547 60481 60424 60225 60194 59808 59785 59735 59292 58841 58794 58759 58693 58478 58320 58301 57690 57658 57542 57540 57326 57185 56610 56486 56395 56362 56014 55576 55531 55480 55466 55391 55264 54879 54832 54511 54258 53852 53801 53735 53595 52793 51964 51517 51469 50824 50749 50586 50351 50330 50103 50077 50045 50019 50016 49708 49346 49286 48875 48639 48563 48439 48222 48112 47972 47635 47542 47331 47229 47128 46886 46865 46680 46616 46402 46357 46267 46233 45915 45856 45832 45703 45443 45433 45378 45179 45127 45025 44845 44595 44576 44388 44020 43934 43845 43579 43390 43372 43120 42894 42835 42167 42142 41836 41588 41432 41375 41162 41156 41125 40743 40635 40517 40514 40474 40311 40280 40260 39875 39494 39387 39072 38984 38685 38666 38425 38323 38300 38217 38007 37967 37839 37781 37746 37714 37318 37313 37188 36186 36038 35478 35376 35105 35004 34936 34839 34059 33931 33674 33650 33458 33377 33303 33196 33115 33066 33034 32958 32745 32593 32413 32221 31865 31498 31161 30984 30910 30892 30864 30744 30680 30668 30617 30223 30148 30028 29620 29428 29059 28855 28062 27957 27576 27373 27246 26955 26758 26673 26596 26362 26269 26137 26082 25952 25928 25813 25649 25415 25016 24816 24768 24428 24392 24239 23831 23477 23450 23106 23064 23036 22662 22383 22334 22291 22273 22042 21500 21468 21272 20892 20434 20356 20059 19261 19123 19012 18959 18748 18429 18153 18129 17831 17752 17666 17412 16989 16983 16864 16331 16285 16111 16033 15951 15808 15590 15435 15138 15021 14484 14346 14319 14229 14178 13177 13065 12905 12798 12723 12665 12611 12596 12194 12175 12168 11510 10868 10736 10425 10401 10272 10247 10091 10043 10013 9924 9728 9654 9390 9202 9162 9020 8672 8067 7895 7767 7585 7530 7301 7093 7070 6932 6902 6594 6261 6259 6138 5560 5548 4941 4848 4699 4474 4191 3249 3171 2781 2573 2446 2068 1997 1891 1722 1596 1119 1116 286
421 1000000000
1000000000 1000000000 1000000000 1000000000 1000000000 1000000000 1000000000 1000000000 1000000000 1000000000 1000000000 1000000000 1000000000 1000000000 1000000000 1000000000 1000000000 1000000000 1000000000 1000000000 1000000000 1000000000 1000000000 1000000000 1000000000 1000000000 1000000000 1000000000 1000000000 1000000000 1000000000 1000000000 1000000000 1000000000 1000000000 1000000000 1000000000 1000000000 1000000000 1000000000 1000000000 1000000000 1000000000 1000000000 1000000000 1000000000 1000000000 1000000000 1000000000 1000000000 1000000000 1000000000 1000000000 1000000000 1000000000 1000000000 1000000000 1000000000 1000000000 1000000000 1000000000 1000000000 1000000000 1000000000 1000000000 1000000000 1000000000 1000000000 1000000000 1000000000 1000000000 1000000000 1000000000 1000000000 1000000000 1000000000 1000000000 1000000000 1000000000 1000000000 1000000000 1000000000 1000000000 1000000000 1000000000 1000000000 1000000000 1000000000 1000000000 1000000000 1000000000 1000000000 1000000000 1000000000 1000000000 1000000000 1000000000 1000000000 1000000000 1000000000 1000000000 1000000000 1000000000 1000000000 1000000000 1000000000 1000000000 1000000000 1000000000 1000000000 1000000000 1000000000 1000000000 1000000000 1000000000 1000000000 1000000000 1000000000 1000000000 1000000000 1000000000 1000000000 1000000000 1000000000 1000000000 1000000000 1000000000 1000000000 1000000000 1000000000 1000000000 1000000000 1000000000 1000000000 1000000000 1000000000 1000000000 1000000000 1000000000 1000000000 1000000000 1000000000 1000000000 1000000000 1000000000 1000000000 1000000000 1000000000 1000000000 1000000000 1000000000 1000000000 1000000000 1000000000 1000000000 1000000000 1000000000 1000000000 1000000000 1000000000 1000000000 1000000000 1000000000 1000000000 1000000000 1000000000 1000000000 1000000000 1000000000 1000000000 1000000000 1000000000 1000000000 1000000000 1000000000 1000000000 1000000000 1000000000 1000000000 1000000000 1000000000 1000000000 1000000000 1000000000 1000000000 1000000000 1000000000 1000000000 1000000000 1000000000 1000000000 1000000000 1000000000 1000000000 1000000000 1000000000 1000000000 1000000000 1000000000 1000000000 1000000000 1000000000 1000000000 1000000000 1000000000 1000000000 1000000000 1000000000 1000000000 1000000000 1000000000 1000000000 1000000000 1000000000 1000000000 1000000000 1000000000 1000000000 1000000000 1000000000 1000000000 1000000000 1000000000 1000000000 1000000000 1000000000 1000000000 1000000000 1000000000 1000000000 1000000000 1000000000 1000000000 1000000000 1000000000 1000000000 1000000000 1000000000 1000000000 1000000000 1000000000 1000000000 1000000000 1000000000 1000000000 1000000000 1000000000 1000000000 1000000000 1000000000 1000000000 1000000000 1000000000 1000000000 1000000000 1000000000 1000000000 1000000000 1000000000 1000000000 1000000000 1000000000 1000000000 1000000000 1000000000 1000000000 1000000000 1000000000 1000000000 1000000000 1000000000 1000000000 1000000000 1000000000 1000000000 1000000000 1000000000 1000000000 1000000000 1000000000 1000000000 1000000000 1000000000 1000000000 1000000000 1000000000 1000000000 1000000000 1000000000 1000000000 1000000000 1000000000 1000000000 1000000000 1000000000 1000000000 1000000000 1000000000 1000000000 1000000000 1000000000 1000000000 1000000000 1000000000 1000000000 1000000000 1000000000 1000000000 1000000000 1000000000 1000000000 1000000000 1000000000 1000000000 1000000000 1000000000 1000000000 1000000000 1000000000 1000000000 1000000000 1000000000 1000000000 1000000000 1000000000 1000000000 1000000000 1000000000 1000000000 1000000000 1000000000 1000000000 1000000000 1000000000 1000000000 1000000000 1000000000 1000000000 1000000000 1000000000 1000000000 1000000000 1000000000 1000000000 1000000000 1000000000 1000000000 1000000000 1000000000 1000000000 1000000000 1000000000 1000000000 1000000000 1000000000 1000000000 1000000000 1000000000 1000000000 1000000000 1000000000 1000000000 1000000000 1000000000 1000000000 1000000000 1000000000 1000000000 1000000000 1000000000 1000000000 1000000000 1000000000 1000000000 1000000000 1000000000 1000000000 1000000000 1000000000 1000000000 1000000000 1000000000 1000000000 1000000000 1000000000 1000000000 1000000000 1000000000 1000000000 1000000000 1000000000 1000000000 1000000000 1000000000 1000000000 1000000000 1000000000 1000000000 1000000000 1000000000 1000000000 1000000000 1000000000 1000000000 1000000000 1000000000 1000000000 1000000000 1000000000 1000000000 1000000000 1000000000 1000000000 1000000000 1000000000 1000000000 1000000000 1000000000 1000000000 1000000000 1000000000
29 1
9845835 8187237 198775 7632197 6718411 2806844 4621653 7827251 7398923 5153167 8936891 2224009 9653194 210334 5271976 6351287 9615546 7416505 990180 4895961 3719059 5734473 1367037 6656802 5665435 7888427 5566151 9339445 7769110
152 24466
162 162 162 162 162 162 162 162 162 162 162 162 162 162 162 162 162 162 162 162 162 162 162 162 162 162 162 162 162 162 162 162 162 162 162 162 162 162 162 162 162 162 162 162 162 162 162 162 162 162 162 162 162 162 162 162 162 162 162 162 162 162 162 162 162 162 162 162 162 162 162 162 162 162 162 162 162 162 162 162 162 162 162 162 162 162 162 162 162 162 162 162 162 162 162 162 162 162 162 162 162 162 162 162 162 162 162 162 162 162 162 162 162 162 162 162 162 162 162 162 162 162 162 162 162 162 162 162 162 162 162 162 162 162 162 162 162 162 162 162 162 162 162 162 162 162 162 162 162 162 162 162
321 19646
4646 7755 9100 8183 6651 9019 9100 9019 9823 8183 670 5119 4628 8719 3284 5806 4730 670 5627 1988 5370 911 1988 8130 7164 8130 4646 3284 3284 8130 8719 4628 827 3920 6651 8693 911 4730 8719 9823 8130 6653 8719 1092 1092 6651 2444 8183 9019 670 2444 3920 7755 7164 8693 5806 7164 1092 5651 9019 5627 5806 5627 8719 3920 6651 8183 5651 9019 3920 3920 3284 6651 3920 7139 8130 4646 4646 9823 3284 8719 8183 4628 7139 670 9823 6653 7164 9563 38 6651 9823 3920 9823 1092 3284 670 7164 9019 2444 670 3950 7164 7164 5119 5119 5394 2444 911 4646 5627 5806 911 8183 8719 9019 2444 3284 8719 5627 9563 9019 9100 38 2444 6651 9100 4730 38 5370 4730 8693 8183 8130 5119 8693 4628 6653 5119 7139 2444 4628 1092 5806 3920 2444 5627 5370 4646 9019 5806 4628 3950 670 3950 7164 8693 6653 7139 8130 5394 827 6653 5370 6653 2444 3950 9823 3284 9823 6653 3950 5119 5806 4628 5394 911 4646 5394 5370 5627 1092 3284 5394 8693 8719 4730 9823 4646 4730 8719 5119 5627 9823 670 9019 5627 9563 8183 5627 2444 3950 827 5119 1988 5119 9563 7164 1988 6653 9563 7139 4646 9100 5119 9019 7139 7755 3920 8183 670 6651 8183 1092 6653 5651 5806 5370 2444 4628 2444 9563 8183 7164 3950 8130 3920 7139 670 5370 3284 4628 8183 7755 5119 8183 1988 7139 911 5394 7755 3284 8183 1988 8183 3920 1092 3920 3950 3950 827 827 4730 8719 6653 5119 911 1988 8719 8183 2444 1988 7755 5806 7755 9823 1988 4730 8183 911 9563 8719 1092 9100 7755 8693 9823 3284 7755 4628 8183 9563 6651 8693 6653 5651 6651 4628 38 4730 8183 5651 8693 827 4730 3284 827 670 5370 1988 5806 5370 911 4646 7755 1092 8183 5806 5651 7755 9019
14 3311085
120612 498682 253511 428571 50951 70245 406895 10017 94638 179476 5000000 5972560 111417 42833
5 6285
6285 6285 6285 6285 6285
53 94847
95070 94847 88894 88293 87580 86164 85691 80358 75239 74840 74545 73330 72605 68611 66264 64007 62387 60599 57700 57331 55818 53626 51056 51046 50017 48797 47877 42904 42101 41795 40863 39484 30970 29905 27330 26710 20603 20367 20348 16601 15554 11722 10065 9987 9075 9036 8773 6733 4355 2812 2445 1761 1035
77 11183871
217490 395321 232983 194190 332565 132189 49538 232855 471122 456427 458189 454654 360444 194797 149106 244460 437221 418030 260049 296382 143388 52957 282400 192945 365750 459221 458806 63267 485206 311993 225815 324686 477614 66869 406277 50813 431078 283175 367878 67477 283776 432709 76915 466592 66065 290286 5000000 23401 443955 160710 17060 343562 140368 253928 447161 51838 491027 497776 343522 104520 306651 162276 346485 325599 322388 94608 354565 158260 307566 316802 294507 478371 341484 5767638 216873 477878 131747
200 57148124
452865 105905 87024 376033 426820 65463 108023 66829 86692 46084 394375 400595 254317 372965 187905 241436 296498 164157 448329 240568 85216 262060 325050 235850 326581 459303 356640 5759716 449316 407661 308254 188127 122535 428489 29008 49603 386302 306653 332233 466236 359650 149643 17600 92297 118335 447327 460704 312281 484886 117926 247064 158864 363770 216071 86792 293521 198246 459879 204839 153347 312900 263109 332527 461855 356334 430430 493409 46652 383523 42019 421940 193494 295837 258880 455786 114600 216415 30546 229335 184574 200438 235517 289243 427181 250330 364451 435533 91355 272950 46095 38232 47317 3527 358462 234553 109538 355508 301121 60128 357487 403048 109232 38814 471681 328375 5000000 103098 374303 216848 192910 285182 55928 386406 130599 326512 355745 312907 13157 313024 217462 395899 478641 296028 309566 72839 461731 345533 57853 311374 279706 236803 79306 73937 143150 360107 257283 297606 185564 74706 448314 420996 73136 453784 371709 444807 208033 203061 263220 425715 315301 22826 247105 327286 365881 303011 382860 222269 118250 255717 66835 410728 223719 41566 155813 75293 221014 298396 374562 320936 452085 30504 35286 411082 348135 469357 385889 483076 328217 21172 74907 50547 17448 485142 150361 199503 12 91001 450266 463756 273627 278364 217294 104968 451758 300056 345802 369441 416243 226656 291632
200 1
1 1 1 1 1 1 1 1 1 1 1 1 1 1 1 1 1 1 1 1 1 1 1 1 1 1 1 1 1 1 1 1 1 1 1 1 1 1 1 1 1 1 1 1 1 1 1 1 1 1 1 1 1 1 1 1 1 1 1 1 1 1 1 1 1 1 1 1 1 1 1 1 1 1 1 1 1 1 1 1 1 1 1 1 1 1 1 1 1 1 1 1 1 1 1 1 1 1 1 1 1 1 1 1 1 1 1 1 1 1 1 1 1 1 1 1 1 1 1 1 1 1 1 1 1 1 1 1 1 1 1 1 1 1 1 1 1 1 1 1 1 1 1 1 1 1 1 1 1 1 1 1 1 1 1 1 1 1 1 1 1 1 1 1 1 1 1 1 1 1 1 1 1 1 1 1 1 1 1 1 1 1 1 1 1 1 1 1 1 1 1 1 1 1 1 1 1 1 1 1
119 1
2733944 8606196 4649145 7812873 7192290 4850279 3362411 8448507 2668146 7811449 5042458 9058656 5312456 5286618 2985400 9631085 3026848 2856607 9959646 3348884 1478125 3284036 7681047 8607066 1852572 9906047 9530263 1074337 7720737 7348912 2932913 5212114 1593833 2416506 6019117 4613431 3060742 645916 9791435 4881586 711568 4181361 8483543 989277 4416067 5113989 4855645 1600398 4947688 1116088 2762915 2426396 8613565 9833948 2126370 564319 8873089 5254100 1258984 8292870 5454103 5485493 9569095 7007196 3726481 4644328 7204517 1711285 1078292 9480173 4244132 8484097 4192998 3143359 2122455 4349456 5863904 2529185 8956667 1606564 6653605 6120766 3925461 8650496 1431436 2022016 2407808 557126 2516312 8579249 8943551 491540 9443312 7256330 4503780 9247054 1256932 5500844 714772 5450470 5160928 1064395 4247243 2867539 4428891 9033217 8518972 2959853 827098 31607 2698118 2578270 8805835 1018723 5891955 9259940 4464699 3182856 9293829
41 1
1 1 1 1 1 1 1 1 1 1 1 1 1 1 1 1 1 1 1 1 1 1 1 1 1 1 1 1 1 1 1 1 1 1 1 1 1 1 1 1 1
58 1222
611 611 611 611 611 611 611 611 611 611 611 611 611 611 611 611 611 611 611 611 611 611 611 611 611 611 611 611 611 611 611 611 611 611 611 611 611 611 611 611 611 611 611 611 611 611 611 611 611 611 611 611 611 611 611 611 611 611
80 8792
119 119 119 119 119 119 119 119 119 119 119 119 119 119 119 119 119 119 119 119 119 119 119 119 119 119 119 119 119 119 119 119 119 119 119 119 119 119 119 119 119 119 119 119 119 119 119 119 119 119 119 119 119 119 119 119 119 119 119 119 119 119 119 119 119 119 119 119 119 119 119 119 119 119 119 119 119 119 119 119
51 1
7177 3100 8269 6820 3100 8269 8269 7177 6820 3100 8111 8269 3100 8269 6820 3100 6820 7177 6820 8269 8269 8111 8269 3100 8111 8269 7177 7177 8111 8269 7177 6820 6820 8111 3100 6820 6820 8269 8269 7177 7177 3100 7177 3100 7177 8269 3100 8111 3100 8111 8111
67 2735047
187040 268570 5000000 12237 57866 2605 153325 75635 492773 171529 432080 41563 60616 70106 112423 71451 159905 70383 179895 130660 262936 98964 326370 450752 207974 268709 389818 322946 201849 465483 75470 262520 471600 348360 393424 473868 153845 423328 443974 57136 211789 139960 341287 387669 421623 132140 217266 321550 168297 326201 109757 101607 75514 5911620 212577 375083 146190 83618 440543 145924 111597 103889 435536 472855 316148 221622 129049
33 122003
5485 1293 5485 5485 1293 1293 1293 5485 5485 1293 5485 1293 1293 5485 5485 6901 1293 1293 5485 1293 6901 6901 5485 5485 1293 1293 1293 6901 5485 6901 5485 5485 1293
8 202321
95818 86876 77056 75828 50398 48978 21288 13279
44 235099
99691 98973 98720 96808 90500 89547 87649 85838 84279 82888 74243 73967 72478 71121 69464 63770 62847 61792 61322 58360 55716 49947 48058 46728 46665 46222 42618 39216 34474 29217 28807 28206 25803 25113 20270 18730 15602 15466 11695 11215 8505 6524 5983 4106
27 18575103
3032349 515703 9755850 2256003 1513564 1807649 4079131 8379770 5297733 3566254 7552753 4265889 8819253 4163560 4573723 6950709 7239478 2014262 3019640 1674817 4536971 7070123 2225784 7990383 5606858 1096048 8805017
27 187350
7878 7878 5835 7878 7878 5835 7878 7878 5835 5835 5835 5835 5835 7878 7878 7878 5835 5835 7878 7878 5835 7878 7878 7878 7878 7878 7878
89 20510998
59210 446249 579958 942822 583355 523026 890920 629994 977246 356264 8252 133478 352729 529091 162122 848430 429260 223895 770581 706250 671322 971186 912936 750128 611641 304093 864261 644987 598631 619852 574161 85574 55822 629567 446949 950081 21151 131221 856335 385451 933446 489459 893573 562133 202023 882067 579330 609644 716563 570936 476131 173772 277007 876159 349067 296754 511911 87196 172954 744011 632896 387223 515317 589688 251268 815686 899676 96800 80263 435888 788174 424136 886939 428083 441815 257981 176065 780471 84540 499459 132191 723617 612676 286450 201848 867328 459911 315667 590622
