18
539 199528
99851 99677 99384 99215 99056 99024 98918 98577 98291 98139 97881 97634 97443 97269 97254 97227 97068 96682 96203 96157 95876 95805 95801 95473 95444 95273 95256 95021 94877 94710 94707 94601 94532 94297 93933 93517 93506 92948 92861 92807 92728 92653 92223 92082 91900 91614 91584 91243 90606 90365 89997 89892 89727 89704 89633 89587 89478 89054 88801 88678 88525 88348 88057 87767 87536 87208 87199 86722 86424 86177 86163 86128 85941 85908 85531 85417 85222 85111 84372 84359 84239 84194 84125 84057 84038 84023 84011 83927 83706 83506 83445 83154 82888 82719 82626 82616 82602 82467 82463 82175 81922 81656 81544 81479 81126 80795 80763 80285 80214 80092 79872 79670 79518 79506 79140 79070 78509 78277 78173 77815 77783 77586 77444 76811 76424 76219 76196 76018 75994 75916 75900 75864 75652 75415 75139 75063 74644 74602 74560 74512 74482 74368 74333 74305 74288 74228 74212 73580 73564 73550 73530 73469 73176 73089 72538 72226 72167 71730 71449 70923 70863 70230 70207 69855 69719 69674 69481 69271 69226 69195 69188 68950 68827 68578 68363 68187 68154 68011 67991 67984 67680 67426 67326 67275 67224 67008 66329 66303 66074 65936 65848 65847 65806 65695 65310 65198 65191 65099 64989 64739 64625 64493 64383 64200 64002 63655 63504 63467 62987 62831 62818 62568 62057 62040 61647 61541 61461 61297 61117 61094 60726 60633 60180 59403 58949 58887 58835 58603 58540 58509 58444 58340 58070 57993 57824 57560 57218 56997 56979 56598 56589 56403 56286 56205 55975 55670 55265 55180 54878 54776 54561 53970 53901 53730 53581 52754 52577 52125 51957 51894 51707 51603 51590 51578 51462 51406 50701 50564 50448 50010 49888 49665 49535 49274 49222 49106 48972 48933 48677 48578 48387 47907 47635 47401 47214 47154 46926 46726 46572 46496 46486 46096 45989 45981 45761 45648 45432 45284 44923 44714 44307 43850 43541 43351 43188 43178 42991 42556 42476 42281 42187 41996 41730 41603 41585 41181 40907 40630 40468 40466 40364 40356 40160 40122 40057 39719 39693 39645 38742 38618 38538 38091 37994 37908 37705 37595 37557 37532 37499 37299 37062 37013 36888 36775 36176 36156 36119 36009 35767 35744 34859 34773 34363 34261 33931 33684 33655 33580 33249 33183 32691 32352 32192 31773 31402 31395 31339 31135 31099 30983 30976 30914 30771 30212 29765 29365 29046 28821 28535 27970 27545 27384 27270 27151 27127 27120 26993 26979 26755 26581 26224 25932 25626 25583 25552 25471 25324 24808 24422 23917 23837 23326 23247 23240 23069 22994 22706 22678 22677 22665 21891 21847 21445 20941 20798 20706 20698 20598 20551 20441 20358 20352 20278 20270 20231 20111 20006 19979 19940 19676 19615 19311 19202 18505 18481 18336 18284 18268 18150 17961 17887 17659 17536 17316 16871 16746 16701 16475 16169 15553 15413 15315 15064 14614 14586 14237 14088 13948 13845 13731 13319 13286 13147 12856 12812 12607 12498 12003 11968 11921 11866 11465 11449 11333 11181 11075 10956 10938 10887 10762 10706 10678 10524 10320 9654 9523 9457 9323 9263 9163 8905 8606 8604 8272 8220 8070 7742 7419 7393 7316 7009 6955 6828 6369 6236 5679 5581 5507 5081 5053 4990 4774 4440 3884 3551 3535 3222 3042 2908 2659 2425 2420 1949 1852 1720 1314 1239 872 758 756 729 670 647 555 459 439 102 90 82
146 199138
99590 99548 99524 98853 98829 98393 98326 97915 97705 96051 95639 94870 94108 93869 92553 92466 89871 87977 87927 86773 84725 84608 84379 83172 82705 80848 79994 79001 78219 78197 77270 76920 76842 75910 75284 75054 74566 74562 74404 74355 74045 73690 72970 72650 70047 70026 69949 68926 68835 68693 68479 67268 67145 64895 64824 63837 63506 62613 61732 61115 61107 60707 60017 59342 59025 58971 56775 56058 54437 53793 53522 52897 52401 52238 49119 48482 48457 48372 48277 48229 47100 46802 46260 46054 45517 45401 44143 43970 42735 42643 41576 38826 37275 35842 35804 35098 34542 33672 32102 27904 27271 27096 26106 25650 24747 24502 23092 21108 21070 19990 19594 19534 18409 17596 17470 16617 16182 15362 14847 14598 13986 13805 13741 13103 12387 12240 9986 9839 9047 8848 7821 7660 6229 5990 5154 4101 3917 3062 2569 2386 2246 2228 1417 1010 561 416
275 13123533
88 197 982 1121 1381 1568 1933 2104 2739 3403 3458 3746 3979 4464 4947 4995 5023 5033 5616 6289 6594 7026 7159 7296 8920 9004 9246 9895 10492 11105 12025 12147 13720 13822 13863 14317 14388 15043 15119 17196 18250 18522 18777 19006 19024 19162 20064 20444 20756 20877 21129 21206 22463 22819 22926 24441 25052 25167 25289 25566 25773 26825 27186 27221 27325 27375 27584 27678 28558 28746 28751 28976 29306 30117 30376 30414 30640 32052 32502 33247 33645 33738 33910 33988 34063 34171 34231 34736 36005 36014 36023 36142 36234 36315 36493 36496 36873 36911 37985 38254 39146 39452 40021 40533 40639 40945 41245 41362 42281 42330 43749 44342 44356 44387 44682 44798 45104 45247 45256 45719 45746 45755 45961 46304 46480 46653 46871 46974 47274 47621 47817 48022 48622 49508 49676 51293 51500 51842 52462 52695 52890 52922 53194 53417 53596 53673 53909 54017 54102 54137 55361 55531 55581 55785 55904 55930 56659 56849 56947 57269 57274 58235 58286 58438 58708 59135 59920 60579 60893 61313 61607 61872 61892 64118 64193 64758 65282 65787 65959 66256 67185 67689 67732 67850 68147 68487 68559 69302 69578 70045 70524 71164 71288 71477 71515 71845 72663 73037 73171 73565 73849 74075 74404 74446 74928 75043 75602 75764 76486 77295 77696 78190 79230 79414 80181 80426 81055 81166 81201 81597 81798 82320 82982 83274 83300 83720 83928 84370 84750 84759 85205 85379 85548 85768 86043 86197 86790 87681 88851 88988 89608 89866 89944 90177 90787 90880 90986 91219 91491 91849 92537 92599 92641 92792 93211 93270 93304 93432 94009 94106 94192 94461 95125 95352 95938 96439 96586 97107 97677 97980 98203 98218 99316 99322 99718
326 1
1929261 5252073 7686376 7028866 8229938 1089169 7443709 6182436 445755 7137417 2270310 3295137 5058864 2166552 9760777 8885855 1612929 4802403 7262332 9488471 1836939 4731675 9613043 9965472 505404 4606431 6181101 2843752 2999598 3404304 8119425 1281632 8648095 2062160 2231124 2629705 6769870 7002600 2993986 6048752 2994862 7388730 9281292 1699740 7690178 3206877 2831319 657573 7569800 5014643 5173412 9023379 3555918 2501500 7503899 3712601 9663396 9971094 3192593 1479835 16881 5513888 9604373 7706784 6476613 3789410 7024279 7327989 2106963 8048866 120404 1949012 4077231 6791013 8888255 9255805 6381501 2845065 3998020 8858889 4346292 1601973 2433351 3894712 2019268 6446764 1711977 1473897 3917972 836819 8438453 6660549 1990749 5987769 4957661 9548251 5725515 6868437 9881273 9871627 6025042 1263487 2683150 9410008 7046817 4610046 3986056 5542836 104708 5782462 581119 8515218 4824310 9014295 6168934 1604643 3993486 2825743 8175637 5960173 3395414 107487 796349 2920959 1846945 3731130 4364160 143738 2968441 7876283 4090588 7688922 3573816 9369711 2283240 1455823 5904789 726403 8596297 8556282 3413440 9699470 1239919 63393 2138158 1110248 2395980 4199150 7255807 9692815 8430084 1236555 2580027 2172819 8840905 459600 3919845 3466879 6824672 9340499 3341704 2336815 299802 4740541 3214927 9297641 9665423 6169457 3247271 3680895 584179 2086695 3317050 6793031 3899634 7078860 6737929 3954162 775207 1272927 3863456 5169294 5034093 6552333 5424892 6838839 1287822 1644307 2470742 8177143 1842206 9185499 6800826 8532674 4441180 5144559 9259751 4656013 6600368 2380595 8439831 1310325 4440923 2670386 3939664 9287522 4141790 9904519 3842064 5495048 4174436 2908378 2389272 8312736 1891001 8770411 152006 8292731 1731371 678618 475903 5156167 8973122 3833934 7535426 7559724 4392468 5060796 2085231 3192723 6913711 3887457 5080612 9696756 7956806 2627802 6068423 4629590 7061742 7346673 5806494 1700826 3836229 4238527 3216012 5351721 3133880 1336499 9744899 5916780 9691808 5629059 8083545 8958012 1336113 1358012 4079369 1799847 234029 614593 4702324 8793060 8987989 1417548 8434676 73763 4975375 4431899 9453259 5858510 2814283 9647114 322713 5472460 1878599 5449599 1234901 3120848 8792531 2753942 4454092 6826182 1894260 4602619 4757142 4997410 681977 2839757 1770167 4882097 9881303 7985373 6632257 321498 835261 3151373 864725 3053759 8765291 1145503 9886102 8126757 1667760 9422303 1753749 3180339 7624489 4399071 3642611 7998734 5134708 977295 6088070 9322248 8263243 8494726 6050436 6282407 1450423 7173263 3028915 578612 8644327 3033900 5376669 7122874
173 8141458
98801 98108 97943 97323 97301 96995 95856 94801 94660 94494 94258 93696 93259 91651 91611 91080 91040 90974 90917 90161 89611 89526 88536 88219 87990 86802 86403 86024 85068 84744 82557 81852 81809 78802 78581 78362 78214 78176 77838 77451 77437 77340 76604 74304 73301 72397 72082 72078 71368 70461 69030 68286 68183 66472 66282 65416 65285 65042 64601 62615 62464 62180 61483 59273 59037 58960 57145 56964 56481 55791 55764 55635 55141 54905 54853 54724 53604 52946 52934 52636 51525 50768 49368 47422 47296 46847 46672 46622 46169 45712 42696 42012 41981 41580 41200 40712 40479 40356 40267 40186 39777 39548 38894 37594 37064 36008 34088 33889 32937 32541 31621 31596 30923 30647 30405 29338 28935 28728 27848 26437 26430 25992 25291 24376 24249 24013 23998 23955 23699 23459 23397 23061 21937 21918 21524 21255 20679 19916 19135 18957 18666 18487 17759 17516 17469 17027 16736 14961 12602 12442 12044 11344 10326 9965 9959 9895 9551 6868 6394 6008 5739 5550 5149 3368 3030 2575 1731 1602 1330 1178 688 77 4
145 161273
488101 138265 381726 53381 256378 487779 395936 367278 463496 87984 44458 152829 161273 388629 28991 277383 191011 396377 247173 192167 402449 139773 322135 16047 450910 152612 349088 72075 244327 136942 22148 246145 112862 77095 333932 435574 208302 418646 398703 69113 491502 138763 193973 115635 129921 220460 225388 327522 171639 201401 263127 382591 286812 95643 41853 389563 98112 43049 195541 50188 490178 386234 111128 105929 145019 138612 466998 226604 205846 151311 270843 440181 175345 331118 147963 356767 290730 5000000 490325 458907 56608 250005 94744 193673 350802 5908 465723 398520 105067 135175 403812 249624 423206 283496 239238 469837 46835 396213 249786 135307 463170 121364 184419 123726 15924 274201 48418 219355 244392 33180 269618 498204 195518 39164 383041 272388 483768 328120 334248 351853 274139 275846 132747 446050 181480 444963 305628 305042 345062 239567 331523 28821 56417 260666 5805058 256205 141337 292477 106470 83751 428166 303124 236977 338315 66325
14 73
156299 7367150 3981029 5658016 2404603 8025418 6715090 6675662 1283644 8428858 943114 1329909 2426270 1093961
91 3813546
98706 97860 97154 96337 96178 93873 93135 92139 91871 88996 87086 86608 84068 83139 79922 79522 77050 76373 74591 71979 71862 71007 70810 69192 68383 68366 67669 67569 66966 65910 65619 63983 63414 63169 62994 60947 58723 58071 57838 56455 53389 52355 50630 49907 46128 44362 44144 44138 43930 43701 41337 37988 37600 36604 36291 34552 34413 33271 33043 32674 32352 32220 31028 30478 28273 26988 26648 23294 21613 19596 19181 18706 18280 17551 16997 16874 15841 15564 12749 11600 10899 10559 10086 9971 8957 6904 5570 4631 2095 744 430
34 1322
620 620 620 620 620 620 620 620 620 620 620 620 620 620 620 620 620 620 620 620 620 620 620 620 620 620 620 620 620 620 620 620 620 620
95 6555
71 71 71 71 71 71 71 71 71 71 71 71 71 71 71 71 71 71 71 71 71 71 71 71 71 71 71 71 71 71 71 71 71 71 71 71 71 71 71 71 71 71 71 71 71 71 71 71 71 71 71 71 71 71 71 71 71 71 71 71 71 71 71 71 71 71 71 71 71 71 71 71 71 71 71 71 71 71 71 71 71 71 71 71 71 71 71 71 71 71 71 71 71 71 71
100 4766338
2593 3652 4117 4746 5233 6862 8487 9046 9644 9746 11850 12618 13285 13350 13847 14018 14860 18465 19269 20370 20427 21480 22650 22851 24445 27159 27541 28679 29530 30315 31531 32984 33460 34795 34819 36868 37969 38025 39915 43606 44414 45646 46599 47550 47653 47663 48694 49482 49647 49649 50173 51407 51697 52119 54015 54016 55853 56136 57121 57148 57301 57556 58607 59183 60131 61649 61846 62145 63200 63342 65287 65768 65889 66331 67508 68790 68975 70549 71331 72489 72976 74288 76379 76525 76745 76823 79805 80049 85060 86934 87338 89503 89794 90113 92718 94838 96653 97479 98281 98899
14 669798
2763 3339 5356 22635 26450 39153 49469 67431 67612 69730 81131 85548 88164 90621
50 2
1 1 1 1 1 1 1 1 1 1 1 1 1 1 1 1 1 1 1 1 1 1 1 1 1 1 1 1 1 1 1 1 1 1 1 1 1 1 1 1 1 1 1 1 1 1 1 1 1 1
37 1682
841 841 841 841 841 841 841 841 841 841 841 841 841 841 841 841 841 841 841 841 841 841 841 841 841 841 841 841 841 841 841 841 841 841 841 841 841
13 70
35 35 35 35 35 35 35 35 35 35 35 35 35
43 3
1 1 1 1 1 1 1 1 1 1 1 1 1 1 1 1 1 1 1 1 1 1 1 1 1 1 1 1 1 1 1 1 1 1 1 1 1 1 1 1 1 1 1
16 81705
5304 5304 5304 5304 5304 5304 5304 5304 5304 5304 5304 5304 5304 5304 5304 5304
174 52618615
882689 875717 526858 654936 462239 141240 355186 855604 116408 576067 539894 382658 155531 620732 77711 555410 835832 32591 205110 68906 642730 12385 214862 869420 997686 329815 421086 943876 296358 6755 564978 114418 760883 576015 662136 566002 335933 496634 189821 25921 924130 1204 417337 351654 712102 804318 578336 751212 849202 363085 722661 206817 554715 624357 671206 587120 210580 345652 876069 963936 825900 516152 307172 892308 899501 443565 916995 919259 145275 899761 963907 610063 825912 510252 697921 376558 933143 485223 151696 830105 712302 264272 498923 910249 286659 34333 199509 199368 687962 137130 842078 125572 501752 268113 324122 264412 133366 607502 107882 963568 748321 780974 949422 391551 956412 955188 751536 58381 105908 712222 313215 957919 755569 634401 664013 472728 398454 417050 214858 980604 224421 327093 378898 559327 901374 271915 316121 174598 120170 57646 174885 639746 522509 933203 744690 331366 460818 423039 251147 575367 211917 553508 893612 622522 400171 878963 553558 796751 370834 341935 927006 695325 356536 915877 174889 833587 574412 919296 69714 913860 761178 321082 305841 49655 511392 838644 505006 601145 565737 327899 689944 635523 34151 457613
