31
70 1486121
99991 99222 96750 96637 95073 92481 91753 91078 90933 90724 88670 87352 85471 84950 84880 84038 81755 81506 81051 80693 76561 75535 73737 73108 67305 63335 61689 61330 59196 56472 56097 53463 53356 51950 48887 48691 48061 43261 41583 41418 41157 39894 38805 36485 35736 35066 32526 27512 26060 24682 22497 20838 20743 19116 18760 17119 15538 15482 11477 10551 9278 8249 6902 6803 6609 5400 4957 4909 1849 1704
81 201722
98613 98480 97885 97491 96350 95833 93107 91304 89832 82059 81329 81299 81093 80803 80698 78977 77653 77628 77233 75604 75148 73230 72535 71711 71679 71240 70541 66731 64742 64689 63052 62300 60409 56910 53990 53254 52822 49940 48324 46319 46003 45452 45314 43779 42202 39331 38944 38774 38562 37771 37230 34433 32950 32320 30995 30130 29899 28400 24768 23887 20165 19794 19212 18611 17969 17697 15964 15654 15003 14910 14341 11821 10863 9915 8995 8344 7545 4117 4000 2806 2288
18 17
1 1 1 1 1 1 1 1 1 1 1 1 1 1 1 1 1 1
68 1
1 1 1 1 1 1 1 1 1 1 1 1 1 1 1 1 1 1 1 1 1 1 1 1 1 1 1 1 1 1 1 1 1 1 1 1 1 1 1 1 1 1 1 1 1 1 1 1 1 1 1 1 1 1 1 1 1 1 1 1 1 1 1 1 1 1 1 1
5 1
1 1 1 1 1
55 2606134
98667 95899 90214 89541 89230 86438 84486 83431 79638 78467 70520 70397 69795 64162 64105 62902 60253 58112 57135 56805 55409 54157 52314 51549 49341 48204 45819 45738 45427 42696 41148 40484 40269 38304 37896 36523 35366 34236 33210 28563 28525 25443 23427 20262 19101 18589 18412 17169 13105 13104 12437 11732 7887 7372 6882
53 20486500
8787937 4194979 3360333 7240218 1748085 3645689 9087469 1210433 9096338 9207548 9217271 5681143 649863 4244617 8671429 1859675 2226334 4778934 5210744 8994078 7443824 740254 3306945 3940438 8634211 190226 372838 7444319 9343602 326394 8227219 2094268 6689359 7976857 9350895 5933134 5043047 8877190 9918566 8094353 9529552 4504793 3668241 4802374 8685150 9794888 6850336 9560355 5383621 1749722 6042451 4327181 5137292
41 196633
290 8375 8689 10350 18249 19058 24406 24548 27191 27458 29932 31100 31639 32166 34944 38385 39739 53150 53199 53913 57241 57334 63354 66730 70134 72034 72966 77448 77635 77819 77961 78700 79740 80341 82268 83654 85436 86414 87551 89007 97508
18 759633
94612 91521 85632 85192 78898 78562 58720 45467 43909 36653 33043 32902 29069 18935 9138 6474 2815 1458
12 7850
3925 3925 3925 3925 3925 3925 3925 3925 3925 3925 3925 3925
24 70
3617943 4090767 3038834 7064180 9796925 3615253 4412389 5149729 8355394 5122025 1632964 4365822 4455905 9683081 857862 3391593 825009 7494008 2986612 6789451 6588469 3429793 559285 3928763
3 7952374
3692128 2492657 9632180
13 231218
359649 128027 225590 5000000 300720 376042 231218 359853 5171876 446495 68940 495181 216181
16 13894703
369631 427132 135531 5796551 5000000 439347 33865 391080 119624 291941 451362 133249 107501 75156 18417 465196
5 25487
25487 44236 50326 69375 92483
4 122015
13046 19750 66100 91593
9 76117
9194 9194 9194 9194 9194 9194 9194 9194 9194
4 1000000000
1000000000 1000000000 1000000000 1000000000
1 72884
72878
7 1798125
319170 74089 5000000 184830 5361494 258033 80032
4 3881
3881 3881 3881 3881
2 1
7544540 7808131
3 7300419
1767731 2420281 8970296
4 48846
5522 58396 63061 64780
4 11040009
5649007 5000000 424540 27642
3 13
34635 39959 63410
2 1246481
505922 571149
5 49946
67426 49975 49946 33217 29784
2 13591982
5397621 9357152
2 85448
62378 85448
4 1283577
698200 468955 314337 260000
