31
218 57997775
102939 298309 348085 92686 249333 409298 488920 321897 148917 186898 12463 192576 81671 235192 40182 81803 497162 388238 85876 117746 28163 425852 211502 193849 39839 228292 85456 386534 411147 484458 470375 72340 440939 406828 380593 426271 77058 393876 191367 195673 42779 64681 81376 113300 216049 366458 482171 449546 1624 342924 123108 297522 392494 248634 380790 39037 202263 396109 228605 69426 227478 324677 426301 143647 283181 74873 158704 21736 467564 4728 5107573 215160 246456 299693 201988 72253 484559 483545 122358 179918 299872 136173 484265 40685 5000000 18226 95495 427051 354262 265132 302862 220225 113071 376817 464304 34912 11099 97101 35215 488215 436167 498287 322814 194109 195437 363349 422485 256433 236247 53908 185701 467857 327503 225899 51343 361619 286650 333996 190124 113970 76477 427543 113345 18085 196766 436131 424383 163853 33734 78290 114690 4378 81902 417874 404829 390161 19753 196229 452133 115514 439711 261466 145888 30144 431346 142184 452534 99246 201925 249732 245921 414270 189316 349724 291422 240936 172252 227182 464493 232679 50115 63309 415199 166275 179442 195348 396788 465820 146089 268505 40891 294248 189112 497258 309768 288760 401262 126889 404026 431604 230708 213679 111430 388601 412013 140813 431010 207957 26553 22168 96299 254796 376052 134492 390874 409760 80262 266796 174526 471906 446044 215307 194919 387399 437891 359914 116765 315213 446284 54313 73298 473313 389716 454696 378500 182015 127198 217826
366 59
409909 436751 216752 499147 134900 351530 396484 201107 39752 308625 324061 398235 467889 329626 306085 194070 433946 98623 356603 252481 192642 152057 487451 79063 269684 402699 312002 14840 106743 166258 483841 395032 201426 410292 409788 294384 469948 168120 345986 5000000 368787 449262 499027 8069 269033 188507 39095 206562 76752 73017 461023 387730 369005 146272 144846 191825 143445 459940 383044 487156 134505 443671 404669 421244 32247 4102 86472 58544 436196 288034 368643 12442 220853 490449 336742 151265 114784 489958 402724 124343 256674 409476 246395 33727 469577 349739 324178 330195 277473 41280 10981 221635 431360 224142 161352 169253 153359 489755 64451 208543 124749 205581 219027 147913 374001 75915 417566 317777 22143 75950 165543 74495 320288 399137 13882 324397 450778 301581 148468 369584 433912 311777 332065 486573 124004 256565 444132 318373 29518 94301 208230 98944 90479 77086 441987 398427 478914 409183 466469 496662 429938 110891 77565 149184 53301 82323 411693 359497 136011 51520 421060 312431 157587 407468 315078 457828 327825 105402 416968 354305 252765 496789 176483 122946 382989 223177 465567 284715 197812 297876 357299 190690 439728 305623 369763 187752 258892 479773 146014 201012 383754 24970 197861 353469 136352 322496 473752 390536 493919 190665 35287 155528 345606 498678 86829 324456 30461 499988 254956 46324 334651 66698 485158 257168 132747 234686 228455 274992 368829 8653 75921 214093 106398 177911 73211 34189 310112 409245 300639 370838 431403 5665 107159 183755 408799 444873 212220 104618 145575 342407 309711 58393 255323 433207 90064 332489 368063 256988 86199 84326 89052 60629 60194 253901 258893 461409 243454 221831 261773 293828 230475 102205 97391 494407 117013 309041 460384 189677 318152 191522 248729 88348 85168 491521 5372490 140671 389395 130417 455929 234580 241395 382629 105887 286989 78976 133745 122623 275167 6156 352541 117559 458645 205384 164956 183158 81187 177891 144783 102451 245411 75784 74581 405319 422662 334148 263482 45603 273129 447972 25863 436219 477574 84980 121137 56102 429024 120370 131807 50163 426907 6837 454841 276354 174269 336620 93407 13751 395092 295660 371321 106124 190707 72160 228990 114762 498427 173155 483491 454938 217013 36415 314764 102015 311592 438695 377577 106305 40148 239585 458879 195892 8579 267813 388302 423455 31038 358971 459786 317163 68768 278747 332426 174076 450023 129907 404889 196334 40236 167722 15969 405230 462950 205890 431233 178959 174812
309 199719
99947 99772 99536 98781 98031 97790 97148 97046 96710 96440 96283 96156 94967 94905 94355 94270 93586 93544 93335 93074 92521 92428 92389 92286 91849 91677 91618 91208 91111 90758 90502 90365 90195 88820 88721 87354 86923 86722 86585 86371 85545 84852 84514 84289 84279 84127 83998 83718 83658 83279 82924 82669 81248 81241 81160 80945 80931 80101 79825 79590 78190 78159 77687 76506 76234 76205 76031 75940 75728 75310 74562 74220 74194 73658 73529 72004 71768 71726 71180 71023 70986 70906 70672 70210 70153 69447 68746 67769 67523 67377 67084 66809 66376 66341 66187 65806 65371 64858 64753 64739 64697 64571 64390 64388 64220 64218 64066 63346 62949 62748 62664 62208 61890 61229 61153 60677 60662 60534 60256 59686 59521 59382 59041 58908 58772 58262 57596 57594 57443 55811 55586 54715 54270 53711 53524 53181 52460 52274 52073 51924 51739 51313 51247 50690 50681 50578 49735 49621 49549 49077 48819 48150 47951 47886 47592 47409 47267 47243 46939 46741 46339 46290 46018 45856 45781 45298 45236 44141 44097 44072 43663 43505 43375 43074 42773 42691 42645 42403 41979 41354 41333 40573 40306 40253 39486 39412 39197 38941 38271 38257 38208 37808 37321 37087 36972 36846 36629 36565 36525 35327 35279 35091 35071 34264 33882 33314 33304 32237 31773 31714 31470 30887 30056 29674 29651 29042 28834 28190 28110 26649 26081 25824 25098 24971 24900 24596 24416 23977 23925 23901 23584 23400 23108 22841 22615 22366 22359 21966 21897 21160 20980 20914 20901 20821 20625 20155 20003 19476 19315 18980 18972 18554 16199 15840 15385 15289 15245 15199 14087 13733 13585 13208 12958 12914 12757 12703 12702 12193 11991 11950 11839 11460 11280 11051 10914 10628 10554 10436 10409 9649 9026 8283 8179 7762 7433 7419 7131 6840 6196 5881 5854 5813 5192 5037 4962 4642 4332 3681 3459 3416 3065 2921 1990 1441 1132 941 633 553 152
229 2150671
6202236 3606041 8642315 2648261 2032789 2645113 3600246 2371939 3608948 9258065 3145586 5577737 6087540 6024722 4634932 2537829 4043437 5449709 1298345 6851321 6188710 9905434 6918496 7901690 5649087 4656721 6177811 7034022 3598540 3463230 7616265 2413114 8667633 53609 8779575 2336343 4773099 8319851 247407 1574150 8599688 4769445 6459292 5244587 9049478 8647290 3347571 2858874 2900309 6286496 2769085 3399619 4663286 1775829 2741976 3736129 5101022 1264299 910990 9322752 8409438 6901922 9961905 5851389 4242713 7047662 1349665 1840961 8676423 6297659 624279 9930636 2432774 1781623 2257264 9880695 1724207 9801902 9295439 1784075 2431238 878200 9159435 2713977 664433 6128075 3120625 3018847 5794136 9602863 6146191 2765204 9222800 845156 9224781 8827875 9519799 4238567 2939558 1570292 81722 8802204 9328167 7337674 6268418 6913807 3923910 5588565 8139423 3117300 2150671 1829561 2144062 8852791 2877616 1830197 5488625 6022202 4865823 2543237 1074761 3380162 8125903 4666360 5217093 4004079 5722896 7755150 2309749 6268489 9304894 3818941 6755138 185476 1285403 7715140 8629709 9828163 3076309 6425620 5764784 8689062 2486481 2468938 43011 5795402 6889069 6232687 9291221 2611276 3307415 3894671 9728733 8222145 3729563 6651985 9172699 9155798 5863550 4653483 9977274 2986739 6279696 6150446 3436278 3640488 3886672 1389390 9376825 4725901 3728712 8230226 2844986 1767785 5007770 9298010 6154945 2416710 9906340 4341765 66186 3514958 9651473 3353890 4298891 2263022 2422594 2858487 3634151 4113566 7797761 1577760 549150 4914396 8235843 9194785 2743658 7051771 870974 8669112 1255415 4726101 2200901 1328540 1054430 647082 557978 5487771 339381 2454297 8304019 3753684 486204 5634050 4583236 7085351 6784583 9043362 6429974 1952336 8178778 7043755 891171 2827751 2351433 8346609 126325 2025416 9721652
64 301502351
7723475 2322351 5151631 1381089 6603506 8788489 4565135 8086330 6950082 8383487 3439630 3936273 5006410 9728993 2792668 5743036 1041767 6198635 6556444 2556209 6985644 9268049 2094094 7296928 6240183 4517562 3147383 7308224 5575803 1915799 403657 7914666 1754738 6132035 2700685 1886544 3987489 3898136 9855625 7610767 5844106 6876384 7719631 5291698 3990133 4768434 982771 829357 7604784 3165210 5279968 123950 2596165 1433470 337705 4767729 3425230 6252437 961730 9966148 5820288 6727450 7311199 3487661
72 1000000000
1000000000 1000000000 1000000000 1000000000 1000000000 1000000000 1000000000 1000000000 1000000000 1000000000 1000000000 1000000000 1000000000 1000000000 1000000000 1000000000 1000000000 1000000000 1000000000 1000000000 1000000000 1000000000 1000000000 1000000000 1000000000 1000000000 1000000000 1000000000 1000000000 1000000000 1000000000 1000000000 1000000000 1000000000 1000000000 1000000000 1000000000 1000000000 1000000000 1000000000 1000000000 1000000000 1000000000 1000000000 1000000000 1000000000 1000000000 1000000000 1000000000 1000000000 1000000000 1000000000 1000000000 1000000000 1000000000 1000000000 1000000000 1000000000 1000000000 1000000000 1000000000 1000000000 1000000000 1000000000 1000000000 1000000000 1000000000 1000000000 1000000000 1000000000 1000000000 1000000000
35 17752463
7709184 2882578 490821 8517910 1377165 8092754 4390905 3559793 1500247 4911925 5250695 2760180 3614841 7348402 7442834 3186925 557150 399523 4778271 4227334 8791784 3399791 184347 1633177 2121683 5639762 960166 4398395 1245154 3448365 3620620 5871965 5498704 3432572 4745804
43 1
383595 10474 240391 138382 163295 376873 284783 157211 255080 55352 25566 498316 343484 144078 204510 355724 5000000 64791 390330 126031 14245 48373 5069951 312327 56081 275631 250966 458800 480407 396162 368595 461360 416484 200034 216763 406800 400514 166686 215651 41932 447673 469659 393513
42 1452
726 726 726 726 726 726 726 726 726 726 726 726 726 726 726 726 726 726 726 726 726 726 726 726 726 726 726 726 726 726 726 726 726 726 726 726 726 726 726 726 726 726
79 19550061
1889370 4636150 6321495 2525410 9418539 9132305 8320827 2776976 8611054 6020840 2415814 2940882 4423237 5791873 2541067 2256149 1642928 5143001 3144955 9498263 1146497 3257847 5386816 9570816 387732 1696556 5037194 600923 9049156 6968038 6228740 2872060 8177317 9513560 4495868 5902298 9179395 6493514 355931 3261700 796401 8448588 1097187 1996367 6755080 8678848 1412226 5481628 8559455 7931976 3061973 9851192 4515296 9413566 5322486 5258119 6878200 6261158 8632960 4236337 300983 9105067 3852066 8657830 3828048 8679403 3242893 1339711 4722002 1715204 3016135 2836323 4212000 422306 9698869 2701981 4427948 4795982 114168
102 14287
147 147 147 147 147 147 147 147 147 147 147 147 147 147 147 147 147 147 147 147 147 147 147 147 147 147 147 147 147 147 147 147 147 147 147 147 147 147 147 147 147 147 147 147 147 147 147 147 147 147 147 147 147 147 147 147 147 147 147 147 147 147 147 147 147 147 147 147 147 147 147 147 147 147 147 147 147 147 147 147 147 147 147 147 147 147 147 147 147 147 147 147 147 147 147 147 147 147 147 147 147 147
96 1
1 1 1 1 1 1 1 1 1 1 1 1 1 1 1 1 1 1 1 1 1 1 1 1 1 1 1 1 1 1 1 1 1 1 1 1 1 1 1 1 1 1 1 1 1 1 1 1 1 1 1 1 1 1 1 1 1 1 1 1 1 1 1 1 1 1 1 1 1 1 1 1 1 1 1 1 1 1 1 1 1 1 1 1 1 1 1 1 1 1 1 1 1 1 1 1
53 2180577
22 87 1922 2759 4937 7016 9111 11051 12447 12761 13712 14991 16436 18427 20530 22045 22801 24217 24269 26166 27657 28272 29537 30351 36780 39949 42891 49631 52848 54330 56461 57783 62558 62597 64205 65766 66205 66307 68172 69140 71171 71480 71547 74493 74814 74920 75579 78131 87620 89761 89979 92775 93017
55 1703
8465 9809 9809 9271 1703 8465 1703 9271 9271 1703 9809 8465 1629 9809 9809 9271 9809 9809 8465 9809 8465 1703 8465 8465 8465 9809 1703 9271 9809 9271 9271 8465 8465 9809 8465 1629 9809 8465 9809 1703 9809 9271 1629 1703 9271 1629 1703 9809 1629 1629 1703 9809 8465 1629 8465
30 1
98489 97534 95066 94816 91864 83531 82822 80023 75620 71114 70011 68723 64952 62540 47921 46845 46272 42430 39516 35506 33489 29220 27954 25691 14828 14642 10242 5495 3805 688
4 1
440074 5447177 5000000 300483
19 846720
89495 87292 84304 78522 72992 62232 58335 51238 43991 40889 38511 30622 29580 27144 23306 14331 9860 3553 1062
21 196329
1639 3062 4974 7411 8394 15520 20461 23274 24386 30006 47550 50176 69716 72077 80164 82334 87402 89448 90360 96836 99493
20 1
2081904 3905884 2633972 880905 8835032 8297157 6333288 789486 1491840 3049694 2534879 144858 2562695 1476197 4522676 5412479 7739408 3567861 7303759 9330178
10 194566
99678 94888 93861 86300 84883 83493 46296 28329 26817 8412
10 9981254
337029 381399 479886 128505 353328 5000000 5640085 10320 392808 388873
23 1000000000
1000000000 1000000000 1000000000 1000000000 1000000000 1000000000 1000000000 1000000000 1000000000 1000000000 1000000000 1000000000 1000000000 1000000000 1000000000 1000000000 1000000000 1000000000 1000000000 1000000000 1000000000 1000000000 1000000000
7 302990
16678 19598 27471 42137 59287 63822 77426
7 3915
609 609 609 609 609 609 609
19 302
151 151 151 151 151 151 151 151 151 151 151 151 151 151 151 151 151 151 151
8 94
1000000000 1000000000 1000000000 1000000000 1000000000 1000000000 1000000000 1000000000
1 5946698
5980829
9 1
1 1 1 1 1 1 1 1 1
6 17337429
5311604 3846575 1060668 6920299 6480210 9363703
6 159346
82952 76394 65573 51793 33870 6640
35 18515909
504417 381669 811075 121349 871245 844511 301477 332269 774289 84013 47934 787738 769630 996431 417426 852384 283041 990585 712569 581067 831642 564109 479270 588722 367857 987329 385114 331992 444982 576993 459594 499463 624695 850112 26980
