5
63 51281
880 880 880 880 880 880 880 880 880 880 880 880 880 880 880 880 880 880 880 880 880 880 880 880 880 880 880 880 880 880 880 880 880 880 880 880 880 880 880 880 880 880 880 880 880 880 880 880 880 880 880 880 880 880 880 880 880 880 880 880 880 880 880
37 12286369
149898 390076 175845 66760 57151 9567 168482 22972 250483 141969 452373 41041 349636 289115 158448 156970 439373 898 79316 5000000 448226 165105 5794900 378267 159618 429298 349809 19217 473476 218009 312307 296693 233584 327087 456436 81129 311757
18 18
1 1 1 1 1 1 1 1 1 1 1 1 1 1 1 1 1 1
18 13592552
267220 301002 5013045 172821 442347 152522 454957 259906 5000000 496415 439953 100843 215562 42105 173819 368478 370778 411512
162 44203859
839410 508727 285883 771507 819296 933028 404048 751453 355327 993343 938548 632397 51603 879914 24282 636099 843252 576214 481270 861196 331094 468261 981324 884783 270224 963512 920656 767201 990055 204783 248807 717497 568006 302879 501826 101710 897952 138369 418199 454476 778277 994355 953645 249061 180373 569383 688123 461087 178712 728994 438782 318898 535909 47526 708364 890883 246236 799082 107451 48966 855940 474332 929800 334495 731751 688191 875776 328867 960478 733314 423102 47985 356516 951946 729566 678239 663499 417668 409801 857923 818210 776400 142610 328566 806700 94232 219982 669620 323457 445108 722260 909566 385418 157256 870012 871176 197757 884792 214984 465633 268017 643823 16335 298376 70218 510308 76604 558552 962841 411767 938229 129756 905480 297870 108665 850491 60274 838032 476447 106345 398035 726878 525743 922146 85941 640260 13117 369157 617805 423876 491133 660231 420871 252658 612165 132029 693109 780088 687473 156865 694774 341082 499103 937161 895703 719536 657926 322993 197428 590042 43829 65798 708794 157578 492077 40489 886756 2984 142724 847953 390553 628566
