13
629 331784
538 538 538 538 538 538 538 538 538 538 538 538 538 538 538 538 538 538 538 538 538 538 538 538 538 538 538 538 538 538 538 538 538 538 538 538 538 538 538 538 538 538 538 538 538 538 538 538 538 538 538 538 538 538 538 538 538 538 538 538 538 538 538 538 538 538 538 538 538 538 538 538 538 538 538 538 538 538 538 538 538 538 538 538 538 538 538 538 538 538 538 538 538 538 538 538 538 538 538 538 538 538 538 538 538 538 538 538 538 538 538 538 538 538 538 538 538 538 538 538 538 538 538 538 538 538 538 538 538 538 538 538 538 538 538 538 538 538 538 538 538 538 538 538 538 538 538 538 538 538 538 538 538 538 538 538 538 538 538 538 538 538 538 538 538 538 538 538 538 538 538 538 538 538 538 538 538 538 538 538 538 538 538 538 538 538 538 538 538 538 538 538 538 538 538 538 538 538 538 538 538 538 538 538 538 538 538 538 538 538 538 538 538 538 538 538 538 538 538 538 538 538 538 538 538 538 538 538 538 538 538 538 538 538 538 538 538 538 538 538 538 538 538 538 538 538 538 538 538 538 538 538 538 538 538 538 538 538 538 538 538 538 538 538 538 538 538 538 538 538 538 538 538 538 538 538 538 538 538 538 538 538 538 538 538 538 538 538 538 538 538 538 538 538 538 538 538 538 538 538 538 538 538 538 538 538 538 538 538 538 538 538 538 538 538 538 538 538 538 538 538 538 538 538 538 538 538 538 538 538 538 538 538 538 538 538 538 538 538 538 538 538 538 538 538 538 538 538 538 538 538 538 538 538 538 538 538 538 538 538 538 538 538 538 538 538 538 538 538 538 538 538 538 538 538 538 538 538 538 538 538 538 538 538 538 538 538 538 538 538 538 538 538 538 538 538 538 538 538 538 538 538 538 538 538 538 538 538 538 538 538 538 538 538 538 538 538 538 538 538 538 538 538 538 538 538 538 538 538 538 538 538 538 538 538 538 538 538 538 538 538 538 538 538 538 538 538 538 538 538 538 538 538 538 538 538 538 538 538 538 538 538 538 538 538 538 538 538 538 538 538 538 538 538 538 538 538 538 538 538 538 538 538 538 538 538 538 538 538 538 538 538 538 538 538 538 538 538 538 538 538 538 538 538 538 538 538 538 538 538 538 538 538 538 538 538 538 538 538 538 538 538 538 538 538 538 538 538 538 538 538 538 538 538 538 538 538 538 538 538 538 538 538 538 538 538 538 538 538 538 538 538 538 538 538 538 538 538 538 538 538 538 538 538 538 538 538 538 538 538 538 538 538 538 538 538 538 538 538 538 538 538 538 538 538 538 538 538 538 538 538 538 538 538 538 538 538 538 538 538 538 538 538 538 538 538 538 538 538 538 538 538 538 538 538 538 538 538 538 538 538 538 538 538 538 538 538 538 538
182 3
1 1 1 1 1 1 1 1 1 1 1 1 1 1 1 1 1 1 1 1 1 1 1 1 1 1 1 1 1 1 1 1 1 1 1 1 1 1 1 1 1 1 1 1 1 1 1 1 1 1 1 1 1 1 1 1 1 1 1 1 1 1 1 1 1 1 1 1 1 1 1 1 1 1 1 1 1 1 1 1 1 1 1 1 1 1 1 1 1 1 1 1 1 1 1 1 1 1 1 1 1 1 1 1 1 1 1 1 1 1 1 1 1 1 1 1 1 1 1 1 1 1 1 1 1 1 1 1 1 1 1 1 1 1 1 1 1 1 1 1 1 1 1 1 1 1 1 1 1 1 1 1 1 1 1 1 1 1 1 1 1 1 1 1 1 1 1 1 1 1 1 1 1 1 1 1 1 1 1 1 1 1
419 20392
222 222 222 222 222 222 222 222 222 222 222 222 222 222 222 222 222 222 222 222 222 222 222 222 222 222 222 222 222 222 222 222 222 222 222 222 222 222 222 222 222 222 222 222 222 222 222 222 222 222 222 222 222 222 222 222 222 222 222 222 222 222 222 222 222 222 222 222 222 222 222 222 222 222 222 222 222 222 222 222 222 222 222 222 222 222 222 222 222 222 222 222 222 222 222 222 222 222 222 222 222 222 222 222 222 222 222 222 222 222 222 222 222 222 222 222 222 222 222 222 222 222 222 222 222 222 222 222 222 222 222 222 222 222 222 222 222 222 222 222 222 222 222 222 222 222 222 222 222 222 222 222 222 222 222 222 222 222 222 222 222 222 222 222 222 222 222 222 222 222 222 222 222 222 222 222 222 222 222 222 222 222 222 222 222 222 222 222 222 222 222 222 222 222 222 222 222 222 222 222 222 222 222 222 222 222 222 222 222 222 222 222 222 222 222 222 222 222 222 222 222 222 222 222 222 222 222 222 222 222 222 222 222 222 222 222 222 222 222 222 222 222 222 222 222 222 222 222 222 222 222 222 222 222 222 222 222 222 222 222 222 222 222 222 222 222 222 222 222 222 222 222 222 222 222 222 222 222 222 222 222 222 222 222 222 222 222 222 222 222 222 222 222 222 222 222 222 222 222 222 222 222 222 222 222 222 222 222 222 222 222 222 222 222 222 222 222 222 222 222 222 222 222 222 222 222 222 222 222 222 222 222 222 222 222 222 222 222 222 222 222 222 222 222 222 222 222 222 222 222 222 222 222 222 222 222 222 222 222 222 222 222 222 222 222 222 222 222 222 222 222 222 222 222 222 222 222 222 222 222 222 222 222 222 222 222 222 222 222 222 222 222 222 222 222 222 222 222 222 222 222 222 222 222 222 222 222 222 222 222 222 222 222 222 222 222 222 222 222
140 126
1 1 1 1 1 1 1 1 1 1 1 1 1 1 1 1 1 1 1 1 1 1 1 1 1 1 1 1 1 1 1 1 1 1 1 1 1 1 1 1 1 1 1 1 1 1 1 1 1 1 1 1 1 1 1 1 1 1 1 1 1 1 1 1 1 1 1 1 1 1 1 1 1 1 1 1 1 1 1 1 1 1 1 1 1 1 1 1 1 1 1 1 1 1 1 1 1 1 1 1 1 1 1 1 1 1 1 1 1 1 1 1 1 1 1 1 1 1 1 1 1 1 1 1 1 1 1 1 1 1 1 1 1 1 1 1 1 1 1 1
373 336
1 1 1 1 1 1 1 1 1 1 1 1 1 1 1 1 1 1 1 1 1 1 1 1 1 1 1 1 1 1 1 1 1 1 1 1 1 1 1 1 1 1 1 1 1 1 1 1 1 1 1 1 1 1 1 1 1 1 1 1 1 1 1 1 1 1 1 1 1 1 1 1 1 1 1 1 1 1 1 1 1 1 1 1 1 1 1 1 1 1 1 1 1 1 1 1 1 1 1 1 1 1 1 1 1 1 1 1 1 1 1 1 1 1 1 1 1 1 1 1 1 1 1 1 1 1 1 1 1 1 1 1 1 1 1 1 1 1 1 1 1 1 1 1 1 1 1 1 1 1 1 1 1 1 1 1 1 1 1 1 1 1 1 1 1 1 1 1 1 1 1 1 1 1 1 1 1 1 1 1 1 1 1 1 1 1 1 1 1 1 1 1 1 1 1 1 1 1 1 1 1 1 1 1 1 1 1 1 1 1 1 1 1 1 1 1 1 1 1 1 1 1 1 1 1 1 1 1 1 1 1 1 1 1 1 1 1 1 1 1 1 1 1 1 1 1 1 1 1 1 1 1 1 1 1 1 1 1 1 1 1 1 1 1 1 1 1 1 1 1 1 1 1 1 1 1 1 1 1 1 1 1 1 1 1 1 1 1 1 1 1 1 1 1 1 1 1 1 1 1 1 1 1 1 1 1 1 1 1 1 1 1 1 1 1 1 1 1 1 1 1 1 1 1 1 1 1 1 1 1 1 1 1 1 1 1 1 1 1 1 1 1 1 1 1 1 1 1 1 1 1 1 1 1 1 1 1 1 1 1 1 1 1 1 1 1 1 1 1 1 1 1 1
276 1000000000
1000000000 1000000000 1000000000 1000000000 1000000000 1000000000 1000000000 1000000000 1000000000 1000000000 1000000000 1000000000 1000000000 1000000000 1000000000 1000000000 1000000000 1000000000 1000000000 1000000000 1000000000 1000000000 1000000000 1000000000 1000000000 1000000000 1000000000 1000000000 1000000000 1000000000 1000000000 1000000000 1000000000 1000000000 1000000000 1000000000 1000000000 1000000000 1000000000 1000000000 1000000000 1000000000 1000000000 1000000000 1000000000 1000000000 1000000000 1000000000 1000000000 1000000000 1000000000 1000000000 1000000000 1000000000 1000000000 1000000000 1000000000 1000000000 1000000000 1000000000 1000000000 1000000000 1000000000 1000000000 1000000000 1000000000 1000000000 1000000000 1000000000 1000000000 1000000000 1000000000 1000000000 1000000000 1000000000 1000000000 1000000000 1000000000 1000000000 1000000000 1000000000 1000000000 1000000000 1000000000 1000000000 1000000000 1000000000 1000000000 1000000000 1000000000 1000000000 1000000000 1000000000 1000000000 1000000000 1000000000 1000000000 1000000000 1000000000 1000000000 1000000000 1000000000 1000000000 1000000000 1000000000 1000000000 1000000000 1000000000 1000000000 1000000000 1000000000 1000000000 1000000000 1000000000 1000000000 1000000000 1000000000 1000000000 1000000000 1000000000 1000000000 1000000000 1000000000 1000000000 1000000000 1000000000 1000000000 1000000000 1000000000 1000000000 1000000000 1000000000 1000000000 1000000000 1000000000 1000000000 1000000000 1000000000 1000000000 1000000000 1000000000 1000000000 1000000000 1000000000 1000000000 1000000000 1000000000 1000000000 1000000000 1000000000 1000000000 1000000000 1000000000 1000000000 1000000000 1000000000 1000000000 1000000000 1000000000 1000000000 1000000000 1000000000 1000000000 1000000000 1000000000 1000000000 1000000000 1000000000 1000000000 1000000000 1000000000 1000000000 1000000000 1000000000 1000000000 1000000000 1000000000 1000000000 1000000000 1000000000 1000000000 1000000000 1000000000 1000000000 1000000000 1000000000 1000000000 1000000000 1000000000 1000000000 1000000000 1000000000 1000000000 1000000000 1000000000 1000000000 1000000000 1000000000 1000000000 1000000000 1000000000 1000000000 1000000000 1000000000 1000000000 1000000000 1000000000 1000000000 1000000000 1000000000 1000000000 1000000000 1000000000 1000000000 1000000000 1000000000 1000000000 1000000000 1000000000 1000000000 1000000000 1000000000 1000000000 1000000000 1000000000 1000000000 1000000000 1000000000 1000000000 1000000000 1000000000 1000000000 1000000000 1000000000 1000000000 1000000000 1000000000 1000000000 1000000000 1000000000 1000000000 1000000000 1000000000 1000000000 1000000000 1000000000 1000000000 1000000000 1000000000 1000000000 1000000000 1000000000 1000000000 1000000000 1000000000 1000000000 1000000000 1000000000 1000000000 1000000000 1000000000 1000000000 1000000000 1000000000 1000000000 1000000000 1000000000 1000000000 1000000000 1000000000 1000000000 1000000000 1000000000 1000000000 1000000000 1000000000
278 90
99373 99168 98731 98124 98045 96528 96395 96165 96114 96052 95128 95080 93790 93588 93558 92575 92543 91920 91831 91231 90548 90408 90316 89013 88859 88720 88548 88525 88303 87542 87443 87212 85959 85940 85846 85476 84660 83632 83356 83224 83165 82904 82645 82611 81164 80935 80896 80508 79882 78907 78740 78737 78414 78376 78216 77743 77260 76888 76503 76443 76384 74856 74767 74340 74109 73964 73526 73432 71532 71234 70931 69632 69491 69450 67907 67097 67089 66927 66805 66330 66267 66045 65930 65100 64844 64805 64798 64792 64049 63351 62907 62612 62161 62027 61793 61297 61065 60468 59725 59664 58932 58376 58372 56971 56965 56863 56754 56729 56599 56305 56060 55953 55111 54938 54933 54863 54746 54621 54508 54190 54149 53950 53777 53496 52740 52419 52071 51901 51089 50835 50637 50632 50571 50489 50398 50345 50317 50266 48734 48610 47292 46986 45944 45926 45576 45023 44970 44946 44762 44695 44405 43981 43540 43298 43131 42740 42486 42450 42316 41429 41281 41024 40931 40470 39721 39535 39406 38294 38010 37752 37707 37328 37267 36067 35804 35469 35143 34239 34161 33566 32667 32660 31971 31316 31099 30576 29383 29069 28789 28660 28460 28281 28269 28141 27697 27589 27444 27435 26921 26436 26359 26161 25788 25603 25584 25334 24746 24070 23922 23809 23774 23749 23715 23431 22042 21171 20870 20652 20551 20003 19809 19737 19399 18957 18761 18593 18000 17884 17590 17041 17016 16320 16035 15996 15889 15089 14809 14633 14276 13958 13903 13355 11361 11098 10628 10609 10409 9736 8885 8866 8737 8718 8096 7908 7540 7073 6765 6657 6028 5909 5590 4218 3933 3914 3544 3495 2923 2824 2319 874 852 728 660 305 170 167 166 42
149 1
9388807 3068097 448958 8404794 2316535 8255776 2499892 7484039 6578820 5030115 6072428 9898018 6254459 356932 5303213 4515734 8397584 8876406 4853002 2560770 9648104 3537815 9992746 5740709 9677982 1042840 1077182 3187788 9974557 4073544 4442906 954541 4741721 1162887 814096 1995304 3688004 1215261 7609804 6458808 5928085 8832814 2194474 7439366 6873419 8457473 38593 9667989 150534 8434751 3131838 1682401 320629 2961977 542858 8392698 6353581 6470904 9804696 2339362 5442333 3647289 1196442 2841733 1352528 552040 5246224 8695021 1380400 7110171 7362149 684724 5759344 1146536 8039223 871621 7284574 727893 8936302 412864 7366716 682022 5240894 7360995 2725482 2817888 4088623 6907341 6015107 684735 6363103 5622208 4644207 625864 8186890 6316007 5903354 2657053 9488529 6446269 5638653 5790898 3820464 1896306 8307171 4642856 5335556 84512 8825817 5384255 341365 4664844 2231752 3830593 4287209 4359961 6736379 6795436 6038018 1130042 5474156 6150741 9263030 7590950 1122671 1799483 4430010 6599019 7686556 8250615 672981 9400410 2977033 2019264 9454452 2582613 3334423 4706510 3972151 7357481 6399014 8173178 4267698 6292353 5091124 8490573 8688986 9981716 6057514
159 7146663
66 979 2188 2718 2765 3285 3468 4505 4631 4904 5464 5537 7219 8165 8417 8449 8776 9132 10828 11541 11760 12486 12738 12901 13371 13527 14473 14731 15436 15745 16228 16673 17847 18305 18718 19565 19601 19676 19896 22048 22934 22959 23967 24756 25335 25465 25562 25671 26247 26529 26589 28078 28378 28671 29003 29332 30572 31143 31595 32513 33136 33957 34371 34739 35573 36427 36996 37282 37878 38038 39663 40381 40701 40952 42166 42542 43519 43630 43689 43977 44125 45017 46087 46883 47162 47468 47896 48224 48243 48466 48955 49763 51290 52220 52224 52344 52405 52942 53039 53823 56149 56843 57292 57561 58511 59428 60067 60109 60516 62769 62937 62963 64087 64655 64811 65001 66100 67456 67776 67942 68113 68632 69759 69948 70621 70842 71104 72869 74114 74194 74372 74506 74649 76146 77340 78182 78393 78422 79115 79163 79210 79688 80555 81191 83852 83875 83954 86528 88581 90045 90310 91718 92093 94027 94683 95054 95381 96263 97647
142 38
8812966 516930 7667111 230842 3519426 7219490 9979901 1289308 7446278 2637130 8240458 2158565 9874798 9382235 7807873 6799627 3619278 6616797 3435348 3373401 5999781 3737478 1744599 8840479 7179619 8176219 444810 3140433 5913585 9696452 3315986 171538 8122645 1200593 8951476 9700251 9589761 4179862 4463736 7296463 3331574 39305 8292941 8347294 7834133 1655693 629129 2719180 7842435 5876310 2851434 3456446 9913620 5096554 4634183 6853015 8421956 4422740 8441579 2639150 7956536 2559145 1240868 2673812 7449870 8180989 7610835 2382531 9279660 5412382 9991025 8314497 192182 5597825 3446351 7359160 39475 4601803 596670 1819928 9957128 548019 7574271 1721423 5371705 5934286 3085527 6570985 4003446 7451065 9806824 3545757 1303973 4687065 9692672 9197204 4434165 4395611 8140187 4391879 8547394 3065958 2622166 7140395 5357845 3068783 8535910 2238365 5477710 3777903 5724168 1104437 1656697 8661298 9767457 809806 2977606 5273950 608825 335199 8947355 6505949 2060319 2429649 5632310 397530 1395424 7787700 5545406 2629950 5670766 2367741 3276497 3475230 773691 7974735 2190733 2556434 6596552 5658042 7575390 9110571
66 1
882 882 3488 5555 4744 882 5555 4744 882 443 882 443 3488 5555 443 4744 3488 4744 4744 1492 4744 882 882 882 1492 5555 882 3488 5555 1492 882 4744 4744 5555 1492 882 882 1492 1492 443 1492 5555 5555 1492 4744 3488 1492 3488 1492 443 5555 5555 1492 1492 3488 3488 3488 4744 882 1492 4744 4744 5555 1492 1492 3488
68 3284691
99165 98996 98559 97884 95665 90759 90663 87162 86699 86005 84546 82507 82220 75738 75253 74359 73929 70335 65833 65283 64541 62495 60746 60158 59682 59634 57587 56590 56054 53669 51956 47371 47217 46557 46408 44485 44306 44118 43242 43186 42796 42425 41679 39170 37731 37393 37090 36215 36095 33824 33531 30767 30211 28988 28908 28760 27113 22472 21154 21026 16898 14664 14258 12430 9293 5496 4168 2273
323 96225060
84109 353436 690435 82962 690822 387663 688261 450728 550379 540631 472563 574431 365960 744052 783444 949009 106630 77214 390266 915360 752158 151230 581862 718435 674466 551755 3043 612361 424651 583398 478242 44623 876647 919563 252374 595817 723982 162445 411970 11025 82012 305845 984763 544541 132695 375836 869520 544739 952727 990650 925477 128688 297766 978171 823581 342339 163815 122652 540138 177190 21266 991334 721493 157961 981797 274313 586657 773506 46936 191084 620262 765514 118061 570271 455895 161650 77596 50008 250328 354637 758050 658822 701654 401641 74595 342731 26129 310947 857744 366076 79552 562005 530455 249583 949486 860801 868960 42886 331183 469510 125221 527687 282254 314870 421325 288565 719785 746076 658517 891037 973247 306864 338181 53325 63682 452590 108113 762329 762718 316896 408215 273058 367528 94780 868913 829825 730871 874234 641847 503759 552645 622019 613093 344923 565057 814565 617726 263130 868858 987036 386458 577036 722643 324585 888923 789211 708895 706700 300515 274926 274766 872027 2126 268423 376470 837745 90943 47734 62401 997780 963859 776998 829804 962804 315039 359915 13938 665359 319928 898614 244781 978630 535755 95600 928014 102141 790894 263309 815970 160764 662135 519010 137429 532948 149155 753230 408028 61281 448653 688079 224980 447679 262171 326370 589784 490876 20945 904160 216909 220461 624279 759393 613241 585788 687840 202051 559626 180508 166654 116574 754310 694544 41484 879966 423201 260864 750178 582376 746092 655974 247322 649519 209929 571289 784651 436118 285592 438749 262993 509396 315506 647849 899901 921166 248999 630706 979541 152457 146208 950592 327723 918856 736293 842752 450544 569214 374102 636293 40236 456418 345958 315992 159018 716658 916803 912935 893195 852969 191293 683696 319718 558387 13940 343757 786875 953471 232714 698417 354416 843119 672914 899404 871190 93576 607567 879287 800675 369690 849677 672919 490472 637436 304340 517443 915485 541407 525810 806544 839624 267871 583658 507563 255912 806882 844693 801550 44562 978674 566425 455157 291558 416371 378238 559954 393592 272391 596719 495445 305939 887928 30129 62907 212081 574831 172597 670134 114076 558825 34243 779861 425003 715890 979452
