22
17 1
97559 86033 84888 84694 81771 80933 79941 77821 74971 74717 72826 64732 50794 45185 27114 17739 7515
51 198431
9179 2513 3898 3898 3805 3898 3898 3898 3805 9179 9179 9179 3213 9179 9179 3213 3213 2513 3898 3898 9179 3213 3213 2513 3213 9179 2513 9179 3898 2513 9179 3805 2513 3213 3898 3898 9179 3898 3213 3898 3805 3898 3898 3805 3898 3898 2513 9179 2513 2513 9179
4 10166682
5000000 5166682 91111 308714
64 20878642
8511617 8615196 3233082 7596453 5804737 8562276 7471270 4587113 3157066 2850162 7349661 9077506 4170565 6894200 8648588 1948865 2790812 4463494 5152038 9429749 5934201 4439706 251516 6883477 6169882 4225057 2942695 6313422 8544435 9562749 8435965 9698370 1138264 9639016 6236132 7011105 9214117 8622902 1948387 5655538 6706978 3708658 274233 2431123 4131678 1666258 8789592 9316857 3203875 4298486 6907079 6111051 1971874 7813670 5452109 6313452 8486484 9732260 6632116 9272832 637076 159906 8884400 1857996
61 10973127
481672 34023 286995 164682 491290 8718 199891 257595 349652 469264 472998 183896 314323 113979 18305 87881 423109 291814 135284 493387 375672 209550 167364 392732 456735 144744 61311 107194 300443 21470 322466 5000000 235960 103811 63282 170253 227042 115120 381377 72970 304031 96151 317022 449686 353461 337036 323847 182285 224388 71183 81078 5973127 347739 417421 86927 111185 188092 335955 230770 308692 367736
210 200
1 1 1 1 1 1 1 1 1 1 1 1 1 1 1 1 1 1 1 1 1 1 1 1 1 1 1 1 1 1 1 1 1 1 1 1 1 1 1 1 1 1 1 1 1 1 1 1 1 1 1 1 1 1 1 1 1 1 1 1 1 1 1 1 1 1 1 1 1 1 1 1 1 1 1 1 1 1 1 1 1 1 1 1 1 1 1 1 1 1 1 1 1 1 1 1 1 1 1 1 1 1 1 1 1 1 1 1 1 1 1 1 1 1 1 1 1 1 1 1 1 1 1 1 1 1 1 1 1 1 1 1 1 1 1 1 1 1 1 1 1 1 1 1 1 1 1 1 1 1 1 1 1 1 1 1 1 1 1 1 1 1 1 1 1 1 1 1 1 1 1 1 1 1 1 1 1 1 1 1 1 1 1 1 1 1 1 1 1 1 1 1 1 1 1 1 1 1 1 1 1 1 1 1 1 1 1 1 1 1
26 15646010
365313 442739 93554 226021 432251 378972 168754 462251 489742 217274 51551 166327 71094 5000000 414123 434374 93217 484386 282386 191374 58843 460224 152762 5404121 39364 415726
26 186184
96321 89863 89801 87848 78258 78116 67207 65866 65576 63301 63038 58404 57939 57871 57809 53319 48005 45423 38672 34750 24511 11705 5542 3919 2378 187
2 11396542
5621796 4821421
16 1
1 1 1 1 1 1 1 1 1 1 1 1 1 1 1 1
19 13341869
91708 5000000 430465 59050 290004 63343 245315 447714 392793 102844 36963 471529 431303 390330 5549040 1141 125261 92042 420254
8 1
92562 59439 42786 40780 30919 15541 6841 4006
5 36
933 933 933 933 933
9 8760
993 993 993 993 993 993 993 993 993
10 11029192
5542068 430094 664 229493 137865 133032 5000000 42434 375275 34436
3 1588
1588 1588 1588
6 1
25652 31906 36922 64926 70500 73606
1 10989
93077
3 762
381 381 381
3 116511
81093 32166 9953
3 779
275 275 275
17 2331623
838030 992701 371 247672 719307 188598 691786 279957 197042 128192 78942 66791 723880 827888 433357 374778 767844
