553 1530
3 208 183
1 26 143
3 300 383
2 511 110
3 433 292
1 92 500
2 511 183
1 283 538
3 540 211
2 250 340
2 199 392
1 540 374
3 335 266
1 54 149
3 135 95
2 82 292
3 143 111
2 136 203
3 157 264
2 320 254
2 514 108
3 418 7
2 30 89
3 210 519
3 319 396
2 476 263
3 475 427
2 72 458
2 115 60
1 125 520
1 523 456
2 460 215
2 416 216
1 104 44
2 550 543
3 474 150
2 357 246
3 61 215
2 83 185
1 45 456
1 279 366
3 91 2
3 396 196
3 56 316
1 359 125
2 117 111
3 397 77
3 445 52
1 330 491
2 65 372
2 66 291
1 6 402
2 258 364
1 10 155
3 150 397
2 402 21
1 233 161
3 460 92
3 288 440
2 417 327
2 285 298
3 201 368
2 157 44
3 113 112
2 12 437
1 479 465
1 75 340
1 364 54
3 542 356
1 391 201
2 253 415
1 469 299
2 199 37
3 52 424
2 167 96
3 4 405
1 375 128
2 187 84
3 153 242
1 45 475
2 311 480
3 481 12
1 275 488
2 183 92
3 149 507
2 422 289
1 145 30
1 329 345
2 191 69
1 531 110
2 89 544
3 352 490
3 263 470
2 493 64
1 172 315
3 274 533
2 55 320
2 284 546
1 538 529
1 105 355
3 236 543
1 177 30
1 114 330
3 374 433
2 113 153
3 65 433
3 190 247
2 389 478
3 536 130
2 233 247
3 22 269
1 310 181
2 118 74
1 273 225
2 484 516
1 522 141
2 288 421
2 118 497
2 270 221
1 411 503
2 28 106
2 507 109
3 335 410
3 534 476
3 194 134
3 387 507
1 409 340
2 347 29
2 507 270
3 521 335
2 300 410
1 443 56
2 434 424
2 501 201
1 525 119
2 185 121
2 158 181
1 138 245
2 291 406
1 535 310
3 57 352
3 462 399
1 398 387
1 25 214
1 250 30
2 538 66
2 6 172
1 496 530
2 339 59
1 133 318
2 377 39
1 52 236
3 161 549
3 542 480
1 537 427
1 527 365
2 297 422
1 551 401
3 201 223
1 155 335
1 544 90
3 130 94
3 229 51
1 204 23
3 201 432
1 324 213
2 261 19
1 238 192
2 27 22
3 183 404
3 231 331
2 51 295
3 465 504
3 226 353
2 13 537
2 101 505
1 147 172
3 462 98
3 102 304
2 526 416
3 61 4
3 247 382
1 168 1
1 152 540
1 463 433
1 248 409
3 58 375
1 33 157
1 97 394
3 547 240
1 389 478
2 100 470
1 408 23
2 84 195
3 242 36
2 266 149
3 454 419
1 522 335
2 244 158
3 319 187
2 325 67
3 304 165
1 11 18
1 337 522
1 358 268
3 526 19
3 414 534
1 517 26
1 22 52
3 196 103
3 286 6
1 115 466
1 149 530
1 461 88
1 288 318
1 207 221
3 342 78
1 51 113
3 231 444
1 452 292
1 307 234
1 44 293
1 297 256
3 505 14
2 47 535
1 328 273
2 118 190
2 9 391
1 216 191
3 172 225
2 192 404
1 508 218
3 63 304
3 41 400
2 168 513
3 37 463
1 538 295
2 265 84
1 171 130
3 311 536
3 313 78
3 261 160
1 49 552
3 150 533
2 343 99
3 129 329
3 402 53
3 198 335
1 219 19
2 481 127
1 362 261
3 115 501
3 471 210
3 10 456
1 186 76
2 376 486
1 264 155
1 521 91
1 99 516
1 524 489
1 228 432
3 409 472
2 388 432
2 174 260
2 34 127
2 71 184
3 14 380
2 134 526
2 477 295
2 318 493
2 27 167
3 451 381
1 436 413
2 270 367
2 167 174
1 170 77
3 342 131
1 227 113
2 235 475
3 153 299
2 472 321
3 290 98
3 277 506
1 155 289
1 537 308
2 88 356
1 379 446
1 170 344
3 276 40
3 292 181
2 423 177
3 441 308
2 162 398
2 35 27
2 422 75
2 137 380
3 223 344
3 196 114
1 136 114
3 162 342
1 266 182
1 155 88
3 282 423
2 388 298
2 415 303
2 43 276
3 245 474
3 342 101
2 183 275
1 500 139
1 515 98
3 121 385
1 519 339
1 219 383
1 259 32
2 146 129
1 235 173
3 490 302
1 334 313
1 15 451
2 317 341
3 543 470
2 73 338
1 207 88
1 158 200
3 348 502
3 348 50
1 437 382
1 265 461
2 159 316
2 479 255
3 302 287
1 353 76
2 492 33
3 45 350
1 25 332
2 208 125
2 366 368
2 517 333
1 165 39
2 266 412
1 274 61
3 488 52
1 283 22
1 59 255
1 524 335
2 339 405
2 520 176
1 416 477
2 310 194
3 239 428
3 134 242
1 509 55
2 116 99
1 415 308
2 499 452
2 510 179
3 235 278
2 71 439
2 145 547
1 525 121
2 195 413
3 539 340
2 523 38
3 453 548
2 70 255
2 88 125
2 426 41
3 287 423
1 326 472
1 384 417
3 85 135
3 322 409
2 413 432
2 74 328
3 223 420
2 187 426
3 459 529
1 488 18
2 414 122
1 99 486
2 522 120
3 124 75
3 258 255
1 24 502
3 344 15
1 19 444
2 99 136
2 364 278
1 288 368
1 220 2
1 358 58
2 144 377
1 431 544
1 291 145
3 369 419
2 489 174
2 458 50
1 156 531
1 365 2
3 542 330
1 191 546
3 209 397
1 144 37
2 70 81
3 319 460
3 478 15
3 182 418
2 430 120
1 283 455
3 196 32
1 501 459
3 505 173
3 78 212
1 442 325
3 108 230
1 485 311
2 48 404
2 270 305
3 391 397
1 416 477
2 421 126
2 118 27
2 308 337
3 55 387
2 288 377
1 494 224
2 541 552
2 263 539
2 363 518
2 424 547
1 483 23
3 107 110
2 139 493
3 403 34
2 70 335
1 487 58
3 78 536
2 307 259
3 41 248
2 379 401
2 377 319
2 263 204
3 526 33
3 397 417
2 362 541
3 5 366
1 97 288
3 354 429
1 100 80
2 431 443
2 46 324
2 520 199
2 244 541
3 211 242
2 319 171
3 258 445
2 253 168
1 355 115
3 397 173
3 164 37
1 359 22
2 3 333
1 45 342
2 183 207
2 25 157
3 498 189
1 452 414
1 548 313
1 236 527
3 172 106
3 123 455
2 476 431
1 458 546
1 167 180
2 97 254
1 131 37
3 17 345
2 95 191
3 132 536
1 128 212
2 26 328
3 150 120
3 465 2
1 10 324
1 384 138
1 109 414
1 529 236
1 374 268
1 109 414
1 109 164
2 1 141
1 381 527
1 38 181
1 481 12
1 69 215
3 415 12
3 276 270
3 42 365
3 77 353
2 232 492
2 146 283
1 200 308
2 347 343
1 339 93
1 279 97
1 189 258
2 340 550
2 518 178
1 509 150
3 276 514
3 401 472
3 315 13
1 361 246
1 230 290
1 287 345
3 402 542
2 170 540
2 155 112
3 494 122
3 344 343
1 216 331
3 485 382
1 310 438
3 259 368
1 534 27
3 64 409
3 295 481
1 73 131
2 369 274
3 139 166
3 365 200
2 206 455
1 463 1
2 207 147
3 295 392
1 311 509
3 11 401
1 151 267
2 284 96
3 261 198
2 337 365
2 270 86
1 248 525
2 21 300
2 215 229
2 371 291
3 155 299
1 74 206
3 186 520
1 550 411
2 94 373
3 111 263
3 501 77
3 112 177
2 356 249
2 391 202
3 132 162
2 48 178
2 20 508
1 74 169
3 61 338
2 436 313
3 205 473
2 131 415
1 239 305
3 171 107
2 463 87
1 403 170
1 350 425
3 305 66
1 26 463
1 491 7
1 471 184
1 193 503
3 165 510
2 289 516
1 437 148
3 377 456
3 59 487
2 517 441
3 184 112
1 226 360
2 209 265
3 18 174
1 60 17
2 235 294
2 111 343
1 146 430
3 12 33
2 31 287
3 457 145
3 32 161
2 13 544
1 90 245
1 38 379
2 74 303
2 228 426
3 358 528
1 171 151
2 505 33
2 238 517
3 486 370
2 158 445
1 187 276
1 379 222
1 25 274
1 288 77
1 250 292
1 37 50
3 419 164
1 384 10
3 436 505
1 93 65
1 373 7
3 83 217
2 375 292
2 117 258
3 459 469
2 76 550
3 86 339
1 317 162
3 517 425
1 515 498
2 96 389
3 109 446
1 110 272
2 51 54
1 46 460
1 28 34
1 19 63
1 325 334
3 237 179
2 319 479
2 179 234
1 450 420
1 305 59
3 413 111
3 527 431
3 350 344
2 266 26
2 460 204
3 461 431
2 291 209
3 198 334
3 230 515
3 500 36
2 251 462
2 342 84
3 291 382
3 483 226
1 59 31
3 252 115
3 312 269
3 341 169
2 485 290
3 170 34
1 303 104
3 178 225
1 210 460
2 201 35
3 403 273
1 456 548
1 275 134
3 505 531
3 264 549
3 78 127
2 507 375
3 547 511
2 147 6
1 508 98
1 291 304
3 134 361
2 402 146
1 479 254
1 514 315
2 189 514
3 288 194
1 138 128
2 192 498
3 116 352
3 166 548
3 272 87
1 271 131
3 401 358
2 364 409
1 431 498
1 51 269
1 417 446
1 123 186
3 221 268
1 411 519
2 513 279
3 324 89
2 540 405
2 151 15
2 387 100
3 551 132
3 324 523
3 421 351
1 371 77
1 303 99
3 38 423
3 199 521
3 122 367
2 208 274
3 526 80
2 123 545
2 177 94
1 336 354
2 540 243
3 48 217
2 108 170
2 281 44
1 519 518
3 115 134
2 12 82
3 169 43
2 87 135
3 370 99
1 209 440
1 381 213
2 304 222
3 296 163
3 255 543
3 466 316
3 128 182
3 533 15
3 507 45
2 249 426
3 136 455
1 53 225
3 342 423
1 519 408
3 261 162
3 546 510
3 426 51
1 58 128
2 117 22
2 296 100
2 549 44
2 48 485
3 392 216
2 515 170
2 208 103
2 547 316
3 433 151
1 136 198
1 286 2
1 314 275
3 134 504
1 292 128
1 306 79
1 254 286
3 105 166
2 338 434
3 280 461
1 431 155
1 268 89
3 286 200
2 524 430
1 298 45
1 328 111
1 543 382
3 297 397
2 393 3
1 333 502
2 523 479
3 318 251
2 155 234
3 144 356
3 55 377
2 68 375
2 246 200
1 431 217
2 478 500
3 293 112
2 71 219
1 351 311
3 365 214
1 496 84
1 423 430
1 539 468
2 75 365
1 472 535
3 454 198
2 543 74
3 493 444
1 136 147
3 487 397
2 443 292
3 249 258
3 404 19
3 194 182
2 407 489
1 177 349
1 86 369
2 222 13
3 539 17
2 501 292
1 412 148
1 530 522
3 316 318
3 483 539
2 40 189
1 328 453
1 200 39
2 498 355
2 338 515
2 122 406
3 406 342
3 17 260
1 362 115
2 358 451
1 186 403
2 355 93
1 388 157
2 327 410
2 535 332
3 262 423
1 126 306
3 450 18
2 266 337
1 384 392
1 373 37
3 517 344
1 150 272
3 269 154
2 486 327
3 132 264
3 172 354
3 486 491
2 331 324
1 509 230
3 110 364
3 395 232
1 417 109
1 544 305
2 546 324
2 499 549
3 40 306
2 99 45
3 188 58
2 436 68
3 235 342
3 452 195
2 96 323
1 494 388
3 18 377
3 380 513
1 380 445
2 172 105
2 409 92
1 196 172
2 439 106
2 134 69
1 152 325
3 313 505
3 10 449
3 439 271
1 315 150
1 167 409
2 97 388
1 506 119
3 507 101
1 170 86
3 220 76
3 508 112
2 517 92
3 490 393
2 25 519
1 46 204
1 317 459
2 150 252
3 147 501
2 164 522
2 381 447
2 540 43
2 183 294
3 475 116
2 376 148
1 145 358
1 358 542
1 233 518
3 95 217
1 25 203
2 291 109
1 413 436
1 271 533
2 234 167
1 66 136
3 440 227
3 173 314
1 138 402
2 130 391
3 443 526
3 549 26
3 165 472
2 282 501
3 261 359
2 351 264
1 543 63
2 198 493
3 336 41
2 54 40
2 15 74
1 334 338
1 110 50
2 279 437
3 532 143
2 19 54
2 247 17
1 516 552
2 476 216
1 123 468
3 383 239
1 285 517
1 335 385
1 411 532
2 48 165
2 472 83
1 253 413
1 36 443
3 57 79
2 492 73
3 485 23
3 515 187
3 335 261
1 29 321
3 446 306
3 295 425
3 86 122
3 12 432
3 347 320
3 6 330
1 434 126
1 102 538
3 146 313
3 173 349
2 232 489
2 315 294
1 552 36
2 458 193
3 516 182
3 231 507
3 20 98
2 329 208
1 547 451
3 65 253
1 363 31
1 102 423
3 546 442
2 310 58
3 110 332
3 474 504
3 286 306
3 259 254
1 502 447
3 37 236
3 516 392
3 219 323
3 219 318
1 365 354
1 231 89
2 418 362
2 128 280
1 157 370
1 187 421
2 375 224
1 494 194
3 127 225
2 41 25
1 540 50
3 107 228
1 250 62
2 364 514
3 32 95
1 328 314
1 220 224
2 63 73
1 410 254
3 155 2
1 349 363
2 344 536
1 20 90
3 76 208
1 296 323
3 346 444
2 382 193
2 73 243
3 151 311
3 425 441
1 264 455
1 394 245
1 75 377
1 553 392
2 134 301
3 249 490
1 514 504
3 86 190
2 303 91
1 113 180
1 178 407
2 61 308
3 103 418
3 194 330
2 258 26
3 81 227
1 356 262
3 39 285
2 274 219
1 551 122
2 97 158
3 432 403
1 362 453
1 154 31
3 259 262
2 501 149
1 503 415
3 220 318
2 14 235
1 519 509
2 335 413
1 364 489
1 131 252
1 356 325
1 329 45
1 134 500
3 15 82
3 340 409
3 214 401
1 402 7
3 223 439
2 290 462
1 549 443
3 396 546
3 108 114
3 175 18
3 28 315
2 396 367
3 388 198
2 116 551
1 291 309
2 291 37
1 18 242
1 129 245
3 314 187
2 499 338
2 156 249
3 199 65
2 517 123
3 290 35
3 150 238
2 268 363
2 323 310
1 465 319
1 1 302
3 533 300
3 497 65
3 404 291
3 37 464
2 123 284
1 213 310
1 501 473
3 78 496
1 188 469
1 395 506
2 382 469
2 452 247
1 485 322
2 548 167
2 6 109
1 507 256
2 393 30
2 261 220
2 252 358
2 81 358
3 194 208
2 422 307
1 467 52
3 112 30
3 135 127
2 20 230
2 150 151
1 434 109
1 135 187
1 470 23
1 133 176
1 469 260
1 145 452
3 336 270
3 508 150
1 240 483
1 42 510
3 227 184
1 441 549
3 385 124
1 219 102
1 84 340
1 243 224
2 532 130
3 287 242
2 429 96
3 334 43
2 28 265
2 480 379
1 362 372
2 466 71
1 81 312
1 498 165
2 153 493
2 292 258
1 222 525
3 347 291
2 398 376
2 298 8
1 230 290
3 479 217
1 227 334
2 510 429
1 166 371
2 22 517
3 270 67
3 45 440
1 442 508
1 170 296
3 478 457
1 123 490
1 210 194
3 178 111
1 186 45
1 538 47
2 361 28
2 352 27
2 24 540
3 387 522
3 45 278
2 529 129
1 293 344
3 224 279
1 406 427
2 522 348
3 543 91
3 385 137
2 535 466
2 164 496
1 167 260
2 458 294
3 358 409
1 234 2
3 257 484
3 532 345
2 33 291
3 514 122
3 39 179
1 186 313
2 367 515
1 118 120
1 79 184
1 420 198
1 125 348
2 476 361
2 427 401
1 287 481
2 375 239
2 482 525
3 425 479
2 331 389
3 92 474
2 236 279
1 317 275
2 346 150
1 170 246
3 455 340
1 481 195
1 8 206
1 477 341
1 298 6
2 341 303
1 383 402
1 164 448
2 505 310
3 8 79
3 418 370
1 357 145
1 541 524
1 196 139
2 355 433
3 77 125
2 273 458
2 467 144
3 177 32
2 330 540
1 126 258
2 216 377
2 171 489
1 357 237
1 275 206
2 226 462
2 92 89
1 198 394
2 338 271
2 406 210
2 25 546
2 60 177
1 362 147
2 265 45
1 453 97
3 542 249
2 506 8
1 215 160
1 163 174
1 44 493
3 206 23
1 462 218
2 483 134
2 249 96
3 280 332
2 247 530
2 349 161
1 247 458
3 238 224
3 4 33
3 402 252
2 318 431
3 549 317
2 450 132
2 437 308
2 489 387
1 209 374
2 146 483
2 247 166
2 396 380
3 543 129
1 338 132
1 106 348
1 326 422
1 280 47
1 363 496
2 496 21
2 131 234
3 210 223
1 91 330
1 220 75
3 68 233
2 538 49
3 446 508
1 465 157
1 456 41
2 549 202
3 130 248
3 331 517
1 394 311
2 305 3
2 329 356
3 340 505
2 46 133
1 401 443
1 264 240
1 252 80
1 336 210
3 390 374
2 299 99
3 523 532
1 368 324
3 169 550
1 167 299
2 371 30
3 397 426
1 33 317
1 478 51
3 111 240
1 415 414
1 14 449
3 113 81
3 149 299
2 323 105
2 259 486
1 551 331
1 56 344
1 103 57
1 528 217
2 251 321
2 83 524
1 148 259
1 177 271
2 69 270
2 126 92
1 102 539
1 306 302
1 144 445
2 77 395
3 160 288
1 312 278
3 296 27
1 350 179
1 248 459
1 149 433
3 183 332
3 513 180
1 510 159
1 411 326
3 39 183
1 358 81
1 381 506
2 342 253
1 130 76
1 143 212
3 259 367
1 395 284
2 117 173
1 87 486
1 157 246
3 186 121
1 522 272
1 199 272
3 387 16
2 413 234
1 487 444
2 380 326
1 433 261
1 522 383
2 92 289
2 29 141
3 28 187
2 324 201
2 71 95
1 215 108
3 245 544
1 120 90
1 100 548
1 277 60
1 218 523
1 81 553
2 133 356
1 151 341
3 231 148
3 300 350
2 425 496
1 39 466
1 473 538
3 512 245
2 458 506
2 424 110
2 90 472
2 87 511
1 92 36
3 445 343
2 339 266
3 408 63
2 313 326
2 372 49
2 507 493
3 199 197
3 122 83
3 54 58
2 346 369
2 110 412
3 466 340
3 429 460
3 311 128
2 387 179
1 515 413
2 545 551
1 3 492
3 272 268
1 148 309
1 533 110
2 28 231
2 338 213
3 401 454
1 480 325
2 173 314
1 502 430
3 15 187
2 227 94
3 348 216
2 528 106
1 529 130
3 420 384
3 136 143
2 163 495
2 501 15
3 58 151
2 251 378
2 310 440
3 110 213
2 513 105
1 153 393
2 316 342
1 98 72
3 325 348
3 173 548
3 109 420
3 261 164
3 275 403
1 194 39
2 119 209
3 113 354
2 116 363
2 305 236
1 84 124
3 355 527
1 204 477
1 246 138
2 279 410
1 310 479
1 446 39
1 44 250
2 374 376
3 401 48
1 386 5
2 524 396
3 134 519
3 42 526
2 257 179
3 443 525
1 30 85
1 458 553
3 449 548
1 39 428
3 37 537
3 292 36
1 499 63
3 387 146
1 439 138
2 391 41
1 220 251
1 541 521
3 44 66
3 378 194
1 28 152
2 431 472
2 77 463
3 2 461
2 417 441
2 83 76
2 290 275
2 220 474
2 86 118
2 105 202
1 228 351
3 187 74
3 292 111
1 219 540
3 283 169
2 284 315
3 257 167
2 189 13
3 258 119
2 92 299
1 377 396
1 457 72
1 180 449
2 536 314
3 542 340
2 386 513
2 87 503
3 392 308
3 314 388
2 222 483
2 209 503
2 410 210
1 201 55
1 156 471
1 362 289
1 219 221
1 317 514
3 40 455
2 344 467
1 510 286
3 121 246
2 3 231
1 184 122
3 172 81
2 546 426
1 391 136
3 455 40
1 391 483
2 368 393
2 526 250
2 317 154
3 58 6
2 2 351
3 470 358
2 393 251
1 57 385
1 29 349
3 50 172
3 340 490
3 8 251
3 534 339
2 247 312
3 382 408
2 9 426
2 194 1
1 353 114
2 461 264
1 377 275
3 447 178
1 20 145
3 273 67
1 38 175
3 2 1
3 272 178
3 331 166
3 461 174
1 493 261
3 373 72
2 137 129
3 98 388
3 418 129
1 211 58
3 112 355
1 511 15
1 149 541
1 325 220
2 258 96
3 531 300
2 246 312
2 97 437
1 193 273
3 129 345
1 46 126
3 336 273
3 279 504
3 160 115
2 450 90
3 68 244
2 195 512
