20 190
2 16 12
2 15 13
2 16 4
2 1 10
2 14 18
2 10 13
2 11 8
2 2 11
2 9 18
2 13 9
2 6 3
2 7 8
2 20 12
2 13 3
2 8 19
2 16 7
2 10 5
2 19 17
2 18 8
2 19 15
2 1 11
2 5 2
2 20 19
2 7 18
2 7 1
2 7 5
2 3 18
2 4 3
2 15 8
2 2 20
2 15 11
2 11 5
2 10 18
2 16 14
2 7 3
2 19 7
2 19 18
2 5 18
2 17 2
2 5 14
2 4 11
2 16 5
2 13 5
2 16 10
2 5 9
2 4 18
2 10 14
2 7 15
2 12 18
2 1 14
2 14 8
2 1 3
2 14 9
2 17 13
2 1 8
2 20 5
2 2 13
2 8 17
2 15 16
2 20 4
2 20 13
2 8 20
2 9 17
2 1 20
2 8 13
2 3 8
2 13 16
2 14 12
2 13 6
2 16 11
2 18 20
2 11 13
2 12 3
2 4 8
2 6 15
2 18 1
2 9 19
2 19 1
2 16 18
2 11 6
2 14 2
2 11 12
2 9 20
2 12 4
2 18 13
2 12 10
2 12 17
2 1 9
2 20 17
2 19 12
2 8 2
2 3 16
2 4 10
2 11 20
2 11 9
2 16 9
2 17 6
2 6 7
2 8 16
2 9 12
2 16 19
2 10 2
2 19 14
2 17 14
2 6 8
2 20 16
2 15 10
2 15 4
2 20 10
2 10 3
2 20 15
2 20 14
2 7 11
2 3 14
2 6 9
2 8 9
2 11 17
2 14 6
2 7 20
2 5 17
2 12 2
2 11 14
2 2 1
2 15 2
2 3 11
2 3 9
2 5 1
2 5 19
2 15 9
2 13 14
2 4 7
2 17 18
2 13 7
2 18 6
2 15 12
2 1 15
2 2 7
2 2 19
2 10 19
2 15 3
2 1 6
2 1 12
2 3 19
2 2 6
2 7 17
2 1 17
2 8 5
2 1 4
2 6 12
2 6 19
2 18 2
2 16 6
2 17 15
2 7 9
2 2 16
2 13 1
2 12 5
2 7 12
2 4 9
2 11 19
2 6 4
2 6 20
2 14 7
2 13 19
2 18 11
2 10 9
2 10 11
2 9 2
2 17 16
2 13 4
2 5 4
2 4 14
2 4 2
2 19 4
2 7 10
2 17 4
2 16 1
2 12 13
2 6 5
2 3 2
2 10 17
2 12 8
2 17 3
2 18 15
2 20 3
2 5 3
2 15 5
2 10 8
2 10 6
2 15 14
