50 80
2 8 32
3 41 27
2 44 18
1 45 6
3 28 7
2 29 5
3 37 20
2 48 12
2 48 17
3 35 31
2 7 40
1 23 8
1 29 10
3 48 12
2 1 19
3 1 15
3 31 13
2 18 16
1 38 10
2 2 9
2 45 32
3 36 35
1 45 34
3 36 25
3 42 9
2 8 33
1 8 49
1 37 1
2 5 48
1 15 13
2 35 27
1 41 46
1 50 10
2 19 24
2 32 7
3 34 30
3 19 13
1 45 6
3 43 5
1 34 47
3 10 34
1 26 10
1 25 32
3 17 19
3 9 19
3 32 34
3 12 46
2 7 24
2 2 34
3 47 12
3 41 16
1 8 44
2 19 34
2 7 19
3 20 47
3 50 4
2 35 48
1 14 47
2 1 35
3 32 18
1 5 32
1 5 8
1 33 38
2 3 37
1 13 25
3 37 35
3 46 50
3 6 5
2 37 29
1 6 4
2 34 33
3 49 50
3 41 3
2 19 9
1 23 47
3 11 17
3 28 13
1 21 42
1 32 43
2 45 17
