1460 4852
2 639 186
2 1029 998
2 1235 1112
2 1164 399
3 435 635
2 370 668
1 323 388
3 249 842
2 311 1328
3 735 856
2 1103 896
1 1209 1319
2 828 876
3 254 1151
2 727 663
1 315 1398
3 1437 1409
1 557 813
2 116 1191
2 1173 1244
3 335 1077
3 989 402
2 613 187
1 666 861
3 1400 32
1 260 927
3 888 785
3 431 322
3 1115 879
2 110 405
3 102 100
3 370 293
2 816 237
1 904 911
3 805 1042
1 770 1445
3 1400 839
2 395 867
1 272 202
2 46 893
2 534 649
1 596 1087
2 1188 34
3 917 89
2 1056 583
2 1344 284
2 804 583
3 141 847
1 1391 494
1 1045 61
1 614 189
1 133 212
1 970 940
1 270 1122
1 1291 1029
3 431 108
2 496 59
3 1226 1124
1 232 874
3 1108 371
2 117 1109
1 735 381
3 82 947
3 1273 643
3 655 1390
1 1133 716
2 1414 769
1 761 638
3 1319 1330
1 1063 528
1 779 3
3 275 356
1 723 202
2 857 682
1 975 1292
1 1171 1288
1 45 1348
3 1218 141
2 608 903
3 42 723
3 999 584
2 937 237
1 813 268
2 307 1240
2 1171 991
2 1344 1349
3 792 1016
1 92 1165
3 31 1291
2 510 731
2 568 147
3 1140 305
2 187 821
1 1045 1406
1 1314 940
2 989 1219
2 548 999
1 1301 1009
1 1134 941
1 92 249
1 540 1001
3 875 104
3 456 1098
1 121 305
1 41 1367
1 520 419
2 1198 15
2 685 198
3 260 1010
2 410 702
2 763 490
3 1314 1367
1 888 350
3 380 915
2 523 752
2 316 868
1 1388 178
3 1418 342
3 814 649
2 895 261
2 974 40
2 938 384
1 116 999
3 911 413
3 806 376
3 142 331
1 1089 872
2 755 81
1 1398 1284
3 425 803
1 976 1062
2 127 1165
2 542 1287
3 412 779
3 866 988
1 768 414
2 1391 1019
3 406 629
3 1250 1315
2 1395 816
1 1013 805
1 386 61
1 361 1424
3 880 712
3 398 1001
1 964 42
3 72 414
3 891 396
1 809 171
3 700 1268
3 1214 689
3 684 139
2 1181 620
2 907 804
3 964 88
3 1281 196
1 1097 536
2 800 427
1 724 250
3 1264 474
2 813 1019
1 28 904
3 26 175
1 492 612
1 986 994
1 1459 388
2 1268 723
2 1012 352
2 469 856
1 1195 677
1 887 1201
2 39 724
2 700 346
1 837 552
3 412 1011
1 482 94
2 1234 377
1 1379 1094
3 1455 399
3 1068 1323
1 1455 1369
3 1314 815
1 1112 453
1 1400 1121
2 491 1047
1 71 838
1 1031 111
2 678 834
1 533 1407
3 532 950
3 301 81
1 1413 1089
1 1359 1442
3 1299 557
1 1118 1322
3 790 417
3 722 96
1 506 567
1 290 922
2 219 633
2 352 1091
1 1160 324
2 5 91
3 124 869
3 1176 30
2 84 494
2 665 298
3 410 849
2 424 1325
3 1108 562
2 1256 579
1 362 178
3 319 234
2 1302 1236
3 26 126
2 970 352
3 498 1273
1 1134 476
1 47 31
2 537 624
1 290 1118
3 714 444
1 748 836
3 1292 17
3 342 1215
3 1340 528
1 993 951
1 543 753
2 1247 760
2 480 86
1 320 216
2 533 143
3 692 1209
3 541 668
3 1087 399
1 217 1102
1 763 1441
1 1264 135
2 707 989
1 321 364
3 878 43
1 855 603
2 297 138
1 1291 512
1 169 746
2 1177 914
2 1338 490
3 569 125
1 267 20
2 977 329
1 912 609
1 1226 1320
3 1050 1257
3 11 3
2 1450 1143
2 732 876
3 151 142
1 791 102
3 303 286
2 592 1138
1 1352 836
2 287 1349
3 1456 1133
3 704 122
1 1275 534
3 921 964
1 283 1190
3 1118 217
1 661 598
2 83 1164
3 1445 1205
3 873 241
1 1283 858
3 1190 1149
3 82 874
2 1341 534
1 1272 904
3 3 36
2 900 337
2 1180 734
1 1294 1326
2 1434 416
2 289 1366
2 1118 1305
2 88 1334
2 748 952
1 1163 457
2 875 448
3 151 989
2 9 1270
1 1368 844
2 1438 437
2 259 1365
3 1446 984
3 650 1173
3 1022 1252
1 925 1127
1 1343 1383
1 995 1144
3 1014 559
3 747 436
2 114 868
3 526 421
3 62 883
3 467 316
1 855 12
2 613 687
2 723 496
2 283 463
1 333 112
1 1287 520
3 322 623
3 1413 790
3 686 496
3 980 714
1 606 249
3 418 303
3 1216 640
2 833 1392
2 1230 314
2 249 594
2 689 1282
2 1453 482
2 1107 1051
2 1435 90
3 684 692
2 580 350
1 474 376
2 499 125
1 1443 93
1 1370 1117
1 469 36
3 243 1067
2 500 938
3 1240 1341
2 513 16
3 693 146
3 617 162
1 1296 1178
3 433 907
1 468 940
3 1337 1273
3 267 284
2 395 1427
1 540 325
3 1131 952
2 1322 158
2 498 226
1 775 1435
3 1392 204
2 1065 367
2 1076 1121
2 1259 1033
1 3 530
3 1243 1281
1 704 895
1 372 1296
3 371 782
2 464 59
2 333 991
1 697 1328
3 1225 894
3 865 178
3 394 1138
1 666 792
3 559 232
1 593 1048
3 1324 189
3 650 986
3 669 1149
1 1109 789
2 1262 1098
1 1243 273
2 916 938
2 576 1176
2 234 876
3 290 277
1 10 789
3 134 1335
2 430 682
3 805 1115
1 313 1001
2 1047 113
3 898 770
2 656 336
2 742 1270
1 1136 445
2 1369 719
1 1287 881
1 1246 879
2 425 1002
1 1252 922
2 1039 29
3 1185 1303
3 568 1216
3 836 931
2 987 499
2 772 329
3 301 704
3 1360 376
1 1435 457
1 198 1179
1 992 64
2 580 226
2 1352 39
2 548 95
3 953 1304
3 1035 27
1 510 1298
1 41 1392
1 90 940
1 1008 870
1 602 1181
2 177 774
2 872 570
1 1170 1223
2 1226 1054
3 583 461
3 117 193
1 1427 788
3 998 265
2 1070 7
3 628 49
1 1364 132
3 1162 1235
3 361 160
3 503 416
1 819 329
3 1109 1422
2 825 1145
2 782 1060
3 338 1442
3 888 293
1 817 505
2 674 986
3 462 39
2 1395 1276
3 523 1143
2 1424 627
2 365 1149
2 644 319
3 693 407
2 1216 1213
3 584 1158
1 1171 242
2 543 784
1 144 983
3 1360 1344
1 189 531
1 532 885
2 1384 1398
3 109 564
3 1192 901
1 626 215
3 1413 893
2 213 865
1 1283 548
3 1030 590
1 1238 63
3 450 11
3 768 596
2 118 1412
3 11 710
1 804 414
3 898 766
2 17 931
3 372 398
3 276 165
3 1387 1047
1 879 34
2 615 1241
1 434 1209
2 1186 719
3 391 998
3 1095 242
1 1053 1457
2 186 270
1 216 30
1 451 52
3 1367 406
2 1335 582
1 784 731
3 830 683
3 479 1376
1 203 96
2 446 17
1 630 880
2 346 1076
3 630 473
1 344 944
2 1007 1003
1 1324 126
2 991 460
2 673 787
2 702 237
1 738 369
2 1389 14
1 730 1019
2 1269 125
3 256 527
3 90 1353
3 879 893
3 16 805
2 385 953
1 1351 1148
2 1216 752
3 500 123
2 970 1366
1 1135 694
2 1069 1141
1 507 692
3 364 485
3 508 1169
3 475 968
2 961 1133
1 386 1320
3 42 1307
3 1278 90
3 669 948
1 923 193
3 202 102
2 1344 766
1 93 196
3 238 32
2 1063 1054
3 38 608
2 639 919
2 1051 398
3 503 790
2 1258 1321
1 1292 198
2 359 1188
3 1123 1168
2 1198 273
2 723 983
2 1408 669
3 1201 258
1 383 33
3 1125 97
1 156 1167
1 257 823
3 214 113
2 1 1112
2 66 69
1 1361 464
1 636 1148
2 1266 1025
3 480 784
3 707 517
1 502 682
3 966 826
3 331 307
2 697 1265
3 181 1166
1 1435 217
3 946 182
3 369 247
2 304 174
1 383 272
3 361 1360
3 535 1293
3 785 941
2 308 1233
2 997 389
1 1327 442
1 1432 149
1 500 842
3 54 480
2 1324 163
2 737 780
3 1159 1457
1 903 997
1 681 278
1 78 605
2 158 264
3 193 755
2 308 1393
2 827 935
1 774 1369
3 58 28
1 927 591
3 251 417
1 200 1197
3 1272 1395
2 487 11
2 712 297
3 424 626
3 486 692
2 903 1349
2 248 313
3 892 1209
3 1024 831
3 389 987
3 616 1308
3 1282 456
1 1175 642
3 554 1073
1 608 1209
1 679 583
3 495 11
2 1073 1078
2 82 548
1 439 775
2 683 1184
1 876 695
2 1139 1392
1 186 564
1 878 1238
3 339 1088
1 1160 686
3 247 598
3 45 281
2 343 463
3 390 145
2 1072 796
3 1284 670
3 1351 349
3 1295 22
3 260 411
3 322 176
2 44 817
2 983 736
3 393 103
2 770 352
1 1112 1189
1 1032 1445
3 1128 395
3 496 765
3 1428 988
3 607 1075
1 1400 462
2 674 218
2 62 1400
3 702 1128
3 296 498
2 673 1111
2 1067 481
2 1334 1133
2 976 1133
2 874 516
2 1262 125
2 941 336
2 1281 126
2 482 1134
1 1277 686
3 1225 241
3 627 1311
2 138 733
1 342 491
1 1176 386
2 456 1372
2 242 699
3 977 1454
3 468 1163
1 1183 277
3 1026 353
1 467 1384
2 22 898
2 84 749
1 1289 461
2 685 1110
3 291 637
2 1448 994
2 769 651
3 490 940
1 1398 477
1 281 1426
2 732 169
1 742 931
2 266 1193
1 471 1256
1 651 155
2 898 1330
2 1448 797
1 73 1442
1 370 745
3 36 214
3 1130 1299
1 427 1460
2 40 221
2 216 79
3 185 330
1 1062 228
2 891 458
2 566 1105
1 1199 638
2 1356 694
2 647 427
3 636 1445
2 868 625
2 771 1371
3 1355 814
1 1248 898
2 1214 354
2 808 294
1 769 1079
2 1347 1273
1 1015 777
1 55 1429
2 677 1432
3 1399 1067
3 1329 701
1 1419 1043
1 989 620
1 1112 881
1 1245 210
3 909 162
1 1101 1246
1 212 1125
1 710 1404
3 387 1149
3 562 503
3 214 717
3 96 893
1 1054 530
2 239 395
2 76 1339
3 702 496
1 440 182
2 1440 980
2 980 1344
1 1024 421
3 1242 16
1 618 80
2 863 1280
3 800 939
1 1095 969
1 836 1283
1 833 719
1 92 1082
1 923 182
3 625 775
2 1362 321
2 1302 807
1 351 835
2 634 409
1 220 985
2 855 479
1 853 1013
3 849 595
2 446 973
2 47 755
1 834 1049
2 1317 875
3 897 1438
2 429 620
3 1160 952
3 915 882
2 919 1410
2 1370 449
2 835 614
3 987 665
2 1368 1437
1 139 231
1 266 1378
1 1242 1382
1 571 1186
1 612 753
2 900 754
3 996 123
2 1166 539
3 393 10
2 221 799
1 124 811
3 112 1030
3 625 343
1 808 608
2 1043 1416
1 834 1082
3 945 1409
1 1357 1413
3 1174 117
2 588 664
2 726 1325
3 1336 463
2 1421 1321
1 1446 80
1 72 1369
1 1224 627
1 1065 503
1 1127 1329
3 1083 797
1 593 387
1 978 781
1 708 1151
2 956 818
2 1225 315
2 438 1089
2 31 318
1 1365 605
2 281 5
1 705 860
1 1055 670
2 732 1204
1 482 187
2 902 967
1 1372 290
1 1089 878
3 343 706
3 584 695
2 1364 785
1 993 602
2 1334 909
2 18 367
1 673 1378
1 609 1316
2 1342 1069
1 597 318
3 1293 867
2 115 794
3 31 608
1 932 80
2 50 36
2 383 1379
3 1042 725
2 733 1186
1 500 918
2 406 1281
3 241 759
2 1265 1251
1 1061 402
3 79 30
1 1190 344
2 473 233
2 962 679
3 1183 384
2 1105 1012
1 1395 69
3 411 26
1 285 83
3 218 1031
2 961 792
1 91 1326
2 1108 610
2 481 454
1 221 948
3 559 1058
3 1297 1046
2 1323 1403
1 1060 1055
1 1426 1422
1 542 1404
1 934 1233
3 384 1317
3 316 648
2 666 791
3 1416 11
2 21 618
3 423 1222
1 1039 72
2 788 1434
1 636 802
2 1328 1255
1 956 657
1 100 1212
2 589 43
2 468 837
2 350 1425
3 1093 553
2 63 542
1 622 843
1 632 1415
1 1050 338
1 266 697
3 1402 953
3 793 88
3 758 515
1 1035 545
3 615 1021
1 1429 702
1 437 795
1 303 580
1 1005 278
3 1028 327
3 382 706
3 672 909
3 752 1389
2 773 417
3 133 1366
3 1460 295
2 257 1449
2 1347 1108
2 588 883
2 1437 1429
1 1078 230
3 637 440
3 53 1042
2 1023 134
1 159 149
3 414 842
1 713 607
1 462 291
1 671 1430
3 442 937
1 685 598
3 1162 712
2 146 191
1 1054 53
1 1358 1124
1 825 1091
1 1269 1158
3 417 812
2 581 1454
2 498 923
3 377 19
1 224 212
3 235 946
3 1416 1066
3 1022 343
1 728 287
2 1007 486
3 936 537
2 373 1071
3 882 753
1 724 231
1 760 840
1 1056 863
1 55 1235
2 1451 909
3 336 435
2 557 1114
1 1366 1014
1 471 1026
1 669 1442
1 1449 396
2 618 975
2 1347 1100
3 1181 307
1 156 584
3 334 120
3 114 915
1 241 987
2 1016 785
2 754 213
2 285 152
1 741 1295
1 129 220
1 1323 1439
2 1236 695
2 1123 616
2 339 906
3 111 117
2 1264 587
1 1273 111
2 999 937
3 390 561
3 1429 93
2 1260 925
1 958 963
2 933 740
3 681 171
1 134 391
1 601 414
1 487 508
3 388 1410
2 467 452
3 289 965
2 209 85
1 289 1243
2 1123 795
3 684 811
1 711 299
3 717 424
2 123 603
3 1090 1111
3 1012 471
2 631 534
3 289 1432
2 1200 31
3 67 709
2 1414 1084
2 648 1065
2 903 430
3 155 130
2 863 821
2 1369 692
1 1130 543
2 248 237
2 897 1134
1 717 687
3 1167 406
1 918 1312
2 581 1406
3 769 149
1 1206 1460
2 374 1270
3 275 1131
3 359 796
3 507 939
2 800 1044
2 121 360
2 74 302
1 1108 1339
3 792 1019
2 377 778
3 766 1107
1 1281 1351
2 1009 1039
3 927 505
2 234 881
1 828 1298
1 1010 702
3 1346 897
3 577 1400
2 500 998
3 146 1078
1 1227 211
2 922 128
1 876 324
3 1079 756
2 940 1131
3 313 1326
1 1191 1408
1 593 888
1 90 594
3 815 458
1 793 1160
1 806 645
2 365 613
3 1452 874
1 865 545
1 999 1348
3 83 1069
3 939 569
2 828 1223
2 99 1309
2 481 322
2 179 304
1 76 560
2 1061 1426
2 784 1239
1 1241 1053
1 963 1196
2 431 1330
1 51 432
1 1155 537
1 449 406
2 405 462
3 366 525
1 581 783
2 348 330
1 1172 803
2 223 1228
1 535 545
3 1109 856
3 569 9
1 1410 1116
3 729 1186
3 339 797
2 5 1307
3 136 74
3 199 1026
1 1170 174
1 51 318
1 427 1171
1 865 1221
1 1301 45
3 1308 684
3 1268 365
3 457 1190
2 695 413
2 876 1058
2 1249 670
2 863 331
1 620 61
3 1316 694
3 432 1185
1 9 1061
3 720 1188
1 1238 1295
2 1410 717
3 440 1005
3 1120 630
3 295 898
2 877 800
1 900 1402
2 985 519
3 237 725
1 895 1274
3 200 408
1 374 1205
1 258 953
2 653 1371
3 797 947
3 548 1278
1 1235 466
2 569 1152
2 1183 117
2 954 1385
3 1429 334
2 1400 515
3 1167 623
2 987 1397
1 948 423
2 1322 1154
1 503 354
3 333 771
2 971 179
2 1284 786
2 649 62
1 124 411
3 1370 1286
3 274 925
3 453 284
3 815 430
1 878 483
2 1210 1016
1 497 664
2 539 575
3 1156 117
2 957 985
2 749 148
3 32 983
1 1347 414
1 452 1217
2 491 1307
1 1100 1342
1 615 113
2 1451 788
3 243 712
1 990 664
3 1255 332
3 1071 1254
2 939 512
3 1379 597
2 520 978
3 906 415
3 388 1109
3 1245 438
2 1245 80
2 1155 1046
3 941 915
1 371 102
1 646 542
2 194 6
3 201 478
1 696 1458
3 400 1430
3 1365 969
2 233 753
2 528 1356
2 909 1381
1 317 681
3 369 1282
1 362 1327
3 81 339
1 1207 741
3 365 1049
2 10 889
1 639 380
2 585 3
3 355 1022
2 566 309
2 394 895
3 1 503
3 967 854
3 1244 417
1 1393 888
2 101 1047
3 376 297
2 362 470
2 716 1315
3 48 1022
1 1057 1257
3 32 622
3 58 672
2 1163 1072
2 1346 42
3 207 1390
3 1400 1103
1 556 1416
1 1006 306
1 834 883
3 77 497
2 469 336
1 30 89
1 502 813
3 647 211
2 59 287
3 710 310
2 80 1363
2 1413 1223
2 446 505
1 1143 40
2 826 894
3 879 1197
3 1164 973
3 836 69
1 1089 1305
2 1001 484
3 239 445
2 220 1018
1 372 113
2 863 870
1 2 897
2 711 386
3 504 927
2 900 1182
3 205 1421
3 882 1255
3 787 64
3 1005 1252
2 1415 951
3 1423 630
1 495 1034
3 79 271
1 354 1023
1 220 560
3 1447 699
1 41 858
2 92 1122
1 509 985
2 719 327
1 827 745
3 1094 1110
3 451 1164
3 1019 286
1 324 1201
1 1286 342
2 1408 215
1 81 973
3 1375 1296
3 771 34
1 507 125
1 881 525
3 1129 1181
2 444 483
3 749 421
3 1187 1040
1 3 789
1 928 1418
3 1001 1379
3 796 1142
3 782 474
1 233 452
2 77 800
1 147 847
3 824 834
3 48 689
2 1055 818
1 599 1060
3 756 892
3 240 305
1 206 289
2 662 20
2 1226 1126
2 467 170
2 530 62
2 557 333
2 116 1078
1 638 839
3 448 459
1 53 802
3 682 162
3 366 1374
1 886 783
1 577 1043
1 752 1250
2 1174 769
2 284 581
3 1006 490
3 1387 612
3 670 143
1 806 182
2 6 689
2 1171 878
3 809 270
2 763 1454
3 799 262
3 323 171
2 1456 1420
3 931 1300
3 1255 1050
3 1301 1411
1 825 1304
1 27 432
1 1006 1035
2 1344 1022
3 760 1156
2 88 547
3 790 1290
2 85 1407
2 1317 414
2 451 1055
3 650 1358
1 1245 478
3 600 1280
1 225 602
1 1251 1208
2 905 450
3 131 80
3 1095 1454
2 1257 1044
3 504 1274
2 434 1290
2 495 1241
3 348 1358
1 1174 1293
1 822 815
2 152 230
3 450 544
1 946 853
3 217 502
3 612 352
3 765 792
3 1377 870
2 1234 889
3 293 1226
2 861 540
3 346 1107
2 124 469
1 192 21
3 80 111
3 1206 123
1 940 11
1 110 292
1 1324 864
3 181 223
3 1179 884
3 1256 1034
2 888 478
2 398 691
2 1054 538
3 1065 349
3 338 22
3 1364 1190
3 256 455
2 1440 1458
1 1204 1261
2 445 1300
3 1167 1121
3 1031 795
2 154 1254
1 505 1457
1 538 474
1 893 1353
2 322 983
3 1431 987
3 846 967
3 1459 214
3 1 1354
3 143 56
3 501 140
1 1421 132
2 1133 314
1 534 1456
1 106 255
2 283 385
2 418 1436
1 540 1347
1 1347 1295
1 367 558
2 1045 1176
1 1233 950
1 599 563
1 1428 471
2 328 946
1 1114 788
1 1312 768
1 171 24
3 1104 388
3 901 403
1 694 1185
2 854 1181
3 893 318
1 1313 782
2 1205 812
3 780 1433
3 338 1307
2 121 333
2 717 1304
3 1249 230
2 1261 246
1 1188 1100
1 288 1318
1 828 518
1 560 1177
1 304 969
3 385 977
1 1151 884
1 1111 502
2 388 1176
2 1088 1190
3 787 1299
1 538 187
2 1428 925
1 430 746
3 969 400
1 555 595
3 1279 161
1 6 378
1 99 1103
3 231 1423
2 621 487
1 621 1377
1 181 203
1 438 746
2 1024 551
2 509 25
3 837 1308
2 974 1335
1 630 384
1 887 42
2 1243 1244
2 584 70
2 1394 75
3 1392 170
1 136 331
2 1435 1143
3 726 350
1 758 260
2 257 277
3 545 565
2 1209 481
2 963 727
2 988 123
2 599 1144
1 901 617
2 757 371
3 1245 1431
3 990 952
2 45 1253
3 1287 364
3 1353 714
1 628 1098
1 355 135
2 1208 18
2 1037 1027
2 957 1431
1 1349 1311
2 1202 382
2 369 460
2 605 860
3 1167 668
2 195 716
2 216 199
1 114 854
1 411 1067
2 871 784
1 79 1434
3 256 284
2 1433 1234
2 352 742
3 785 406
2 793 327
1 321 355
1 108 906
3 637 648
2 1261 5
1 148 1371
3 1139 42
3 1383 269
1 723 478
3 785 1299
3 807 196
3 1397 472
1 1346 423
1 1255 1285
3 1311 648
2 945 339
1 750 7
3 681 1329
2 1418 20
3 1252 1136
2 596 1392
3 1173 344
1 931 138
1 1303 1338
3 1010 746
1 299 393
1 1144 699
1 1309 328
3 1276 1020
2 382 1239
2 915 17
1 96 183
2 473 322
3 869 389
2 971 634
1 209 261
1 78 1389
1 23 1229
2 1401 701
3 286 1307
3 724 778
1 1038 155
1 409 933
1 1307 889
2 1420 30
1 1410 1425
2 897 65
2 259 558
3 638 1105
3 1297 613
3 1006 1083
2 1082 388
3 876 1305
1 1304 1456
1 411 181
1 654 1231
3 55 943
1 891 193
3 519 567
2 933 243
2 736 220
3 426 826
2 174 848
3 217 220
2 1156 425
1 1322 89
3 1001 353
1 44 1134
2 74 341
2 1235 90
1 438 797
2 1015 302
2 1076 662
3 942 436
1 963 1100
2 978 786
2 491 437
1 130 402
1 618 767
3 1168 293
1 1317 868
3 1452 1423
2 1101 556
1 213 494
3 642 1451
3 1291 468
2 481 1183
3 239 867
1 65 1312
3 77 237
1 594 582
2 875 608
3 1217 263
1 1151 754
3 1442 1366
3 1169 313
3 1068 1135
1 280 1217
3 1294 1013
3 1285 1058
3 1059 963
3 137 1012
2 432 42
2 806 446
3 623 518
1 1147 509
2 371 705
2 813 1182
2 1426 585
3 353 902
1 892 1139
1 351 500
3 1438 1205
2 414 769
2 935 536
3 761 1252
2 169 1317
3 450 740
2 1143 1277
2 38 1144
3 81 905
3 467 1363
3 64 181
1 254 541
3 581 857
1 49 486
3 879 962
1 122 467
1 95 1351
2 1377 675
1 1303 458
3 455 1163
2 984 681
2 579 1111
3 91 491
2 1170 1302
2 457 1451
3 655 142
1 27 989
2 45 1162
3 272 1293
1 49 1154
3 1440 485
2 724 725
3 407 973
2 654 1399
3 890 309
1 563 546
3 43 1415
3 556 49
2 751 399
1 1427 1207
3 1325 1311
3 569 571
3 670 951
3 214 894
3 1445 1287
1 1025 970
3 291 942
3 480 581
2 1280 1418
3 881 194
3 74 187
3 413 711
3 674 1458
1 928 423
3 324 1198
1 1301 30
3 1271 1085
3 1028 527
2 1130 132
2 1341 288
3 1107 1062
2 887 770
3 47 1273
1 889 479
3 79 462
1 1002 856
2 1126 1296
2 1293 220
2 1242 446
2 252 394
2 703 906
3 889 883
2 697 92
1 159 969
3 313 1221
2 690 232
1 879 702
2 1007 821
2 192 1112
3 682 612
2 341 1395
2 1447 1247
1 785 200
2 862 492
3 181 194
2 918 525
1 135 1394
2 1163 1421
3 746 1115
1 1084 1136
1 237 58
1 1454 1092
2 163 399
2 742 999
1 677 276
1 449 476
2 1352 560
3 457 1117
3 16 983
1 757 440
1 412 830
3 75 985
2 443 403
1 463 1192
2 893 1025
3 36 525
1 208 809
2 963 1456
2 272 1352
3 676 1360
1 283 1374
3 843 1121
1 1139 803
1 1229 540
2 1239 624
3 50 703
1 1085 525
2 645 1275
1 604 969
2 309 452
3 32 865
3 445 1122
3 915 364
1 141 1446
2 1159 795
2 208 361
3 284 1212
2 1369 880
1 699 378
2 413 1036
3 292 1273
1 494 619
1 318 477
3 52 1279
1 512 911
2 748 576
1 917 1277
3 887 1272
2 1297 372
3 217 1167
3 280 647
2 1403 269
2 351 1456
1 124 110
3 269 38
3 472 24
1 416 200
2 1431 206
3 613 338
1 1333 843
1 1208 919
2 341 485
2 509 245
3 979 1128
1 370 505
1 39 1304
1 964 1341
3 1251 952
3 1253 163
1 96 1019
1 116 60
2 737 248
1 782 964
2 423 410
2 232 66
2 1097 370
1 971 723
3 1186 1058
3 1142 291
2 1058 1181
3 1045 1414
1 1122 729
2 1036 637
1 1273 473
3 1123 1457
1 1129 1379
3 148 1181
1 305 1337
3 657 859
2 379 1134
1 27 191
1 692 1290
1 1342 1248
2 995 219
3 1293 1436
2 625 140
3 614 1186
3 27 872
3 227 472
3 782 284
3 438 1400
3 562 61
2 30 945
1 883 94
1 882 502
3 875 479
1 821 334
1 816 180
1 27 946
1 758 1252
2 173 1421
2 950 531
3 1023 1286
3 1022 1447
3 197 763
3 1151 879
3 690 1418
1 685 1039
2 1342 79
1 905 81
3 248 246
1 892 586
2 1121 514
2 878 1065
1 675 490
1 305 831
1 163 129
3 719 575
2 1170 234
2 427 549
1 245 1360
3 1122 315
3 1078 1081
1 1433 766
3 1376 1123
1 219 347
1 60 1344
2 1227 1431
2 184 917
1 79 1330
3 871 314
2 116 308
3 962 456
1 1330 567
2 1417 414
3 910 516
3 397 1132
2 786 490
2 305 410
1 615 490
2 555 1317
1 700 481
2 699 80
2 1086 949
1 351 1142
2 811 611
3 195 580
2 1421 911
3 1160 763
2 626 1093
3 1252 995
1 1101 710
3 867 79
3 1442 1405
3 1407 339
3 1158 619
3 857 404
3 849 365
2 237 1378
3 788 1001
2 724 1034
2 1199 1359
1 290 36
2 1434 117
2 500 1288
2 690 894
3 257 1390
3 494 334
1 919 895
2 1383 1212
2 548 925
2 966 877
1 380 1255
1 692 114
1 180 1268
3 303 1374
1 341 1352
3 463 1034
3 713 1047
1 1366 1168
2 528 1065
2 577 1082
3 162 10
3 784 808
3 497 334
2 1278 1091
1 1108 1254
1 519 728
2 1372 332
1 1095 189
2 971 70
3 1159 844
1 253 1412
2 967 121
1 1356 211
2 941 261
1 578 642
3 929 453
1 1277 892
2 1399 1042
3 896 1329
2 1106 512
1 675 435
1 845 1216
2 798 660
2 493 486
2 730 976
3 801 1340
3 230 1094
2 1313 1290
1 1183 511
3 1310 125
2 454 1318
3 505 1341
1 1009 948
1 858 1083
1 153 745
3 1217 842
1 1042 677
2 746 272
1 329 352
3 426 480
1 44 1259
2 823 827
3 140 805
3 1253 36
2 220 1175
3 1027 477
3 1086 940
3 745 1261
1 877 401
3 1368 1351
3 895 679
1 1417 1424
1 623 591
1 658 1276
2 1109 917
3 614 111
3 698 459
3 1052 353
3 1320 708
3 157 1079
3 1104 1200
1 671 940
1 1162 1079
3 937 694
1 806 257
2 799 1003
2 1067 1157
2 1142 1032
2 1377 951
1 51 306
3 485 234
3 659 1201
3 48 1132
3 1332 141
1 902 393
2 1193 90
1 1362 537
3 686 258
1 368 1078
1 386 59
2 701 148
3 147 1106
1 561 889
2 1098 146
1 589 1351
1 461 206
1 389 883
3 998 140
2 758 347
1 58 1079
3 236 1376
2 684 672
1 1171 173
1 1131 1366
1 311 600
1 540 682
2 1000 1451
2 1232 954
2 795 1043
3 419 1119
1 816 664
3 568 861
3 1181 131
2 1065 1225
3 710 1435
1 1319 911
1 1277 975
1 1334 866
2 886 719
1 1354 1338
3 766 954
2 308 1144
2 318 660
2 141 673
3 1255 1232
3 553 256
2 215 834
3 600 550
2 391 555
1 915 87
2 763 1024
3 708 255
2 577 171
3 705 496
1 1196 981
1 512 127
1 502 1343
3 786 952
1 97 1141
1 1222 831
3 609 1211
1 308 1167
3 1073 379
2 979 1389
3 133 209
3 1390 105
3 803 1047
3 898 324
1 112 441
1 573 506
3 867 687
2 1092 467
3 532 1035
3 136 831
3 1257 712
2 1301 953
2 189 55
1 993 1083
2 57 972
1 109 296
3 60 239
3 230 138
1 1331 1052
2 693 28
1 70 1193
1 502 776
3 348 291
2 328 842
3 295 874
1 1109 231
3 927 1065
2 862 31
2 230 227
2 312 1199
3 345 1084
2 355 1082
2 1258 1221
2 117 1258
2 366 1425
2 287 946
2 331 382
2 1113 305
3 36 229
1 290 201
2 531 1198
1 737 860
3 1400 1191
1 398 245
1 1218 1309
3 441 1198
3 415 1228
3 550 51
3 242 609
1 1341 563
3 117 1318
2 316 1120
1 123 96
3 869 52
3 423 440
2 648 1350
2 1065 57
3 1387 124
1 746 1335
3 10 619
2 809 453
1 1063 266
1 886 1247
1 787 812
3 1446 1398
3 140 632
2 220 103
2 519 781
1 976 680
1 878 1367
1 1033 925
1 1191 35
2 722 209
1 585 542
3 498 176
3 789 229
3 154 554
3 329 785
2 1059 598
2 1301 70
3 920 1410
3 1423 672
1 1033 307
1 665 1400
3 155 349
1 894 911
2 514 1085
3 115 1084
1 1323 241
3 852 1366
1 1347 226
1 1216 526
3 1034 943
2 112 1364
2 1043 935
1 1264 1190
1 1427 17
1 219 679
2 981 1313
2 779 1055
1 180 336
3 1456 393
1 1403 960
3 584 528
3 719 415
1 208 1126
2 1302 858
1 860 654
3 1171 486
2 770 274
2 437 43
1 784 878
1 1439 195
2 637 1280
1 1211 1392
2 1191 250
1 299 838
1 1232 514
2 389 1160
2 1227 566
3 1183 1163
2 1122 747
3 1050 1184
2 811 835
2 1198 564
1 1102 1223
2 721 93
2 737 266
1 605 299
2 227 938
1 520 1367
3 293 940
1 1355 713
3 1389 682
1 1066 1335
3 67 447
2 215 256
1 93 543
1 1060 1087
3 1008 1376
1 411 857
1 1262 1438
3 1404 1267
2 288 360
3 27 683
2 889 45
3 218 1186
3 1137 1046
3 307 628
1 1130 105
1 1401 827
2 1223 837
1 1246 639
3 1017 1212
1 1434 203
1 1060 502
3 435 607
2 941 117
1 994 332
2 1425 1417
3 1186 146
2 1342 617
3 1426 215
2 1053 1082
3 578 1411
2 360 11
2 934 784
3 916 945
3 377 905
1 1063 1148
2 830 1420
3 127 58
1 685 1170
2 79 1418
3 596 931
1 336 878
2 1222 1139
3 85 1365
3 824 58
1 1168 1278
3 693 608
2 206 1396
3 1230 1458
1 1394 1422
2 336 892
1 1080 956
1 657 256
1 80 1124
2 1052 705
3 1186 153
3 102 1151
1 382 570
3 424 80
2 422 209
3 161 97
1 404 1410
3 502 1095
1 906 1169
2 146 1382
1 513 559
1 789 1331
3 1305 1394
1 23 116
1 1124 690
1 539 117
2 937 841
3 663 429
3 531 1380
3 260 939
3 1365 862
1 436 650
1 1109 384
2 1360 215
3 1275 929
3 285 1415
1 558 967
2 1338 791
2 333 948
2 492 837
2 948 15
3 513 909
1 186 717
1 799 337
2 175 781
2 1144 1307
2 899 278
1 291 1359
3 189 457
3 1042 960
3 475 224
2 1066 516
2 669 1301
2 743 649
1 410 286
1 88 856
2 524 1204
3 563 1102
1 1125 869
1 1144 1411
1 1428 496
1 114 505
3 891 434
1 1234 897
1 359 70
3 1013 1312
1 117 1391
3 1256 690
1 660 1151
1 475 474
1 1018 1437
3 139 504
2 637 378
2 988 1093
1 134 887
1 93 1004
2 1234 822
3 1422 863
1 299 438
2 328 71
1 1236 1322
1 29 755
3 1344 1223
1 1261 912
2 956 293
3 784 74
3 1166 1087
1 1088 629
1 1381 520
2 16 851
1 723 518
2 241 513
1 333 781
3 890 403
2 826 903
2 1309 1089
1 1421 446
2 689 99
2 10 1109
2 35 997
1 551 911
1 1415 912
2 19 70
1 31 1197
3 735 66
2 1041 311
1 1062 1020
2 723 1288
1 1200 762
2 1398 1010
3 1089 457
3 744 785
1 917 571
1 1052 230
1 644 1433
2 473 1140
3 1223 1036
2 1221 945
3 608 131
3 419 430
1 115 1225
3 202 752
2 1206 661
3 545 250
1 182 243
2 732 176
1 746 767
2 921 76
2 333 1152
1 1196 191
1 116 810
1 1429 1230
2 774 1061
2 1009 18
3 197 1094
3 441 996
3 1239 1158
2 1237 1195
3 332 1272
1 576 1310
2 159 119
1 1063 890
2 775 726
3 1081 893
1 12 681
2 971 331
3 838 234
1 437 753
1 995 945
2 436 1127
1 396 1106
3 744 967
3 809 966
3 685 637
2 1369 751
3 177 381
3 550 829
3 887 300
3 1431 779
1 228 309
1 346 159
2 647 1438
3 735 744
3 422 462
1 596 1142
2 335 854
3 77 1280
1 718 1285
1 233 701
3 7 31
3 92 376
2 955 713
3 417 1360
2 1253 336
3 685 131
2 266 1455
3 281 214
2 747 522
3 1218 849
3 582 583
1 273 226
1 1097 312
3 1027 1023
3 1366 1311
2 921 276
3 492 721
2 435 806
2 1288 391
3 827 1437
1 551 31
3 999 967
3 1058 309
2 276 251
1 712 417
1 719 1441
1 387 417
2 1358 743
1 867 1460
2 492 1429
1 130 1276
3 914 1254
3 1164 983
2 784 313
1 198 1274
3 608 164
3 809 63
2 1109 786
2 371 1246
3 1189 1438
3 582 986
1 1213 67
2 943 957
1 293 802
2 1069 812
2 1034 1143
2 704 1193
1 233 1106
2 356 640
2 1007 353
1 411 36
1 854 1120
3 210 742
1 1288 284
3 819 305
3 639 1405
1 136 373
2 220 513
1 479 578
1 330 805
3 1255 720
1 576 517
2 1083 237
2 316 879
1 219 838
2 941 68
1 1313 960
1 1175 297
3 466 1183
1 1438 464
2 112 95
1 1110 1226
2 1112 1263
2 906 1196
1 1144 807
1 1368 1074
1 1087 1006
3 387 265
2 751 1253
3 660 1238
1 671 504
3 1294 1360
2 791 1192
3 147 1290
3 1145 596
1 365 1376
3 1048 1091
1 514 955
3 1349 853
2 1275 88
2 20 476
3 418 575
3 829 442
2 754 1298
2 473 60
3 397 941
3 1359 1213
2 1405 1086
1 207 448
2 536 1041
1 519 378
3 128 82
3 728 1257
3 747 1409
1 44 1332
2 405 925
3 590 479
1 1114 1314
3 1053 1430
3 194 94
2 112 457
3 539 168
1 364 1031
3 197 1020
1 783 1181
2 1225 137
1 1240 1138
2 1129 647
2 1407 79
3 1406 1176
1 795 559
1 465 751
2 308 1078
3 802 1402
1 1292 960
2 30 62
1 1190 893
1 1405 1312
2 736 649
1 1241 906
3 798 1426
1 25 1242
2 823 1241
1 925 1390
2 1282 687
1 549 1208
2 516 60
2 1429 1261
2 407 677
1 941 591
1 304 7
2 183 1333
2 1062 242
3 1011 753
2 354 565
1 1334 492
1 800 424
3 120 346
1 213 208
1 1184 283
2 128 858
2 655 963
3 1026 432
1 875 625
1 105 683
1 166 136
1 632 904
3 250 363
1 1232 580
3 466 392
2 1358 130
2 38 890
3 948 50
3 87 663
2 665 1154
3 458 1064
2 1396 920
2 320 1276
2 996 968
1 1113 124
1 1347 974
2 645 430
3 282 1271
3 54 576
1 441 904
1 378 446
1 237 514
1 621 406
2 621 110
3 681 1323
2 161 1200
3 857 1273
1 427 986
3 1248 680
3 1052 888
1 115 1083
1 800 1126
3 892 1359
2 614 1221
1 1198 534
2 804 582
2 894 246
2 744 672
2 432 402
1 977 803
3 356 1257
3 499 1311
2 894 210
3 145 426
1 1144 1352
3 639 1272
2 1411 1002
2 63 533
2 295 152
1 743 632
3 881 1128
1 190 1358
1 447 967
2 917 1032
3 1122 690
1 741 1332
2 170 1454
1 333 748
2 99 259
3 61 1118
3 224 1145
1 773 185
1 1373 567
2 635 751
3 199 771
2 1279 392
2 59 1436
3 1450 490
2 1006 336
2 518 1449
2 1037 1259
1 1208 1007
1 60 803
3 239 723
3 418 495
2 1098 1141
2 1075 241
1 1108 593
3 1097 888
2 543 1055
1 58 64
3 797 85
2 220 1295
1 726 254
2 1422 1165
3 1253 722
1 1152 1126
1 1431 1430
1 667 546
2 1182 662
2 799 1192
2 426 100
1 722 86
3 1085 519
3 440 108
2 1307 890
1 1002 923
3 873 475
1 599 738
3 1274 45
1 724 1425
1 309 562
1 1359 797
3 977 913
3 910 213
1 898 319
1 801 764
2 156 139
1 673 1420
3 1276 260
3 908 1124
2 1322 1448
1 716 523
3 319 882
3 211 1262
1 1103 367
3 1129 955
1 1251 1309
3 576 200
2 802 951
3 1021 338
1 81 905
2 604 1264
2 1269 858
1 35 1293
2 1414 151
2 463 414
3 149 175
1 920 24
2 742 144
3 748 1169
2 1075 1192
1 424 1162
3 825 192
2 310 452
1 20 1209
1 117 233
1 482 195
1 1219 508
3 1155 263
1 1081 130
2 177 1146
3 552 1022
2 552 923
1 1417 360
3 1031 1170
2 1229 216
1 502 695
2 680 730
2 869 841
3 1385 1160
3 744 422
2 1222 544
3 1202 57
1 1210 559
2 781 1432
2 1170 737
2 496 1234
1 837 1151
3 1332 831
1 847 465
1 765 444
3 263 5
2 1058 1396
2 877 199
2 385 996
3 334 980
1 769 518
1 1213 597
2 14 676
3 195 942
2 1417 1416
1 1131 787
1 893 575
3 1237 454
2 336 200
2 1166 1270
3 482 1124
3 153 553
2 400 1174
3 881 531
1 959 1399
1 25 268
2 219 925
1 1420 741
2 1344 1371
2 919 1436
2 1068 845
1 856 472
2 984 1195
1 556 3
2 1103 1236
3 983 893
1 315 631
3 759 1049
3 540 830
2 771 109
2 879 590
3 885 400
2 399 465
3 1009 746
3 632 521
1 277 684
3 1268 919
2 1179 512
2 1058 237
1 69 1160
1 999 88
2 383 1002
2 27 444
2 1445 204
2 1127 1168
3 1345 702
3 233 561
3 375 20
2 258 1047
1 851 170
1 1352 1209
3 369 722
1 889 102
2 1443 444
3 3 1172
1 938 510
3 335 1140
2 684 1413
1 326 1304
3 1411 478
3 641 497
2 1320 1444
3 890 926
1 65 1413
3 282 1010
3 1444 934
2 938 54
1 1216 680
2 103 1408
3 1098 300
1 725 277
3 1210 1190
1 822 878
1 118 1174
3 75 923
2 129 751
2 1294 1091
3 1264 1314
1 1348 1212
3 570 922
2 420 1232
2 1191 976
1 76 898
3 530 547
2 264 1376
1 795 1175
2 863 270
3 97 1026
2 954 1408
2 48 216
3 1414 1293
1 1449 888
3 247 89
2 339 1361
3 1223 826
3 315 298
2 1325 491
3 561 1081
2 1332 1115
2 1203 467
2 123 1112
3 861 558
1 314 1214
1 1140 637
2 694 1158
3 990 948
3 1358 467
2 378 870
2 471 675
3 420 195
3 765 802
2 507 11
1 1230 703
3 814 1026
3 163 631
3 275 389
1 1113 775
2 207 769
2 1205 838
3 1072 11
1 236 1201
2 136 940
1 643 649
1 933 869
3 137 683
1 386 368
2 317 676
2 647 1251
1 591 1012
3 1346 1
1 1361 1358
1 958 105
3 504 1308
1 658 569
1 597 1458
3 1348 928
3 294 293
2 510 1415
2 388 85
3 771 498
2 870 375
3 636 129
3 1069 1124
3 203 191
1 907 856
1 137 693
3 955 1268
2 1108 631
1 883 1265
1 370 534
1 235 392
2 736 940
1 30 448
1 532 1104
1 1151 775
1 1193 26
3 1419 1066
1 822 379
1 1232 360
3 715 605
1 90 553
3 310 804
1 294 1033
2 36 1171
1 810 1235
3 1259 601
2 1093 813
1 848 280
2 345 1053
1 593 807
1 616 1209
1 378 797
1 457 1318
2 318 277
1 1337 1070
2 147 120
2 750 988
1 1206 246
3 590 1164
3 319 1059
3 1267 1438
2 821 852
1 46 1033
1 1056 851
3 353 207
1 466 645
2 501 732
2 1411 577
3 953 1288
3 1340 239
3 573 553
1 65 415
1 66 978
3 176 1009
2 1259 794
1 206 215
3 559 1356
1 1333 973
3 319 111
3 71 590
3 485 470
1 318 993
3 469 401
1 792 1070
2 1053 1339
1 1027 667
1 531 1387
2 897 742
1 1236 37
1 437 889
1 548 1222
3 1003 43
2 1288 1009
3 557 192
2 1263 674
1 251 359
2 37 570
2 1355 519
2 988 776
3 247 377
2 687 423
2 354 911
2 880 875
3 431 954
2 1200 188
1 577 255
3 180 280
1 1144 895
3 1149 1362
3 1222 37
2 542 1041
2 304 1048
1 1440 1379
2 899 701
1 188 659
1 402 777
1 1401 1298
3 1286 1169
1 355 1157
1 1036 579
1 463 1161
1 819 12
3 511 332
2 1025 446
1 489 1022
3 388 1115
3 136 1387
1 371 1243
2 39 1255
1 575 1034
1 448 442
3 34 803
1 252 1102
3 116 857
3 1253 1187
1 1278 1375
3 881 1103
2 536 592
1 40 1034
1 1022 393
2 1203 760
2 1070 813
2 401 1275
1 327 326
2 293 156
1 1425 173
3 110 523
1 86 1244
1 581 1295
1 1175 582
3 847 929
3 780 590
3 1432 421
2 212 166
3 105 125
3 338 1397
2 1299 413
3 98 571
3 1456 766
2 408 956
3 1323 512
3 415 334
2 383 307
2 112 1457
2 356 1
3 280 411
3 816 565
2 1065 1341
2 551 1256
3 406 573
2 389 320
2 17 278
3 388 1428
3 1048 1379
2 673 142
1 989 518
3 125 37
2 952 321
1 906 810
2 367 1202
3 808 658
3 477 907
2 1229 887
1 396 689
2 903 841
1 1445 1310
2 1124 84
2 670 1161
1 1016 275
2 762 340
3 711 297
1 1132 276
3 1358 327
2 855 144
3 250 587
3 430 69
1 1251 1053
2 1048 1143
1 757 1027
3 1079 582
1 1298 382
2 786 360
1 773 336
3 683 866
3 745 1218
3 766 245
3 550 1000
1 533 849
2 692 343
1 990 898
3 787 1204
1 856 263
1 1069 1328
2 284 404
3 554 659
2 1249 379
1 10 1435
2 315 391
3 448 674
2 426 1278
1 734 209
1 587 451
2 466 360
3 799 1267
1 398 1120
3 1430 48
2 62 220
3 495 1199
2 518 666
3 1348 353
3 448 592
1 9 1341
1 750 1184
3 139 113
2 844 982
2 1338 1203
2 716 1345
2 1097 654
3 1427 1163
2 802 124
1 355 121
1 800 87
2 1111 1340
1 124 1252
1 685 266
3 941 871
2 961 484
1 131 658
1 479 1040
1 102 292
1 244 324
3 1297 1270
2 534 417
3 345 317
2 1071 1111
3 874 958
2 1086 644
3 1115 1170
1 1109 1055
3 587 274
1 70 984
2 455 529
3 230 1346
3 1120 1150
3 975 495
2 210 654
1 786 401
1 539 639
3 940 710
1 626 643
2 740 639
3 389 782
2 761 1243
2 602 1060
3 1090 710
1 1037 1421
1 321 1159
2 974 1120
3 411 712
2 393 54
3 63 290
2 828 276
2 1134 1047
3 960 497
2 1193 328
3 783 601
2 1228 393
2 614 709
1 660 766
2 239 580
3 75 1244
3 930 535
3 785 1243
2 110 1332
2 220 1438
3 1279 943
1 629 382
3 104 52
1 1217 1457
2 272 1427
1 1213 124
1 1421 220
1 431 642
1 336 766
3 1324 706
1 727 669
2 901 407
2 1300 865
3 1446 1083
1 672 981
3 1045 783
1 1173 1215
2 1203 1264
3 252 578
1 265 898
3 104 152
1 626 101
3 879 1153
1 107 176
1 682 139
3 1273 503
2 1456 227
3 1346 263
1 848 1013
2 1316 995
2 28 1307
1 266 910
3 457 440
2 618 43
2 964 974
3 1264 353
3 501 1383
2 86 1400
2 1124 526
3 939 481
3 1149 960
1 78 1213
1 1011 385
2 332 577
3 511 731
1 574 704
3 403 192
2 350 1303
3 821 567
3 1099 339
2 657 886
2 982 599
2 556 1364
1 973 82
1 915 24
3 692 532
1 288 1186
3 1453 439
1 280 58
3 956 693
2 1341 606
2 832 1238
1 1037 1077
2 685 761
1 166 86
2 1285 892
2 722 44
2 1033 747
2 355 677
2 62 915
3 892 1253
2 1437 518
3 490 720
1 639 1291
2 280 1116
3 317 1342
1 751 591
1 757 754
3 1438 950
1 1197 37
3 21 433
3 470 744
1 502 346
1 1281 200
3 490 1412
1 873 957
3 291 391
3 641 246
1 802 868
2 901 260
2 1259 1116
3 541 88
1 1078 1028
1 217 1148
1 607 325
2 454 572
2 1410 710
1 1182 554
3 698 963
3 1197 406
1 1396 473
3 287 1192
3 38 610
3 786 517
1 134 601
2 914 1449
3 719 183
1 1232 930
1 850 1424
1 593 412
3 690 249
1 689 343
2 78 309
2 1077 466
2 1171 183
2 222 367
2 964 661
1 1309 253
3 648 1450
1 519 1111
1 904 471
3 94 372
2 51 542
2 1334 1031
3 398 946
3 1259 1101
2 193 1164
3 309 612
3 26 957
1 1126 151
3 282 408
1 528 92
1 407 260
3 1167 723
3 266 168
1 806 562
1 974 415
3 585 332
3 214 58
2 1334 896
2 1442 109
1 367 488
1 4 900
3 1280 424
2 1193 20
2 1334 353
1 1235 1249
3 1339 142
1 1056 966
2 488 171
2 1286 1116
3 69 1326
3 1036 1252
3 389 1353
2 105 431
3 923 1278
3 418 617
2 813 1218
3 336 915
3 971 181
1 194 529
1 391 479
1 1211 120
3 722 1297
2 603 567
2 801 592
1 1206 861
1 1321 370
3 796 1010
1 941 116
3 973 990
3 294 350
2 688 1330
2 962 1228
3 1168 1046
1 564 291
2 1058 126
2 442 845
2 1425 1404
3 1318 776
1 781 357
1 592 773
3 1443 1254
1 221 902
1 420 145
1 474 125
3 80 601
2 950 771
1 959 706
1 1325 870
1 355 1386
1 1400 1254
2 689 540
3 1106 1426
1 947 198
1 318 908
1 273 1256
2 206 957
1 30 898
1 1230 931
3 379 1247
3 1165 805
3 60 393
2 963 701
3 858 369
3 384 1175
3 496 86
2 725 316
3 851 609
3 412 675
2 533 494
2 642 1157
2 159 526
1 773 1043
3 1176 83
2 1460 743
1 155 287
2 464 68
1 304 195
1 805 640
1 31 239
3 102 232
2 773 1068
2 1328 796
1 645 384
2 905 208
1 468 1382
1 895 1238
2 921 234
1 707 1443
1 552 895
2 840 710
2 1096 557
2 81 894
2 1225 721
3 438 1339
3 362 604
3 1073 667
2 676 851
3 1402 618
1 467 131
2 250 1054
1 993 764
2 949 1084
3 1308 343
1 453 820
1 946 1289
1 981 1405
3 1435 1004
2 1112 1192
1 948 1239
3 906 1190
2 611 855
1 1320 1171
1 1329 680
1 1070 651
3 77 1041
2 1147 523
1 737 54
3 1400 45
1 1264 258
1 1403 668
2 72 1360
3 1307 1132
3 1359 860
2 503 206
2 372 275
3 292 906
2 593 694
3 1098 878
2 916 951
2 105 845
2 146 1176
3 318 262
1 1355 951
2 1193 914
1 949 957
1 1141 562
2 528 675
1 969 869
2 702 482
3 872 1133
1 401 545
2 369 1434
3 1455 983
1 1270 1174
1 85 1106
3 1435 1039
1 677 1455
3 857 194
2 744 318
1 407 993
2 1332 778
3 1459 1441
2 1363 226
3 1309 664
3 70 1170
3 1068 167
3 371 40
1 430 438
2 352 1135
3 75 862
2 488 917
1 1339 47
1 1144 967
2 696 630
1 1196 621
1 171 1095
1 256 568
2 384 1141
2 840 594
3 1105 424
2 1152 266
3 1216 1179
3 1195 345
2 502 769
2 847 447
3 674 295
2 1165 137
2 191 1073
2 358 621
2 557 466
1 422 469
2 1299 483
3 944 649
1 1094 543
2 81 905
1 298 1276
2 1169 460
1 303 679
1 636 931
1 798 1051
3 814 90
1 634 780
1 701 736
1 490 8
1 152 445
2 11 721
2 1021 441
3 59 473
1 1076 448
3 1256 1439
3 805 647
3 1260 291
2 1168 264
3 587 527
1 335 423
3 91 1085
3 129 462
3 1099 1118
2 1131 1111
2 1288 900
1 1327 472
3 145 568
3 1165 838
1 1159 550
3 123 1399
1 216 421
2 993 908
3 821 40
2 688 764
1 908 232
2 251 1065
1 618 877
3 698 1174
1 1218 1431
1 1172 9
2 1084 1418
2 615 696
3 766 1103
2 97 235
2 1053 286
2 244 1404
3 662 474
3 387 1232
1 665 666
1 146 1282
2 1292 1251
3 811 300
2 101 845
3 1273 764
3 376 593
2 158 1137
2 1130 945
2 1219 507
3 622 525
2 448 72
1 673 920
3 283 814
3 1114 12
2 1301 162
2 438 1182
1 1026 967
2 392 352
1 892 250
3 670 846
2 516 250
2 1351 73
2 168 20
1 261 144
3 527 524
3 1027 635
1 1209 344
1 223 76
1 227 716
2 851 331
1 55 939
3 457 992
3 738 260
1 776 557
3 843 645
2 641 54
2 1104 665
2 850 608
3 299 303
3 929 1103
1 526 55
2 410 921
2 146 1455
3 377 228
3 1458 1238
1 359 809
3 558 57
3 1166 1312
1 1255 541
2 914 251
1 721 554
2 1055 1273
1 1020 983
1 1029 399
1 686 1
3 326 1095
3 1106 1173
1 246 2
3 77 1269
1 917 667
1 87 205
1 498 1306
2 125 449
3 168 975
3 47 384
2 1453 154
1 1145 640
1 48 1040
3 412 1047
1 506 467
3 1295 259
1 422 1369
1 940 928
3 142 91
3 1109 920
3 19 921
3 915 1275
1 786 1298
2 290 64
1 756 317
2 1112 70
2 753 1417
2 231 723
2 841 1158
2 159 374
1 1281 246
1 699 602
3 960 60
1 396 363
1 1023 421
3 957 525
1 783 357
1 1096 954
1 654 753
2 751 87
1 1112 1327
3 805 565
2 217 434
3 1241 1456
2 1348 1289
3 1194 843
3 559 676
3 1232 824
2 200 1354
3 461 998
1 101 1284
3 132 593
3 731 209
1 288 1359
2 99 889
1 1412 730
1 1293 472
1 477 1185
3 477 1282
2 110 1055
2 906 658
3 700 326
3 26 109
1 487 260
2 1019 900
3 789 625
2 327 675
2 455 261
2 699 55
2 1100 175
1 858 480
3 486 1040
2 407 111
3 1290 975
2 965 861
1 431 1020
3 882 1167
2 934 157
3 1252 1098
3 695 974
1 43 31
3 706 85
1 1003 806
1 905 143
3 741 402
2 1059 736
2 450 1142
1 784 11
1 304 543
3 1060 552
3 1111 1337
2 1396 733
2 1240 164
2 770 724
1 420 515
1 1151 444
3 958 1418
3 1249 636
3 9 964
2 426 1290
1 618 1459
3 1169 328
1 1014 301
2 837 915
3 21 450
3 610 904
2 993 779
2 1364 1135
3 1010 646
3 1224 9
1 54 1195
2 38 238
3 200 526
2 22 1244
3 1329 1395
2 703 617
1 1006 1446
2 482 256
3 576 469
3 389 193
1 904 30
3 1381 1432
1 1347 1326
2 810 50
1 80 406
2 1256 705
1 232 498
2 1434 97
2 1114 1136
1 367 1409
3 232 703
1 555 1114
3 546 395
2 53 124
2 639 96
2 698 237
3 52 41
2 816 601
3 91 1226
3 1006 279
3 604 894
1 618 229
1 1210 1315
2 93 253
1 413 1073
3 91 1052
2 1291 113
2 757 878
3 1025 567
1 470 1449
1 874 1094
2 421 1041
1 318 140
3 641 680
3 1191 344
1 1012 115
2 1045 1317
3 782 40
2 481 682
3 205 96
1 255 298
2 13 1031
2 851 1061
1 232 1394
1 1018 1027
3 974 307
1 639 965
2 1185 1282
2 1381 661
3 959 819
2 169 579
2 104 478
3 43 450
2 570 724
2 673 1427
2 154 1326
1 836 1386
1 626 866
2 1280 1314
1 1101 648
1 1056 818
3 851 1192
1 774 126
2 1168 18
2 435 848
2 1265 1338
1 1381 1173
1 821 861
1 723 1143
2 377 1367
2 879 1286
3 244 576
2 635 1327
3 719 1431
3 2 773
3 1028 1074
1 539 1232
1 1409 896
1 1246 846
3 203 1003
1 1321 340
1 510 828
3 1311 803
3 180 1326
1 321 1001
1 730 882
3 1359 1422
1 1093 656
2 533 417
3 1351 1195
2 1084 842
2 794 620
2 1316 671
2 858 474
2 1262 66
1 665 634
3 580 396
2 714 644
3 577 1458
1 105 1290
2 1244 857
3 100 468
2 28 443
2 311 1200
1 652 1163
1 866 1083
1 302 974
2 1193 504
1 652 373
2 369 958
3 874 292
1 1082 62
2 1210 963
2 250 1064
1 1071 920
3 1025 397
3 627 1253
1 35 63
3 66 82
3 1109 1329
2 1395 1420
3 286 481
3 683 600
3 716 859
3 839 157
1 890 960
3 998 497
3 1142 236
1 1382 179
3 789 799
3 1316 182
2 593 582
1 454 1443
1 1005 1077
2 163 1330
3 770 967
3 162 120
3 929 98
3 149 414
1 1203 1281
2 1372 312
2 1393 701
1 990 140
3 917 1426
1 352 256
1 358 253
2 1302 678
3 482 940
3 889 158
2 1026 428
2 1404 1285
3 1439 346
3 948 651
1 441 1265
1 827 1315
2 692 1017
2 1040 701
2 1354 196
2 1074 675
3 56 395
3 112 793
1 320 1437
3 368 1281
1 1440 209
3 174 545
3 294 1253
1 1399 467
1 1018 32
1 1258 988
3 857 650
2 156 11
1 604 996
2 1278 45
2 1443 464
1 488 577
1 759 944
1 1032 1338
3 1402 1187
2 654 1166
2 618 1387
1 304 719
2 247 1344
2 6 60
1 33 1118
2 1309 954
1 761 512
3 658 1132
3 610 5
1 157 617
3 1180 1014
1 1004 142
2 450 580
1 1007 1051
1 226 830
3 125 80
3 485 185
1 902 549
1 910 796
1 121 469
1 1169 262
1 338 1173
2 847 433
3 868 520
1 1 58
1 1130 795
3 503 1159
3 1020 421
2 1115 594
2 510 785
3 78 423
2 4 349
2 906 595
1 851 323
3 420 562
2 1241 564
1 1095 435
3 296 334
2 212 59
1 1188 606
3 1296 1013
3 1114 168
1 463 1286
1 1109 1334
1 514 719
1 870 51
1 778 1431
2 914 1288
1 683 353
3 1185 680
3 381 1036
1 1213 472
3 1223 1306
3 1043 416
3 317 414
2 751 633
2 692 325
2 695 242
2 1068 12
1 1182 924
3 321 627
3 752 1098
3 379 1033
1 656 1073
2 157 513
2 503 1373
1 1113 1286
3 452 494
2 914 1091
2 1282 83
2 1143 301
3 95 559
1 888 120
2 901 814
1 993 203
2 635 707
3 243 1300
3 759 658
2 1279 162
2 1154 603
2 616 1290
1 1380 578
1 585 879
3 540 1297
2 342 941
3 368 22
1 496 175
2 378 442
2 1148 18
2 28 1071
3 186 1278
2 71 481
3 1171 916
2 380 1023
3 1447 945
1 552 1446
1 585 422
3 386 197
3 1277 1308
1 861 501
2 1283 862
1 252 196
2 645 665
3 1374 1330
2 110 911
1 593 673
3 1255 749
3 265 992
3 441 1082
2 693 984
3 1267 224
2 365 537
1 1048 230
2 853 655
1 993 1261
2 768 1092
2 477 20
2 934 167
1 1435 790
3 792 1198
2 99 1282
1 567 69
3 911 176
2 837 119
1 420 1142
3 1381 363
2 718 826
1 306 574
2 731 1356
3 860 1329
2 258 556
1 717 78
3 835 871
2 825 208
1 1419 822
1 1162 256
3 1168 1422
2 1328 1138
3 1357 688
1 705 1450
3 1359 784
1 1297 441
2 119 173
2 1446 1420
3 179 570
1 1336 1074
1 477 1294
3 416 456
2 563 1135
1 756 725
2 707 1327
3 25 744
2 1162 540
3 360 778
2 236 781
2 542 237
3 236 1005
1 631 224
1 878 854
2 1319 769
2 938 1379
3 402 252
1 585 768
1 268 646
2 1296 1086
2 1165 908
2 1425 1337
1 374 1288
2 23 1306
3 96 1449
1 1085 312
2 804 1032
1 1239 168
2 659 844
3 972 77
2 815 958
3 233 1431
2 55 1352
3 785 600
3 1169 1273
3 112 927
3 962 482
3 843 408
2 310 22
2 1385 467
1 359 814
3 864 1421
3 1089 1295
1 71 70
3 916 71
3 1432 147
3 21 579
3 818 597
2 122 669
1 46 990
3 213 1243
2 1017 620
3 838 921
3 844 284
3 1349 1078
3 574 621
2 672 775
2 212 233
3 1206 884
3 1111 1326
1 293 1078
3 1361 171
1 256 686
2 118 1074
1 997 1019
1 374 821
1 1409 790
3 1366 205
2 1108 739
1 600 1360
2 1428 60
3 736 283
2 772 1384
1 620 445
1 732 1452
3 1445 544
3 615 921
1 1428 1311
1 1005 224
2 412 804
3 519 913
3 1352 373
2 845 1095
1 289 876
2 73 1451
2 1320 1266
3 51 332
3 889 1130
2 33 177
2 460 31
2 742 660
3 164 596
3 274 671
1 670 42
2 617 1348
3 659 415
3 1178 8
2 803 78
1 383 242
3 1342 39
3 393 410
3 1401 479
1 1136 14
3 96 904
1 1130 595
2 947 311
3 256 211
1 995 1374
1 377 547
3 565 616
3 721 1337
1 239 1050
2 1324 297
2 413 750
1 899 889
1 1413 117
2 652 835
1 336 1311
3 149 1326
3 910 1187
2 747 818
1 692 434
2 945 765
1 44 996
1 571 853
3 505 955
2 352 388
1 1088 1438
1 596 622
2 701 862
3 216 184
2 1054 1448
2 554 509
1 331 845
1 598 875
3 299 274
1 330 474
2 383 1245
1 348 863
2 135 1119
3 492 1413
3 70 127
3 831 914
2 728 770
1 207 419
3 729 1135
2 116 101
1 647 403
2 57 736
1 33 292
1 1391 1306
3 161 17
2 656 972
1 899 1290
3 490 473
3 1322 269
2 1397 293
3 1018 440
1 939 210
3 280 10
1 193 492
1 1396 981
2 366 737
3 496 872
2 455 335
1 926 1038
1 242 770
3 357 615
1 1004 236
1 86 703
2 1047 758
1 836 1167
1 923 8
1 504 109
1 1416 1059
2 618 511
1 334 1214
2 324 921
3 1067 18
2 492 34
2 958 1182
1 298 1386
2 1099 166
3 95 1148
1 705 1143
2 397 1251
2 398 92
2 245 1234
2 328 166
1 183 236
2 454 1390
2 1024 442
3 927 987
3 1373 525
1 555 571
3 439 513
3 878 1304
1 998 1186
1 521 269
1 354 708
2 1286 824
3 1039 885
3 1274 78
2 1153 1088
3 1254 461
2 252 1038
3 837 712
2 965 1352
3 177 1326
3 632 42
3 1125 1265
3 579 281
2 146 901
1 70 469
1 170 1097
1 1330 668
2 1278 653
3 689 812
1 126 1062
3 902 744
1 1307 356
1 663 278
3 167 1320
2 1 367
2 1201 12
2 95 1166
1 1272 229
1 360 719
2 431 781
3 328 255
2 583 625
1 941 113
1 1354 849
2 810 233
3 1048 1344
2 405 589
1 257 1363
1 927 243
3 937 522
1 1336 871
1 578 1458
1 1452 1024
3 750 199
2 1182 1278
1 279 708
1 556 188
3 327 1209
2 412 1441
1 228 1209
1 718 1009
1 1178 1271
3 5 1074
1 425 530
1 1274 943
2 706 294
3 74 726
1 400 662
2 1394 841
3 1375 325
2 1194 1333
3 98 1428
1 220 585
1 707 257
1 644 311
1 1018 714
3 802 163
2 185 528
3 640 1450
3 89 393
3 1398 1358
3 1237 1159
2 1185 989
3 451 866
3 271 1012
3 1248 938
2 1291 434
1 1414 1332
1 1354 361
1 858 1260
3 895 493
1 1371 1448
3 929 1115
1 359 390
2 805 5
3 1399 776
2 288 512
1 1127 951
1 1278 863
1 219 660
2 105 737
1 647 387
3 474 651
2 1234 1408
1 279 792
1 990 1400
1 651 793
1 807 383
3 949 175
1 41 1442
1 1053 662
3 612 1290
2 1410 788
3 147 312
2 968 690
3 723 364
1 1221 874
1 900 432
2 1283 713
1 734 402
2 876 347
2 1167 794
1 1373 689
3 60 89
3 395 785
2 365 292
2 1101 703
2 1157 725
2 1329 216
1 748 1165
1 780 50
1 527 940
3 464 741
3 959 1158
3 933 1114
2 1078 1401
1 828 1018
1 626 622
3 1344 1292
1 919 665
3 18 1028
3 683 1133
2 1101 789
2 1060 641
3 567 232
3 649 917
1 178 485
3 506 714
2 966 210
1 1073 1095
3 829 785
1 318 375
2 425 831
1 1105 911
1 725 690
2 614 561
2 469 1400
3 1384 261
2 1083 1398
1 792 1256
3 479 714
1 1397 1178
1 431 1340
1 845 219
2 506 122
3 547 1096
1 513 706
1 313 1296
1 1408 1019
3 338 382
2 206 722
3 876 1090
1 206 1351
3 1021 739
3 825 739
1 690 310
3 1009 1284
1 471 468
1 1061 27
2 68 965
2 1025 485
2 984 15
2 1204 515
1 923 550
3 582 324
2 4 1298
3 1293 701
2 231 956
1 1301 649
3 1425 497
2 207 1152
2 663 158
2 1018 1161
3 224 214
1 7 1439
3 320 1459
1 405 1145
1 979 670
3 1234 775
3 61 1248
2 551 1086
1 1175 1354
2 130 458
3 998 1308
2 1363 1019
2 967 801
1 453 748
2 991 1394
3 953 283
1 463 346
1 1175 101
3 953 1111
1 1140 366
2 1105 765
3 995 959
3 144 845
1 1455 314
1 1407 22
3 325 397
1 101 1149
1 743 1133
2 906 474
2 154 83
3 1267 1422
1 119 306
2 272 713
1 99 397
1 1334 396
3 926 1244
2 86 339
1 1021 585
1 1198 405
2 1063 494
3 1310 1177
2 68 1377
3 1405 1102
3 1193 306
1 236 631
1 351 117
3 965 907
2 1204 1279
3 230 380
2 957 523
1 593 531
2 327 271
3 13 683
1 1171 136
1 1139 453
3 208 561
2 1219 1137
3 896 267
2 571 519
1 1230 397
3 104 1090
2 887 689
3 988 476
3 59 89
2 1357 1217
1 856 326
2 1357 1094
3 1264 631
3 163 1145
2 367 1183
2 372 653
3 634 499
3 224 443
2 1400 246
1 356 1207
2 109 57
1 1216 1117
3 1057 438
3 115 125
2 795 522
1 17 188
1 251 1304
2 553 65
3 1386 79
3 193 808
3 928 12
3 1255 101
1 875 279
1 523 857
2 710 832
3 904 215
2 784 900
2 213 420
3 1039 755
1 511 517
1 347 994
1 912 418
1 612 714
3 1379 178
1 287 1259
2 1208 1097
1 769 1090
3 1377 936
1 1100 497
2 1455 411
3 554 1243
2 1279 1293
3 538 1067
2 467 663
1 97 1153
2 692 217
1 404 962
1 311 95
2 1275 463
2 48 1436
1 201 309
2 327 679
2 960 266
3 80 1195
1 384 307
3 435 639
3 32 1263
1 1395 1144
3 1286 306
2 986 378
3 799 558
1 410 968
1 111 176
2 1058 1398
2 108 157
2 1183 1234
3 1183 35
3 1186 791
3 1179 343
1 970 744
2 1075 582
2 336 476
3 1066 1192
3 965 665
1 351 541
2 549 949
2 129 145
2 1382 1424
1 1168 474
1 993 843
1 1003 15
2 800 664
3 1254 139
3 320 1374
1 178 435
1 1116 1182
3 214 903
2 950 617
1 1387 852
3 990 365
1 904 1437
1 901 435
2 94 1348
1 733 190
1 1225 1045
3 838 390
1 587 650
1 60 98
2 1131 728
3 1305 1345
1 1270 4
3 863 687
1 1431 243
1 136 225
3 401 142
3 851 600
2 52 536
2 261 292
2 659 620
3 304 1431
3 1348 1170
3 261 243
3 429 990
1 1120 295
2 448 165
3 733 1
1 650 1174
2 1166 1207
2 342 795
3 41 729
3 904 15
3 1407 896
3 1249 287
3 1310 1411
3 1186 1365
1 437 1051
3 119 284
2 113 302
2 398 116
3 1116 69
1 952 196
1 811 1375
2 1348 417
2 1063 1006
1 254 744
1 379 550
2 406 1349
3 333 53
3 537 573
3 663 777
2 170 1031
1 311 791
1 1108 87
1 878 1346
1 1299 591
3 1071 419
1 1305 729
3 1269 30
3 659 1122
1 1033 808
2 167 1393
3 982 576
3 682 1050
1 1012 15
3 1360 1369
1 844 1093
3 420 61
2 694 1312
1 221 940
2 115 887
2 1403 808
3 991 915
3 745 887
1 770 156
3 1124 100
2 1425 756
3 583 602
2 100 1424
1 257 1017
2 148 1432
2 886 119
1 820 721
2 963 1458
3 1309 975
2 887 9
3 1266 834
1 448 230
2 714 646
3 350 474
2 630 353
3 15 1255
2 685 116
3 711 37
1 635 882
2 814 157
2 1262 444
2 918 1329
3 610 1155
1 744 471
3 544 1082
1 395 559
2 898 1369
3 318 896
3 207 616
1 237 1030
3 255 800
2 311 1446
1 534 912
1 1140 443
2 406 126
3 525 590
1 812 601
1 727 970
2 1421 1373
2 1362 225
2 211 172
1 6 200
2 545 112
3 1447 118
3 1409 664
3 393 1032
1 916 101
1 243 1045
3 711 1305
3 357 307
2 980 828
1 1027 977
2 68 625
2 537 153
1 1131 244
1 1017 777
2 178 812
2 1002 28
3 1006 68
3 1412 809
2 1101 328
1 33 430
1 450 919
1 685 673
1 232 1153
3 553 652
1 1201 102
3 974 1040
2 458 1222
3 285 495
2 291 394
2 796 23
3 375 414
2 724 310
3 70 1102
3 600 1437
3 325 140
2 1362 510
1 194 698
2 186 324
1 534 1030
2 566 1400
3 1292 1134
1 430 1378
1 339 245
1 1320 1128
3 17 550
2 982 949
2 1257 1108
3 968 245
1 1131 400
2 705 180
1 405 894
3 395 241
2 478 995
2 501 1286
1 923 1248
3 535 844
1 958 742
3 856 1094
3 572 600
1 983 131
3 531 1247
1 1034 1266
2 1200 131
1 359 1182
1 461 700
1 434 1223
3 1276 1232
3 363 552
1 1325 446
1 714 1066
2 1040 979
2 602 318
3 897 1314
1 1421 1368
2 612 880
3 994 779
2 1002 241
1 829 640
1 235 1046
1 1165 1387
2 1077 208
2 1091 708
1 1388 235
3 576 177
3 1027 172
3 554 93
2 362 861
2 268 263
3 1099 709
3 1007 583
2 293 6
2 1335 1200
2 779 340
1 170 1251
3 456 716
2 795 1419
1 151 1225
2 857 614
1 854 1201
1 213 466
3 1319 518
2 665 247
1 350 1034
2 1207 349
2 1049 692
2 1094 481
2 1296 529
3 352 568
2 1062 1182
3 457 957
2 944 513
2 953 626
2 112 854
3 775 30
2 486 253
3 289 1343
2 1402 499
2 119 198
1 295 1329
2 1413 14
1 981 126
2 858 860
3 155 1456
3 481 471
2 315 9
3 561 725
2 779 1166
2 60 1045
3 1332 496
2 384 156
2 637 930
2 520 288
1 811 772
3 424 493
1 1253 929
3 730 936
3 112 632
3 1223 1044
3 164 1020
1 358 625
1 728 464
1 1006 418
3 517 958
3 1325 864
1 879 99
3 1170 1205
2 416 1349
1 354 1201
3 595 1327
3 122 631
1 78 568
2 1345 381
1 689 1405
3 564 1217
2 924 699
3 661 889
3 187 31
3 690 253
2 955 484
3 318 363
2 407 443
3 685 621
2 506 361
3 1180 1295
1 12 823
2 762 744
3 844 364
2 203 606
2 451 596
2 1122 109
3 652 1094
2 953 1448
1 814 471
1 175 1426
2 1265 359
2 470 685
2 928 1296
3 1202 349
2 323 84
1 504 739
2 576 1058
1 1103 197
1 135 930
2 311 30
2 1322 489
3 595 1023
3 61 800
3 358 459
1 397 1276
2 850 1246
2 1451 847
1 1229 1214
2 5 40
1 1230 1168
1 832 1245
3 394 866
1 1403 1185
1 1009 131
3 702 1012
1 1172 927
2 1089 330
1 339 976
1 903 613
3 352 505
3 115 1051
1 48 886
2 301 1412
2 1124 221
2 60 602
3 1163 1076
2 142 218
3 169 1440
2 150 1344
3 578 30
3 149 463
1 895 477
1 218 1080
3 1318 1446
1 1139 670
2 844 1409
3 146 182
1 1406 668
1 366 284
1 773 694
1 111 788
2 856 1228
2 949 160
2 748 1328
2 1279 1380
1 25 297
2 1072 1002
3 85 856
1 204 998
3 527 950
2 1385 283
2 918 936
3 1239 292
2 1277 8
2 974 370
3 48 808
1 983 1261
2 1303 43
3 1035 863
3 136 1272
3 714 295
3 339 870
3 35 772
2 1140 734
2 628 1325
3 1188 1059
3 1222 632
3 1435 419
2 441 894
3 737 962
1 484 900
2 618 617
3 1244 695
3 310 478
3 707 310
2 408 1180
2 1241 1142
1 376 601
1 1203 706
3 1109 501
2 1232 1252
2 1404 1032
