1632 4069
3 340 475
3 795 2
3 1476 918
3 217 501
3 397 934
3 1311 703
3 106 1291
3 431 295
3 1449 563
3 1605 941
3 1558 555
3 724 1617
3 767 484
3 1418 120
3 118 648
3 442 1358
3 1611 781
3 420 1059
3 517 66
3 1390 959
3 1150 316
3 624 300
3 721 1288
3 1532 1493
3 972 572
3 130 62
3 368 1157
3 387 1331
3 220 1569
3 346 872
3 648 680
3 926 591
3 1496 905
3 1203 963
3 518 998
3 584 1449
3 990 939
3 842 1516
3 1005 162
3 348 240
3 1591 1135
3 930 820
3 465 1009
3 831 1043
3 1094 297
3 1089 237
3 749 1360
3 217 1075
3 886 1340
3 347 822
3 7 1624
3 68 854
3 857 1473
3 737 1346
3 351 1262
3 188 1417
3 1233 848
3 972 307
3 1334 23
3 1133 839
3 240 371
3 134 284
3 466 665
3 1144 1030
3 120 637
3 1494 1502
3 104 373
3 255 829
3 28 688
3 664 1143
3 850 233
3 712 658
3 13 937
3 619 515
3 364 494
3 1546 1547
3 745 59
3 487 1550
3 1366 790
3 81 1579
3 878 371
3 1138 1396
3 1382 1140
3 99 760
3 33 1101
3 872 962
3 1277 769
3 1319 504
3 1143 362
3 95 81
3 1220 370
3 1517 519
3 565 1632
3 515 1240
3 54 517
3 1537 957
3 973 1623
3 1560 1224
3 627 1421
3 1460 157
3 808 323
3 1545 1133
3 380 122
3 654 577
3 752 1537
3 654 1608
3 1360 11
3 1451 1470
3 1290 108
3 103 1629
3 976 1470
3 1370 1281
3 788 1019
3 586 227
3 636 439
3 208 97
3 1554 1563
3 202 51
3 315 671
3 850 378
3 1504 1408
3 208 709
3 1511 1461
3 103 86
3 52 7
3 37 143
3 1485 674
3 1591 1237
3 1288 861
3 1477 1339
3 702 366
3 1419 744
3 1207 1174
3 54 829
3 973 1138
3 215 609
3 711 1055
3 1629 1051
3 1460 669
3 359 82
3 1383 882
3 267 1356
3 386 1099
3 938 273
3 284 1165
3 595 450
3 703 1429
3 299 1388
3 1308 115
3 182 1625
3 443 299
3 1006 1555
3 93 509
3 901 595
3 1382 182
3 1376 331
3 1546 1453
3 477 258
3 1471 494
3 109 769
3 857 1278
3 1220 561
3 1278 45
3 414 1399
3 1347 1383
3 1137 1307
3 875 962
3 953 847
3 62 1604
3 992 1572
3 1152 200
3 1254 471
3 213 1329
3 546 1153
3 225 939
3 1076 1179
3 1567 1049
3 920 1632
3 1588 516
3 1161 1072
3 1586 1416
3 104 647
3 1621 412
3 254 627
3 141 1387
3 1572 121
3 857 244
3 1302 954
3 1351 1301
3 1156 785
3 1424 1209
3 1415 489
3 1528 1414
3 997 1475
3 521 1251
3 995 1278
3 1219 1171
3 457 879
3 422 599
3 1547 508
3 1299 1206
3 592 414
3 1305 1369
3 282 1286
3 408 1155
3 228 1548
3 727 1476
3 615 1510
3 93 1156
3 591 1453
3 1197 1121
3 857 308
3 798 413
3 1505 143
3 66 537
3 1359 53
3 500 1416
3 1190 1298
3 424 1228
3 1204 1378
3 1484 286
3 796 274
3 48 1601
3 969 1350
3 258 1031
3 300 211
3 1536 883
3 121 152
3 883 1107
3 756 829
3 1603 660
3 428 995
3 798 31
3 1340 997
3 1458 28
3 885 777
3 907 617
3 234 908
3 290 276
3 243 332
3 3 617
3 940 1513
3 830 721
3 1603 237
3 78 471
3 1592 366
3 212 1122
3 394 464
3 873 176
3 618 660
3 872 1512
3 775 1132
3 225 725
3 185 1162
3 1281 310
3 1393 1291
3 304 176
3 825 1440
3 1484 120
3 36 991
3 42 601
3 536 455
3 1195 980
3 984 557
3 331 23
3 1611 1172
3 238 1251
3 1576 619
3 77 336
3 1495 1362
3 1029 159
3 211 1338
3 375 537
3 1190 1364
3 833 79
3 1572 474
3 1477 1161
3 1496 1054
3 70 1371
3 1331 1206
3 1111 200
3 781 1305
3 831 468
3 258 1388
3 692 1284
3 682 543
3 150 1316
3 470 504
3 516 525
3 84 1326
3 1534 1343
3 38 527
3 1455 57
3 921 1333
3 898 1036
3 570 202
3 724 84
3 1392 1306
3 1629 4
3 1577 489
3 1056 401
3 1385 1331
3 948 619
3 812 543
3 748 661
3 118 1437
3 388 618
3 653 761
3 317 1298
3 689 612
3 1197 324
3 975 74
3 565 303
3 377 1114
3 86 1006
3 158 1567
3 742 1273
3 270 1515
3 629 741
3 288 884
3 1210 70
3 854 693
3 1079 303
3 1431 260
3 1608 849
3 396 1494
3 779 705
3 348 462
3 31 565
3 1521 1532
3 997 74
3 1112 333
3 1027 404
3 1577 910
3 737 977
3 80 34
3 301 267
3 717 591
3 826 601
3 244 55
3 25 1494
3 536 1092
3 105 1074
3 1054 28
3 203 872
3 1626 1573
3 227 488
3 648 959
3 1446 779
3 575 496
3 912 404
3 1436 1082
3 641 965
3 728 674
3 1328 971
3 1393 240
3 1449 804
3 1060 983
3 1283 1531
3 1205 60
3 1196 624
3 785 1401
3 89 1319
3 832 504
3 903 477
3 395 1137
3 1019 657
3 480 332
3 1558 931
3 291 931
3 1188 589
3 422 115
3 1085 1516
3 31 1046
3 680 641
3 300 1079
3 465 527
3 765 583
3 497 754
3 1354 1454
3 1505 1084
3 799 1049
3 1084 187
3 218 1098
3 1246 882
3 991 955
3 547 361
3 5 666
3 1595 551
3 195 1469
3 628 1303
3 209 1349
3 227 1437
3 114 187
3 547 544
3 1420 371
3 1425 228
3 668 225
3 1397 272
3 1375 868
3 1256 293
3 125 326
3 996 1380
3 437 1462
3 693 856
3 365 92
3 1121 1080
3 385 1246
3 1379 664
3 96 239
3 132 518
3 893 1601
3 442 811
3 1148 1621
3 609 712
3 74 749
3 1094 865
3 646 1052
3 189 1070
3 743 852
3 568 1395
3 846 714
3 123 1379
3 19 132
3 1390 208
3 1139 904
3 512 485
3 1414 1398
3 53 472
3 1628 457
3 1620 1296
3 1611 713
3 84 935
3 1146 902
3 1186 720
3 890 104
3 412 227
3 1213 84
3 833 1528
3 334 1412
3 1164 618
3 1097 868
3 507 897
3 907 245
3 30 1423
3 37 299
3 1413 327
3 176 551
3 357 500
3 147 262
3 462 576
3 134 1583
3 758 463
3 1424 1523
3 1424 750
3 687 928
3 1445 682
3 1154 1249
3 1386 1138
3 762 1119
3 675 727
3 547 715
3 968 1226
3 251 801
3 870 1220
3 1305 1321
3 901 1615
3 1372 660
3 547 47
3 1084 1581
3 821 1052
3 164 301
3 599 847
3 911 519
3 57 100
3 1446 638
3 265 762
3 1174 1020
3 1294 540
3 600 687
3 559 1001
3 847 1497
3 1478 1091
3 601 871
3 681 241
3 346 1258
3 729 1455
3 1353 1216
3 975 1156
3 238 1291
3 415 621
3 238 1031
3 125 1379
3 1415 193
3 979 245
3 983 110
3 1412 980
3 988 251
3 769 1052
3 783 795
3 1630 760
3 490 733
3 1523 1499
3 185 742
3 819 199
3 685 43
3 353 1007
3 744 1339
3 104 322
3 177 1174
3 1161 1488
3 753 1077
3 177 1392
3 661 116
3 183 635
3 246 128
3 532 1294
3 1259 1589
3 257 1095
3 604 890
3 1541 38
3 804 531
3 182 457
3 122 322
3 117 1495
3 1215 1245
3 1007 706
3 819 1195
3 1276 638
3 295 1239
3 408 533
3 86 1243
3 1156 950
3 1370 746
3 1389 1600
3 1427 167
3 1158 1456
3 211 217
3 228 732
3 9 1173
3 562 1575
3 1416 1113
3 472 234
3 63 245
3 578 179
3 402 750
3 1168 187
3 613 261
3 1062 1625
3 1321 704
3 1308 1266
3 192 1360
3 859 777
3 771 1158
3 746 1428
3 698 365
3 1075 1244
3 1497 997
3 113 800
3 143 1223
3 1443 1069
3 884 152
3 184 531
3 1229 142
3 1393 33
3 5 1500
3 724 760
3 563 917
3 154 619
3 171 1496
3 203 265
3 1521 1038
3 541 964
3 375 196
3 61 1335
3 43 92
3 59 205
3 208 635
3 747 1391
3 940 382
3 1575 54
3 1437 1282
3 1451 1238
3 682 614
3 37 883
3 1479 1378
3 310 25
3 827 618
3 386 903
3 467 22
3 1203 772
3 1140 819
3 520 145
3 350 1132
3 1147 1080
3 777 1141
3 162 701
3 1375 962
3 659 74
3 1538 1437
3 1036 105
3 369 1607
3 593 1193
3 1370 491
3 344 572
3 837 772
3 27 1388
3 1103 1411
3 247 470
3 224 827
3 62 364
3 1404 1254
3 808 121
3 1628 1456
3 352 944
3 955 77
3 412 632
3 74 640
3 1300 318
3 1183 647
3 1330 1455
3 764 1147
3 1109 751
3 581 16
3 81 1103
3 1384 791
3 709 1329
3 1143 1355
3 356 1518
3 1198 716
3 147 663
3 1322 1302
3 336 558
3 1591 1479
3 192 1434
3 1461 1053
3 836 784
3 669 1095
3 1533 1544
3 277 1558
3 1440 872
3 971 1423
3 68 356
3 721 1041
3 1574 1063
3 640 637
3 476 881
3 1359 1630
3 190 1275
3 1385 1592
3 1153 152
3 262 985
3 1411 834
3 445 312
3 604 685
3 1219 30
3 109 1308
3 909 503
3 361 783
3 323 701
3 1185 889
3 1431 609
3 992 1619
3 1208 430
3 1505 1099
3 982 389
3 982 930
3 877 1102
3 1214 1123
3 470 1570
3 590 570
3 1097 1186
3 1093 835
3 292 1156
3 1484 520
3 991 641
3 886 537
3 734 116
3 213 281
3 1253 486
3 95 682
3 1086 1562
3 415 1085
3 736 566
3 1258 1438
3 823 233
3 631 30
3 1373 440
3 922 987
3 990 630
3 983 324
3 108 778
3 1557 611
3 119 1517
3 1292 39
3 482 1216
3 709 1248
3 856 959
3 1466 1253
3 487 1419
3 1518 258
3 1309 280
3 90 259
3 199 996
3 1029 975
3 1562 1544
3 35 578
3 170 1238
3 1171 93
3 121 640
3 467 1496
3 1407 1141
3 195 94
3 1592 1531
3 619 113
3 988 1066
3 1492 873
3 1444 1335
3 1369 1371
3 815 46
3 703 830
3 809 1440
3 1360 1443
3 794 57
3 914 826
3 815 1201
3 992 1299
3 2 1089
3 683 598
3 50 622
3 278 17
3 1573 1144
3 66 537
3 1562 123
3 852 274
3 1412 1564
3 1109 984
3 526 82
3 98 1086
3 316 1535
3 830 267
3 786 1105
3 920 552
3 374 946
3 942 615
3 414 1601
3 739 1611
3 692 436
3 592 1456
3 534 1083
3 1151 1202
3 37 829
3 1182 941
3 1355 718
3 448 1207
3 476 1392
3 1481 230
3 1575 31
3 544 814
3 1552 988
3 140 966
3 1111 1521
3 418 203
3 955 887
3 505 1025
3 226 272
3 400 877
3 757 850
3 566 1006
3 1560 817
3 1506 254
3 913 883
3 112 157
3 1552 401
3 1476 1316
3 1195 50
3 49 1332
3 829 131
3 322 15
3 1373 1072
3 1621 1260
3 1131 1169
3 1020 1379
3 468 1065
3 684 1285
3 1253 512
3 74 917
3 657 820
3 387 1174
3 700 307
3 1074 125
3 1405 648
3 924 1250
3 1498 619
3 1101 817
3 99 1312
3 231 1316
3 159 94
3 713 519
3 983 1389
3 843 1335
3 850 246
3 72 796
3 579 1560
3 710 1281
3 804 21
3 1029 1154
3 1330 1006
3 1402 1384
3 199 455
3 733 1547
3 237 245
3 804 1311
3 614 370
3 779 6
3 674 13
3 618 901
3 420 286
3 761 936
3 891 448
3 510 1516
3 1540 971
3 22 1341
3 897 1087
3 852 191
3 751 379
3 16 794
3 1364 1062
3 1609 1046
3 651 1612
3 1222 629
3 750 52
3 1194 1592
3 475 1223
3 1234 502
3 1562 1049
3 773 238
3 810 753
3 140 607
3 66 450
3 42 485
3 1003 163
3 1456 357
3 1253 1626
3 1266 176
3 573 1158
3 592 167
3 1298 71
3 1161 1014
3 783 263
3 1121 1166
3 86 147
3 39 204
3 880 77
3 973 879
3 1190 701
3 320 127
3 1550 262
3 642 1292
3 832 152
3 682 679
3 498 1347
3 1184 987
3 400 980
3 1367 526
3 625 1560
3 233 232
3 1514 835
3 203 1515
3 765 1320
3 1291 1532
3 1008 322
3 1407 1012
3 763 1220
3 588 1037
3 1383 967
3 725 1141
3 792 391
3 1457 1355
3 148 638
3 1385 885
3 232 567
3 631 17
3 1381 1630
3 179 437
3 918 1373
3 811 882
3 1026 1327
3 17 486
3 413 770
3 481 67
3 683 617
3 455 424
3 729 188
3 695 1507
3 767 1163
3 834 24
3 1203 206
3 1355 1098
3 309 1418
3 810 1148
3 960 1304
3 132 768
3 1488 287
3 541 1458
3 342 606
3 214 349
3 1210 1047
3 1005 1061
3 31 22
3 965 583
3 389 68
3 718 799
3 1068 726
3 750 502
3 1161 1400
3 1178 785
3 1274 304
3 956 261
3 685 1177
3 231 493
3 1347 642
3 249 247
3 468 469
3 1451 728
3 1091 995
3 1611 781
3 428 160
3 530 1315
3 572 1165
3 447 373
3 1630 1559
3 327 957
3 782 1363
3 1077 367
3 1104 1043
3 79 1064
3 92 350
3 1000 1259
3 1181 1156
3 1529 150
3 743 803
3 376 653
3 243 1284
3 1281 1572
3 748 772
3 1488 23
3 1473 1297
3 1472 1359
3 1045 361
3 38 545
3 1315 752
3 474 1283
3 12 416
3 140 867
3 881 333
3 376 896
3 1428 358
3 1451 336
3 1128 1444
3 31 478
3 1234 348
3 1221 1003
3 277 193
3 1204 130
3 799 1367
3 422 828
3 304 979
3 1553 850
3 1072 1145
3 1333 693
3 1315 617
3 115 1257
3 676 1335
3 492 88
3 1072 162
3 909 995
3 1136 490
3 269 871
3 532 55
3 780 484
3 721 1251
3 148 191
3 626 1029
3 372 1151
3 1565 1223
3 62 380
3 520 863
3 737 1432
3 1202 1257
3 559 827
3 228 1007
3 863 1514
3 34 1348
3 764 356
3 694 554
3 107 1484
3 577 616
3 108 386
3 60 1409
3 1177 1337
3 214 1508
3 918 1294
3 1223 142
3 577 667
3 790 1190
3 708 1547
3 155 954
3 1090 244
3 1304 1015
3 26 1316
3 910 1000
3 916 331
3 776 1370
3 12 563
3 1100 609
3 800 1436
3 861 712
3 594 525
3 1517 90
3 778 796
3 229 911
3 1335 952
3 75 1448
3 927 61
3 343 860
3 1239 384
3 502 714
3 1056 1528
3 165 1474
3 218 759
3 1075 1205
3 1028 268
3 634 198
3 1278 152
3 66 1332
3 1580 773
3 1563 240
3 1486 1356
3 1177 1535
3 464 1124
3 876 1478
3 868 710
3 438 925
3 1386 641
3 1401 1200
3 1101 1628
3 1378 592
3 534 1392
3 1072 1472
3 122 968
3 1142 741
3 743 425
3 1201 561
3 1042 79
3 1135 914
3 494 900
3 144 692
3 922 81
3 1530 884
3 1336 1550
3 434 954
3 631 492
3 110 387
3 1395 950
3 1486 3
3 441 668
3 734 436
3 1573 944
3 496 148
3 1269 9
3 1538 1456
3 208 1070
3 851 1104
3 1476 779
3 765 1309
3 446 1148
3 265 1108
3 228 67
3 874 527
3 496 1382
3 1201 1567
3 1602 865
3 1553 1334
3 1141 1509
3 1100 1165
3 683 1377
3 1063 227
3 733 249
3 1496 1326
3 312 5
3 108 1487
3 1282 1573
3 1121 132
3 1293 1129
3 594 321
3 172 1052
3 1078 771
3 15 852
3 229 114
3 1342 707
3 1514 1091
3 460 447
3 656 161
3 244 1332
3 1443 457
3 414 196
3 817 1459
3 1270 163
3 84 469
3 1095 544
3 100 307
3 858 792
3 1378 955
3 635 1006
3 1218 1260
3 1115 220
3 441 82
3 506 1121
3 77 1418
3 176 162
3 177 721
3 395 1041
3 1137 282
3 1124 985
3 1363 750
3 223 138
3 75 851
3 1537 454
3 4 420
3 1106 1145
3 1259 975
3 555 939
3 101 464
3 616 1375
3 1388 1327
3 498 1398
3 677 320
3 620 221
3 825 1351
3 1187 516
3 344 246
3 526 564
3 1601 415
3 533 1125
3 633 1
3 457 620
3 1627 1139
3 1296 280
3 680 1590
3 44 212
3 300 1446
3 215 105
3 1186 660
3 1164 1246
3 977 553
3 28 129
3 673 1450
3 351 447
3 260 1125
3 1197 1039
3 682 988
3 1391 377
3 87 1023
3 663 1180
3 909 1120
3 381 1543
3 1590 179
3 593 882
3 968 600
3 454 368
3 1416 487
3 368 793
3 870 431
3 143 10
3 1447 226
3 202 1459
3 11 297
3 435 731
3 1438 339
3 144 464
3 1537 1130
3 1152 1277
3 222 687
3 1209 720
3 1418 611
3 1534 1417
3 580 1280
3 812 1621
3 379 1624
3 116 214
3 1415 920
3 1370 379
3 747 850
3 1570 778
3 459 65
3 872 479
3 425 390
3 119 664
3 1558 101
3 67 1179
3 435 545
3 1520 1294
3 541 389
3 517 1167
3 423 983
3 1073 132
3 1513 76
3 679 291
3 90 376
3 1134 1474
3 15 487
3 743 1398
3 383 768
3 1497 951
3 526 602
3 438 71
3 144 1090
3 953 1303
3 648 1159
3 1462 444
3 1107 263
3 1098 190
3 1107 1577
3 1290 165
3 995 222
3 207 1036
3 579 666
3 190 1207
3 338 1202
3 83 284
3 1564 990
3 803 990
3 1153 948
3 1566 362
3 845 1599
3 1101 993
3 668 1086
3 1407 559
3 673 1474
3 576 826
3 561 1266
3 820 1080
3 776 624
3 214 1064
3 1301 1304
3 1188 836
3 1160 585
3 652 1061
3 1009 753
3 1610 773
3 1312 819
3 1255 252
3 1347 1203
3 861 387
3 1268 856
3 1607 1178
3 828 1068
3 260 329
3 1071 1302
3 1393 698
3 498 955
3 427 708
3 34 76
3 1360 597
3 828 660
3 1619 1143
3 1224 1628
3 667 1244
3 50 371
3 1468 686
3 40 554
3 430 1577
3 925 472
3 876 698
3 1478 478
3 1601 321
3 1564 272
3 1236 885
3 842 516
3 78 1013
3 1491 243
3 203 269
3 1571 411
3 715 990
3 5 338
3 1518 180
3 1100 268
3 1600 208
3 604 1450
3 1099 206
3 515 1023
3 2 1133
3 273 567
3 241 1260
3 1587 226
3 401 986
3 116 424
3 370 630
3 864 1573
3 382 1402
3 723 46
3 684 254
3 1114 452
3 257 1628
3 602 579
3 168 859
3 315 92
3 1151 324
3 221 535
3 937 1087
3 1257 879
3 1608 301
3 254 238
3 164 408
3 1275 588
3 695 1029
3 246 293
3 169 332
3 1196 277
3 155 433
3 731 1524
3 248 32
3 869 1598
3 168 1550
3 219 698
3 566 488
3 1036 1415
3 1016 1612
3 1061 1230
3 1592 511
3 1479 1038
3 318 861
3 1571 1263
3 1384 1124
3 148 691
3 1534 620
3 973 938
3 266 1167
3 238 1155
3 1045 1282
3 1261 740
3 448 433
3 1098 1490
3 801 1045
3 28 176
3 574 1048
3 1229 1068
3 933 987
3 160 835
3 1165 1512
3 420 598
3 1561 1314
3 975 442
3 1078 225
3 600 1250
3 1466 78
3 588 1190
3 810 667
3 1063 948
3 866 1632
3 1423 413
3 1318 918
3 1583 454
3 1165 350
3 65 741
3 1531 62
3 1558 1437
3 1060 1246
3 1447 599
3 1594 338
3 34 748
3 1299 884
3 1315 13
3 1455 86
3 94 421
3 877 889
3 776 231
3 378 1502
3 417 15
3 995 315
3 514 1502
3 1328 1156
3 949 166
3 1169 149
3 817 127
3 795 1188
3 64 375
3 325 1575
3 52 1029
3 1605 294
3 874 252
3 17 1549
3 1463 98
3 1505 361
3 642 527
3 679 467
3 268 691
3 623 1433
3 1275 1367
3 1051 779
3 1548 678
3 1277 995
3 14 1436
3 396 1451
3 1336 396
3 467 486
3 1486 1076
3 612 694
3 1467 1044
3 369 1499
3 1004 1430
3 1537 332
3 1009 82
3 458 834
3 1254 530
3 991 248
3 6 436
3 1467 582
3 1305 1205
3 269 1357
3 330 424
3 1301 156
3 1441 432
3 772 499
3 187 32
3 295 579
3 1140 1249
3 825 758
3 1352 675
3 1601 174
3 845 1339
3 355 1264
3 1192 500
3 95 1489
3 243 1066
3 755 117
3 30 376
3 1578 1619
3 1258 957
3 496 942
3 354 344
3 1123 821
3 553 265
3 62 1381
3 1315 1286
3 1532 502
3 559 906
3 153 910
3 1339 17
3 1123 328
3 969 133
3 635 801
3 1118 1004
3 231 624
3 946 282
3 1102 978
3 1012 299
3 977 1280
3 1462 986
3 949 1189
3 1143 471
3 1405 597
3 1380 501
3 1052 124
3 1505 243
3 552 850
3 1341 436
3 1248 612
3 427 1481
3 1198 692
3 1089 1598
3 1062 1413
3 5 42
3 1314 135
3 1453 1473
3 1230 372
3 949 989
3 588 694
3 263 1073
3 1426 795
3 38 594
3 324 1470
3 377 175
3 80 1248
3 1564 165
3 216 336
3 144 295
3 277 1155
3 1294 1151
3 1615 1086
3 56 525
3 1097 795
3 261 410
3 1251 868
3 1552 690
3 1115 1136
3 144 65
3 343 277
3 1370 246
3 419 964
3 155 229
3 1307 1432
3 964 625
3 102 988
3 714 381
3 240 545
3 261 253
3 652 56
3 1591 737
3 1620 908
3 286 1008
3 1354 1570
3 966 79
3 1518 416
3 918 1577
3 1393 1147
3 1529 1545
3 1197 257
3 1287 1357
3 799 1090
3 199 369
3 1207 877
3 304 1398
3 300 1289
3 235 1446
3 865 1500
3 789 1369
3 1248 1421
3 950 737
3 1186 348
3 512 472
3 1305 277
3 678 1159
3 368 100
3 771 1468
3 668 1417
3 586 826
3 472 92
3 131 1092
3 1369 115
3 809 791
3 1522 1309
3 1533 639
3 353 177
3 741 1022
3 1485 650
3 576 900
3 1623 53
3 435 789
3 778 1076
3 547 373
3 93 1330
3 1078 356
3 817 1114
3 245 1108
3 1103 1493
3 1139 1525
3 269 1042
3 1174 453
3 1314 687
3 75 1097
3 452 1491
3 1001 1271
3 798 380
3 108 1249
3 914 1152
3 963 1371
3 152 342
3 783 1066
3 896 494
3 1218 348
3 901 1589
3 727 1383
3 1355 1303
3 727 895
3 170 429
3 869 496
3 568 112
3 837 1230
3 1004 600
3 1268 862
3 1043 772
3 365 1263
3 383 247
3 22 320
3 1500 115
3 919 1150
3 475 1101
3 1250 1129
3 1061 1386
3 388 986
3 1412 340
3 1398 1255
3 228 1283
3 391 1120
3 1057 1355
3 1621 1182
3 1069 1370
3 1632 969
3 275 1468
3 350 1451
3 1109 680
3 151 103
3 443 1484
3 1108 964
3 821 1001
3 602 880
3 1462 409
3 193 467
3 96 519
3 876 1184
3 237 1153
3 594 627
3 231 899
3 905 590
3 1552 1199
3 1042 692
3 1213 543
3 663 439
3 225 471
3 603 324
3 712 777
3 1618 655
3 324 943
3 1145 552
3 1097 775
3 438 500
3 1127 921
3 1198 155
3 1499 1356
3 1060 70
3 631 917
3 1474 1417
3 549 459
3 542 18
3 1561 815
3 848 815
3 1583 1040
3 977 1484
3 473 286
3 380 907
3 96 1149
3 636 1497
3 236 48
3 1344 986
3 1533 1622
3 614 1238
3 552 1172
3 1508 121
3 269 264
3 159 735
3 62 1212
3 328 1006
3 1418 237
3 223 1356
3 434 182
3 1106 1221
3 37 1094
3 838 667
3 543 1565
3 688 1631
3 991 294
3 1576 488
3 207 1388
3 628 658
3 785 67
3 219 1293
3 981 1286
3 1119 751
3 665 112
3 1053 80
3 1298 1556
3 668 231
3 1310 555
3 550 1190
3 775 51
3 1075 1575
3 1309 871
3 586 1141
3 380 120
3 410 179
3 582 271
3 703 185
3 1464 1632
3 887 454
3 1399 1068
3 758 1097
3 1136 106
3 1163 154
3 884 1212
3 1355 1535
3 1473 676
3 730 1539
3 571 1308
3 148 759
3 1332 1139
3 118 1133
3 615 1088
3 689 723
3 1107 1447
3 865 145
3 120 297
3 1330 910
3 1418 45
3 911 315
3 489 1264
3 752 558
3 18 773
3 1351 63
3 1577 782
3 725 1340
3 1230 1336
3 1172 1371
3 1239 1315
3 1258 946
3 158 1594
3 1217 346
3 1251 960
3 162 672
3 824 1335
3 319 234
3 1395 1365
3 1314 1249
3 539 621
3 688 1228
3 425 524
3 806 672
3 1100 313
3 891 308
3 91 1318
3 436 857
3 1601 233
3 258 1320
3 1416 105
3 61 612
3 1168 1399
3 680 1576
3 1345 127
3 27 1626
3 869 1188
3 1341 1101
3 384 1235
3 1455 931
3 472 1369
3 1436 158
3 664 569
3 529 1161
3 1573 325
3 1142 1294
3 185 200
3 548 1475
3 1395 1506
3 1520 734
3 338 1537
3 1367 1418
3 1441 219
3 851 266
3 928 715
3 1134 1148
3 1041 1122
3 49 792
3 1032 1200
3 176 274
3 30 197
3 1006 101
3 1058 257
3 1095 801
3 342 125
3 1387 1488
3 762 465
3 1185 1434
3 328 520
3 259 328
3 1136 1442
3 1276 888
3 323 1352
3 1419 1524
3 702 1050
3 1292 934
3 468 592
3 67 1025
3 514 956
3 83 79
3 640 673
3 931 729
3 1458 578
3 183 187
3 778 1295
3 1223 1088
3 546 963
3 1318 248
3 1096 228
3 17 194
3 631 550
3 676 515
3 1155 1150
3 451 402
3 196 1219
3 910 776
3 1600 1190
3 215 377
3 883 935
3 550 406
3 178 1589
3 35 1545
3 127 1535
3 112 1222
3 864 689
3 729 408
3 1304 1581
3 1623 1313
3 446 1246
3 1120 1493
3 1303 789
3 1168 549
3 794 33
3 1558 182
3 610 1126
3 1388 490
3 1301 1558
3 1115 371
3 173 164
3 1463 580
3 1618 274
3 411 182
3 1221 885
3 1053 863
3 965 1599
3 1523 379
3 116 318
3 580 1186
3 698 658
3 1059 1629
3 992 640
3 1069 560
3 834 1149
3 833 271
3 4 941
3 1460 939
3 342 1005
3 1038 421
3 652 1235
3 460 1060
3 1545 1317
3 1186 628
3 1047 133
3 1002 542
3 1586 1023
3 305 419
3 1309 47
3 1433 904
3 1599 765
3 601 411
3 904 769
3 1457 1335
3 925 228
3 774 108
3 867 892
3 117 1022
3 867 1627
3 367 609
3 848 1392
3 808 886
3 255 617
3 48 1058
3 1512 857
3 243 242
3 1585 1265
3 907 795
3 719 806
3 632 596
3 691 1472
3 1049 935
3 1460 1167
3 706 1131
3 1223 1614
3 910 210
3 1390 459
3 1536 96
3 731 1630
3 1164 1466
3 4 1034
3 201 1044
3 1018 552
3 1134 238
3 1408 1321
3 193 1627
3 282 851
3 856 166
3 865 1170
3 581 935
3 336 195
3 291 868
3 985 604
3 279 402
3 1226 599
3 513 40
3 1414 811
3 895 999
3 1037 1144
3 330 643
3 206 1474
3 800 96
3 632 116
3 1092 246
3 61 1565
3 1277 456
3 340 1136
3 623 1519
3 481 245
3 1442 268
3 1366 523
3 875 1454
3 1464 272
3 1104 825
3 480 615
3 222 1247
3 354 51
3 1224 1023
3 238 998
3 1558 321
3 1378 512
3 554 707
3 561 182
3 956 717
3 1525 807
3 271 1615
3 1102 348
3 596 669
3 132 643
3 209 1149
3 1460 1307
3 761 40
3 1624 309
3 1356 1106
3 586 43
3 1004 233
3 887 472
3 491 825
3 1382 114
3 415 9
3 1044 772
3 190 1570
3 990 1458
3 5 769
3 85 946
3 137 396
3 192 1288
3 101 1158
3 93 91
3 1248 1095
3 41 118
3 1501 329
3 218 18
3 1375 810
3 878 1333
3 916 1576
3 1055 1065
3 128 213
3 73 1535
3 34 1232
3 1550 425
3 905 585
3 1030 1301
3 497 1177
3 1591 1564
3 340 715
3 860 460
3 186 1006
3 1309 1548
3 1600 1104
3 254 636
3 1435 568
3 1334 9
3 64 928
3 816 695
3 1167 77
3 652 1229
3 487 943
3 167 70
3 657 1438
3 1047 1199
3 745 1023
3 629 759
3 1507 184
3 771 1158
3 4 111
3 1355 1165
3 1595 751
3 1305 12
3 581 1534
3 783 481
3 506 1610
3 246 34
3 1512 1437
3 676 776
3 1521 239
3 1355 401
3 1144 673
3 698 1294
3 799 108
3 1271 857
3 274 1385
3 1604 1225
3 1129 305
3 89 123
3 1559 431
3 1352 471
3 224 612
3 1350 589
3 894 1402
3 1570 913
3 1021 1176
3 286 497
3 85 349
3 1595 1399
3 1581 1342
3 1214 351
3 297 6
3 357 1200
3 1091 224
3 1349 211
3 1430 1469
3 1402 117
3 461 1428
3 318 380
3 747 1428
3 1542 1371
3 1143 930
3 789 1566
3 349 63
3 1623 800
3 1460 23
3 45 965
3 652 1098
3 450 1082
3 1210 562
3 1225 20
3 206 1260
3 957 188
3 1023 811
3 1033 873
3 404 429
3 1323 1306
3 204 144
3 85 73
3 955 13
3 259 101
3 1328 388
3 1401 448
3 945 770
3 474 1294
3 694 880
3 1300 810
3 302 1175
3 97 743
3 159 912
3 313 141
3 1630 224
3 362 1193
3 628 80
3 284 442
3 1244 1574
3 1306 790
3 55 962
3 1362 393
3 444 491
3 684 1227
3 250 608
3 510 338
3 1094 824
3 1138 673
3 1514 710
3 344 232
3 369 882
3 1129 406
3 500 1482
3 28 322
3 533 444
3 32 640
3 80 772
3 77 638
3 322 928
3 805 251
3 399 709
3 874 1220
3 1411 450
3 210 640
3 205 348
3 24 1398
3 805 1512
3 1133 1271
3 962 186
3 1377 495
3 833 623
3 1340 1117
3 1275 1223
3 899 69
3 534 1341
3 1426 1383
3 1188 1107
3 1049 865
3 1220 420
3 157 1107
3 179 1588
3 746 764
3 1536 1467
3 1068 1282
3 544 1594
3 1534 945
3 601 986
3 833 251
3 662 824
3 778 785
3 12 558
3 724 984
3 369 376
3 395 569
3 245 621
3 561 418
3 864 283
3 985 1589
3 538 1193
3 178 8
3 625 1132
3 217 777
3 1269 1036
3 1028 1079
3 460 965
3 512 52
3 1419 945
3 1175 454
3 432 1058
3 343 1335
3 239 118
3 917 498
3 473 1631
3 1223 1423
3 680 1086
3 1622 1097
3 1368 1372
3 832 1474
3 706 1387
3 677 1266
3 1505 432
3 1352 187
3 146 293
3 1034 394
3 1150 1358
3 1255 511
3 263 1512
3 1016 768
3 352 1600
3 812 246
3 1197 1038
3 462 309
3 22 730
3 1265 465
3 1232 889
3 1381 534
3 387 729
3 1387 1272
3 925 1319
3 515 1293
3 183 1010
3 342 198
3 978 1181
3 1616 1152
3 1016 1405
3 1300 252
3 176 453
3 677 482
3 1384 1464
3 763 1177
3 1305 949
3 669 32
3 1592 660
3 493 86
3 1286 676
3 972 1495
3 1201 950
3 1350 315
3 1491 328
3 662 490
3 1145 39
3 944 1
3 1302 117
3 1073 142
3 815 242
3 1425 99
3 20 692
3 538 715
3 901 1602
3 1403 1110
3 1576 1147
3 1183 919
3 1314 307
3 465 1117
3 1007 602
3 1056 146
3 1204 166
3 1164 1327
3 609 95
3 109 1072
3 265 49
3 303 839
3 1525 1573
3 501 601
3 67 1417
3 1513 25
3 1069 832
3 1432 486
3 960 44
3 120 425
3 44 1498
3 1314 1005
3 29 1426
3 847 1573
3 1419 1384
3 1180 1558
3 489 1131
3 1357 364
3 229 529
3 1010 828
3 764 579
3 1508 1144
3 1253 1621
3 557 838
3 33 1585
3 1420 480
3 341 199
3 1552 681
3 424 1387
3 109 1095
3 1541 286
3 1168 684
3 1315 1603
3 742 1503
3 139 956
3 895 115
3 853 433
3 1140 1560
3 39 1181
3 84 604
3 813 140
3 228 1259
3 994 821
3 1302 1169
3 539 405
3 852 1613
3 1068 708
3 235 1475
3 948 711
3 771 132
3 361 177
3 1275 1089
3 359 580
3 616 185
3 904 14
3 545 1199
3 1309 1505
3 259 1149
3 316 1110
3 1407 128
3 1528 1132
3 307 51
3 741 288
3 247 607
3 864 566
3 184 290
3 625 108
3 635 919
3 1063 978
3 490 53
3 1403 837
3 1509 43
3 1061 1243
3 433 76
3 187 1296
3 1464 859
3 1494 627
3 714 235
3 405 959
3 263 1484
3 128 1561
3 1518 607
3 1625 647
3 1531 1190
3 1529 1349
3 969 292
3 457 1004
3 962 150
3 1508 1348
3 1315 1156
3 291 1500
3 268 48
3 1560 839
3 855 99
3 1304 1205
3 788 1540
3 520 512
3 1400 1383
3 335 770
3 1091 74
3 1340 240
3 1625 323
3 1082 1441
3 833 9
3 1330 1305
3 426 1042
3 1580 1468
3 1278 1256
3 1352 76
3 931 1027
3 280 47
3 825 844
3 302 942
3 314 393
3 1515 1321
3 868 502
3 929 551
3 763 1255
3 778 311
3 1242 204
3 696 1373
3 756 317
3 862 1006
3 908 252
3 1029 1147
3 908 810
3 180 31
3 215 496
3 508 406
3 1417 1516
3 630 363
3 938 425
3 28 1008
3 723 1436
3 86 1069
3 1357 463
3 639 88
3 1549 916
3 1032 1141
3 1351 50
3 1535 1247
3 583 391
3 960 1091
3 884 179
3 776 1434
3 388 1496
3 1476 1345
3 743 1071
3 1451 327
3 1259 1552
3 389 1624
3 1457 999
3 997 940
3 197 1465
3 1610 1584
3 785 1217
3 1241 1466
3 1244 1534
3 1115 1117
3 779 367
3 1308 164
3 1064 589
3 1213 34
3 770 466
3 1049 632
3 161 1501
3 1519 521
3 430 538
3 500 1533
3 69 729
3 1010 1164
3 1006 1406
3 594 447
3 654 1163
3 1267 1155
3 883 1599
3 464 629
3 39 1503
3 614 447
3 490 268
3 512 66
3 1396 1605
3 302 1375
3 1314 441
3 1031 768
3 240 3
3 612 1002
3 1629 1512
3 644 417
3 693 43
3 1113 811
3 464 913
3 488 210
3 760 830
3 910 1345
3 268 1019
3 734 1085
3 695 209
3 124 521
3 429 1566
3 785 373
3 760 948
3 1282 1381
3 1496 978
3 440 823
3 601 385
3 427 1126
3 987 431
3 799 1167
3 1348 1053
3 1239 1151
3 1483 1435
3 1616 219
3 962 561
3 263 489
3 94 541
3 631 984
3 32 1120
3 126 8
3 902 287
3 634 176
3 1527 12
3 750 490
3 711 800
3 136 284
3 309 1441
3 960 1448
3 197 772
3 933 490
3 741 239
3 1075 1604
3 118 130
3 320 640
3 1130 1353
3 1285 684
3 244 1025
3 1157 536
3 981 110
3 1070 1110
3 586 1181
3 1358 683
3 678 1029
3 666 749
3 336 374
3 1277 1355
3 100 1066
3 1250 678
3 349 1092
3 1542 1461
3 1586 1475
3 759 137
3 525 612
3 630 95
3 258 1154
3 849 148
3 11 513
3 1597 1550
3 822 1160
3 384 1312
3 602 957
3 409 1204
3 56 757
3 344 682
3 893 344
3 934 1178
3 1384 789
3 1286 260
3 999 448
3 835 1266
3 1151 1351
3 788 60
3 964 146
3 1341 337
3 374 1596
3 1288 969
3 217 631
3 1582 1421
3 1428 1221
3 1139 925
3 723 1468
3 515 524
3 1577 240
3 1334 739
3 1285 428
3 217 741
3 930 610
3 1069 1001
3 1342 1031
3 432 1001
3 1493 948
3 202 1585
3 630 1096
3 892 476
3 1468 663
3 1297 585
3 386 1221
3 1267 774
3 1586 1269
3 1441 13
3 1212 356
3 1205 131
3 1632 205
3 786 719
3 1267 90
3 594 700
3 1457 1257
3 1122 1187
3 727 60
3 1078 103
3 1486 828
3 1222 212
3 441 1502
3 664 315
3 882 1136
3 1463 66
3 960 1211
3 1104 543
3 1485 1606
3 1181 1047
3 910 1589
3 66 405
3 558 1107
3 309 343
3 340 179
3 7 465
3 1494 128
3 388 180
3 541 852
3 786 970
3 1601 1191
3 868 1095
3 1383 154
3 1281 390
3 187 1123
3 1415 1472
3 35 973
3 274 1474
3 2 1416
3 1267 256
3 183 374
3 1193 153
3 669 183
3 1453 529
3 723 417
3 1503 1032
3 22 1203
3 916 1159
3 464 1243
3 1121 603
3 1271 1254
3 867 783
3 624 1617
3 524 706
3 653 536
3 832 1229
3 124 713
3 347 140
3 1565 847
3 730 337
3 659 1459
3 113 37
3 1352 478
3 688 1267
3 1217 85
3 697 625
3 1425 1139
3 683 1399
3 1569 905
3 1009 1175
3 443 567
3 827 1461
3 225 1469
3 401 219
3 1153 1579
3 700 986
3 206 118
3 291 1226
3 43 1230
3 402 1169
3 1011 87
3 1606 232
3 479 1235
3 1306 935
3 315 670
3 1232 986
3 1371 1379
3 541 1283
3 585 1435
3 968 785
3 988 1482
3 929 612
3 762 285
3 790 121
3 1577 3
3 1486 593
3 654 1292
3 587 814
3 754 123
3 654 699
3 668 548
3 1132 786
3 57 976
3 46 911
3 296 923
3 1134 1309
3 953 121
3 1402 528
3 1037 89
3 527 525
3 1387 1600
3 1308 1267
3 1220 134
3 721 1546
3 485 586
3 137 1285
3 1627 23
3 1247 1091
3 786 613
3 1236 448
3 1279 885
3 1104 1018
3 173 57
3 871 626
3 196 893
3 1376 1096
3 1534 1332
3 332 127
3 1504 1537
3 1041 213
3 1521 640
3 1126 373
3 1176 946
3 91 1280
3 1215 1243
3 1453 1442
3 1600 108
3 413 445
3 793 1611
3 424 1052
3 1608 880
3 1317 70
3 1395 829
3 892 978
3 1084 662
3 462 1292
3 790 1103
3 919 333
3 912 1141
3 1470 358
3 1558 688
3 813 1218
3 1368 495
3 1411 1412
3 1547 766
3 1452 1522
3 349 391
3 163 129
3 45 31
3 780 1062
3 424 296
3 1566 1424
3 312 433
3 211 1332
3 125 1084
3 1054 505
3 583 105
3 42 87
3 1265 373
3 1463 1196
3 174 1054
3 178 259
3 1553 1612
3 1521 1143
3 1514 1593
3 701 1119
3 920 1457
3 1548 1049
3 167 726
3 115 1061
3 771 382
3 1195 546
3 692 410
3 424 1243
3 1426 274
3 1216 276
3 836 1623
3 1109 260
3 1230 560
3 1329 235
3 634 821
3 1176 158
3 1395 702
3 1371 1459
3 468 1178
3 160 420
3 1570 524
3 1623 1597
3 1376 1559
3 822 865
3 828 153
3 1251 974
3 899 188
3 1039 177
3 1156 1456
3 5 143
3 244 488
3 393 97
3 386 391
3 149 849
3 543 802
3 640 1468
3 943 750
3 712 1349
3 596 1380
3 812 1005
3 1092 175
3 1012 182
3 1436 1033
3 173 254
3 624 1592
3 552 101
3 68 1604
3 1355 1008
3 641 1586
3 811 553
3 1301 1290
3 787 1352
3 669 358
3 1202 226
3 19 995
3 836 1598
3 482 460
3 760 149
3 796 1291
3 141 1493
3 826 592
3 915 794
3 977 583
3 1168 1272
3 1518 934
3 1246 1362
3 522 468
3 511 842
3 641 1443
3 891 1290
3 191 163
3 877 1381
3 474 228
3 659 1052
3 795 167
3 289 938
3 1313 557
3 291 99
3 409 308
3 638 362
3 954 1220
3 689 608
3 565 483
3 453 866
3 993 261
3 878 279
3 905 528
3 296 320
3 78 1086
3 391 1440
3 1457 1586
3 287 616
3 1576 606
3 1462 5
3 927 410
3 1334 1152
3 1354 1143
3 628 144
3 297 857
3 943 913
3 179 352
3 1353 1004
3 959 1594
3 1298 168
3 1209 1261
3 102 1262
3 1128 281
3 663 1440
3 1106 733
3 2 1552
3 6 844
3 219 1045
3 1038 690
3 98 1126
3 418 1237
3 1185 1148
3 343 1146
3 1374 1591
3 818 1413
3 1369 999
3 1552 1516
3 1168 1598
3 1491 1075
3 1477 110
3 758 1060
3 1451 1062
3 179 269
3 873 957
3 670 1577
3 923 551
3 735 387
3 1158 1276
3 40 207
3 1272 1431
3 677 1300
3 251 2
3 425 1453
3 203 711
3 1528 252
3 1599 795
3 383 1497
3 983 702
3 970 1391
3 1520 595
3 893 887
3 341 1461
3 1366 1318
3 279 354
3 756 1344
3 1014 728
3 729 884
3 530 182
3 1025 1365
3 1484 679
3 1025 1308
3 1620 190
3 424 1615
3 109 867
3 1218 519
3 701 954
3 1483 5
3 1603 964
3 586 280
3 49 1629
3 836 582
3 411 1173
3 720 396
3 552 508
3 63 1169
3 454 156
3 884 1560
3 547 104
3 785 835
3 383 1527
3 1347 791
3 1345 1135
3 1337 169
3 938 208
3 1125 1549
3 499 638
3 515 448
3 493 1078
3 15 1000
3 672 1060
3 1009 606
3 1139 566
3 1583 498
3 1174 724
3 1044 506
3 712 180
3 293 84
3 310 125
3 594 493
3 38 1602
3 1516 1525
3 1599 1229
3 1497 19
3 1099 794
3 8 174
3 192 478
3 967 272
3 102 1039
3 1109 638
3 200 8
3 123 1112
3 216 232
3 671 1165
3 174 1047
3 1426 154
3 975 394
3 732 449
3 198 256
3 630 73
3 457 686
3 570 803
3 844 252
3 557 427
3 1015 448
3 1445 1053
3 1289 1566
3 1100 575
3 1439 613
3 587 131
3 372 773
3 1130 671
3 916 1345
3 270 1243
3 271 1583
3 11 1030
3 730 696
3 1340 1509
3 1373 619
3 293 211
3 292 536
3 561 1464
3 963 617
3 1621 334
3 857 558
3 1295 929
3 741 80
3 582 430
3 367 314
3 996 683
3 870 169
3 1617 7
3 465 1034
3 30 918
3 501 875
3 297 272
3 383 297
3 725 1035
3 1459 1283
3 906 1395
3 185 1463
3 1395 448
3 1244 128
3 371 1290
3 250 398
3 613 312
3 998 170
3 32 312
3 1183 1341
3 995 1468
3 1625 278
3 601 1083
3 1536 845
3 98 515
3 1601 13
3 881 1281
3 291 113
3 834 1467
3 826 1186
3 16 1525
3 137 1342
3 394 1018
3 250 1538
3 1144 1182
3 1100 643
3 94 446
3 738 1051
3 439 1133
3 897 1291
3 575 981
3 515 354
3 639 274
3 1383 1071
3 1286 1522
3 119 511
3 602 647
3 1578 1389
3 1084 1311
3 248 412
3 476 1321
3 1270 1049
3 733 597
3 894 170
3 361 1088
3 682 18
3 629 1169
3 69 1063
3 669 254
3 1604 192
3 1278 351
3 1089 1462
3 1500 867
3 878 233
3 387 1342
3 1033 640
3 910 805
3 1248 387
3 1038 385
3 658 1021
3 226 1082
3 1352 1229
3 1269 203
3 228 628
3 42 247
3 1590 1568
3 1086 1241
3 1403 437
3 1229 1475
3 847 1304
3 1139 982
3 912 681
3 1616 747
3 875 281
3 1151 368
3 385 934
3 1093 36
3 63 1143
3 1054 1339
3 289 1530
3 328 1219
3 494 801
3 718 565
3 737 1158
3 896 98
3 642 666
3 741 1076
3 784 751
3 941 484
3 1416 1379
3 856 560
3 1366 381
3 755 1131
3 658 601
3 60 723
3 260 1499
3 359 665
3 1307 1073
3 1534 141
3 1316 466
3 829 1549
3 570 657
3 1067 544
3 1522 1599
3 405 13
3 522 349
3 666 356
3 1000 1492
3 1220 961
3 1349 286
3 1021 848
3 815 1224
3 780 787
3 1017 222
3 108 174
3 168 976
3 1116 814
3 502 653
3 553 224
3 1323 1408
3 88 1132
3 360 1603
3 204 845
3 1451 313
3 584 1080
3 1048 355
3 1413 1334
3 868 1047
3 1488 46
3 467 1358
3 1284 1432
3 721 680
3 1435 968
3 53 863
3 329 1593
3 1200 333
3 49 1369
3 717 490
3 440 1049
3 883 249
3 1518 301
3 810 85
3 1345 948
3 930 601
3 910 344
3 1540 258
3 366 598
3 1582 207
3 28 1182
3 657 63
3 1171 1267
3 421 828
3 1019 1044
3 1342 521
3 115 1380
3 234 678
3 329 1625
3 1625 1296
3 483 843
3 430 101
3 1457 100
3 397 1184
3 680 439
3 1402 640
3 1253 585
3 1180 852
3 140 927
3 562 960
3 1179 1584
3 1212 78
3 1440 783
3 589 1464
3 1359 1460
3 584 41
3 407 773
3 545 1569
3 1441 381
3 830 465
3 1244 315
3 1261 1266
3 610 901
3 707 1174
3 80 1050
3 636 1210
3 525 1093
3 7 404
3 1316 585
3 158 333
3 1378 781
3 186 964
3 974 162
3 865 519
3 408 385
3 1449 680
3 1384 291
3 551 1172
3 683 1090
3 1521 104
3 1304 914
3 592 1602
3 1306 580
3 594 1236
3 888 384
3 1533 621
3 1585 1241
3 667 632
3 501 513
3 455 1158
3 1260 982
3 1472 781
3 1613 637
3 1623 481
3 303 836
3 261 1342
3 839 448
3 1621 308
3 300 323
3 439 129
3 1441 380
3 807 1112
3 993 960
3 1167 643
3 926 27
3 63 178
3 345 1530
3 134 762
3 218 1500
3 1287 997
3 1143 188
3 1044 978
3 291 643
3 1379 1612
3 423 1497
3 1029 1458
3 626 1102
3 131 1470
3 1027 1566
3 1183 620
3 931 793
3 946 52
3 265 538
3 522 152
3 1336 1289
3 350 678
3 111 1548
3 468 89
3 18 1313
3 239 1567
3 917 362
3 1147 122
3 1057 1363
3 97 1514
3 1367 1407
3 680 443
3 1091 1347
3 599 286
3 771 888
3 1260 158
3 636 831
3 1382 576
3 259 1246
3 1483 1314
3 451 61
3 1622 667
3 1259 934
3 153 493
3 471 1109
3 1054 1220
3 1073 1125
3 1169 1392
3 77 1250
3 381 1494
3 1405 1191
3 1597 1529
3 527 1241
3 1249 1535
3 1453 31
3 1565 321
3 1372 178
3 1013 340
3 1359 649
3 374 1313
3 345 536
3 1445 471
3 365 336
3 133 1424
3 1479 1333
3 1438 13
3 651 1139
3 620 1260
3 150 1465
3 190 395
3 1091 42
3 1035 818
3 536 766
3 560 1187
3 238 808
3 7 1242
3 227 302
3 1088 951
3 1076 555
3 838 1002
3 154 1110
3 507 1317
3 422 1420
3 267 537
3 1075 1333
3 448 207
3 249 1604
3 381 760
3 1025 1084
3 813 995
3 704 883
3 1528 946
3 83 248
3 434 298
3 1554 1479
3 496 353
3 86 847
3 151 1136
3 776 1353
3 1019 1198
3 475 954
3 471 225
3 124 674
3 512 353
3 1089 844
3 355 532
3 641 1009
3 884 214
3 1333 815
3 1469 531
3 635 560
3 913 327
3 364 521
3 28 178
3 66 75
3 1490 1121
3 1283 1470
3 474 644
3 459 280
3 574 440
3 629 373
3 431 296
3 364 1186
3 517 1097
3 1187 39
3 1430 1572
3 253 29
3 561 426
3 1498 1386
3 1209 259
3 1265 1179
3 929 751
3 266 833
3 627 1207
3 1429 508
3 204 8
3 233 869
3 363 1222
3 239 1403
3 1064 1027
3 447 292
3 511 457
3 957 626
3 17 169
3 227 1102
3 35 1253
3 1291 1325
3 1143 198
3 976 917
3 902 548
3 658 281
3 1420 1181
3 1030 93
3 1251 862
3 58 1366
3 1319 1609
3 1369 1534
3 1443 1382
3 1204 846
3 505 565
3 726 1322
3 1149 1050
3 426 398
3 1459 965
3 918 1207
3 679 1262
3 541 1071
3 518 1439
3 1545 163
3 195 649
3 844 375
3 904 89
3 857 18
3 1542 1188
3 628 1524
3 434 203
3 1066 1510
3 1425 494
3 252 1175
3 409 1460
3 940 447
3 78 356
3 1385 906
3 384 1399
3 1049 112
3 599 927
3 498 1154
3 88 192
3 768 480
3 59 1155
3 124 1128
3 562 622
3 414 1441
3 1134 1250
3 77 106
3 549 1394
3 198 812
3 375 1524
3 838 1594
3 185 873
3 996 1203
3 1469 804
3 182 432
3 1401 21
3 1405 494
3 105 1381
3 842 855
3 1494 835
3 1263 43
3 237 364
3 829 174
3 708 1295
3 898 1020
3 401 1194
3 267 1337
3 425 1403
3 1376 980
3 1275 1055
3 582 1138
3 1422 1086
3 1571 1447
3 1340 358
3 1151 752
3 571 38
3 1037 768
3 1442 412
3 1260 1076
3 824 1065
3 1621 362
3 1226 966
3 204 1444
3 622 1291
3 703 1512
3 576 611
3 820 916
3 686 575
3 959 295
3 1239 1199
3 831 377
3 1340 306
3 751 454
3 943 1334
3 1136 1622
3 412 944
3 1269 1468
3 1339 250
3 488 17
3 329 597
3 1625 1132
3 1443 1575
3 451 976
3 193 1538
3 1414 113
3 1294 136
3 866 78
3 1127 909
3 1122 446
3 703 971
3 897 1249
3 672 1391
3 1292 454
3 1631 1505
3 423 1501
3 1619 1296
3 807 623
3 576 972
3 620 1504
3 1002 985
3 1320 865
3 1184 80
3 1112 747
3 1597 1091
3 975 1513
3 1349 1412
3 1462 816
3 1517 381
3 753 1546
3 1470 972
3 1234 269
3 1375 303
3 1187 1131
3 285 201
3 310 108
3 479 604
3 1487 424
3 707 274
3 321 742
3 1129 797
3 78 153
3 404 46
3 1295 393
3 304 321
3 426 490
3 135 492
3 43 148
3 1208 185
3 669 76
3 1215 1377
3 696 657
3 311 1468
3 785 17
3 20 245
3 1384 119
3 303 309
3 940 1009
3 684 210
3 790 17
3 1140 474
3 617 788
3 705 613
3 728 212
3 1298 122
3 947 384
3 1399 1496
3 1024 978
3 135 924
3 1584 63
3 229 1086
3 484 818
3 482 1168
3 1253 609
3 73 175
3 1262 356
3 337 824
3 1273 324
3 861 847
3 333 970
3 1114 845
3 658 398
3 971 1132
3 737 702
3 17 1201
3 821 410
3 744 651
3 4 1363
3 99 706
3 467 906
3 1388 1135
3 1445 1416
3 375 1591
3 363 1576
3 571 1142
3 796 1135
3 953 368
3 547 1182
3 741 362
3 904 1210
3 1103 1321
3 547 1198
3 106 424
3 78 642
3 1612 876
3 425 409
3 401 442
3 702 1267
3 1087 98
3 872 1285
3 1174 1469
3 489 1353
3 903 621
3 1570 605
3 820 395
3 1028 975
3 1403 642
3 1142 1401
3 368 601
3 560 1152
3 25 912
3 481 517
3 579 1201
3 770 1092
3 193 487
3 1058 1124
3 1327 1565
3 1550 1378
3 364 954
3 527 379
3 578 1561
3 140 1170
3 671 628
3 890 1005
3 1631 436
3 1448 308
3 1036 1310
3 676 267
3 1316 326
3 1091 273
3 1454 1622
3 1153 381
3 421 960
3 647 721
3 362 1416
3 1325 238
3 739 262
3 46 419
3 587 1363
3 203 1414
3 1441 375
3 601 276
3 1181 236
3 309 1526
3 533 506
3 1479 424
3 1627 1083
3 24 715
3 1220 1089
3 797 1171
3 1099 1550
3 1232 232
3 1105 133
3 573 1582
3 1615 166
3 1278 486
3 1096 234
3 690 206
3 922 846
3 271 821
3 857 1057
3 3 1031
3 1050 540
3 619 1593
3 861 409
3 1072 440
3 338 284
3 158 451
3 593 1046
3 1435 762
3 456 1073
3 1432 577
3 156 378
3 853 826
3 339 150
3 1358 620
3 719 463
3 1479 1574
3 667 712
3 954 504
3 650 1586
3 824 939
3 390 1033
3 1626 1377
3 1385 1105
3 43 852
3 593 221
3 453 1164
3 381 745
3 1249 790
3 1351 1156
3 365 879
3 31 1222
3 205 741
3 85 1456
3 222 942
3 299 880
3 131 1120
3 36 1301
3 704 1028
3 556 574
3 636 415
3 1050 350
3 276 1548
3 143 1058
3 320 598
3 6 19
3 875 1328
3 1375 777
3 689 456
3 1551 1087
3 484 641
3 12 1406
3 865 1349
3 1043 676
3 249 1557
3 976 1347
3 146 634
3 462 578
3 500 840
3 736 732
3 799 488
3 886 247
3 253 317
3 120 1208
3 389 1311
3 724 484
3 665 306
3 1216 1403
3 473 440
3 1381 1343
3 1605 52
3 31 801
3 1162 800
3 270 967
3 1302 1160
3 1498 1402
3 451 306
3 973 1563
3 1484 1307
3 1235 1517
3 401 610
3 1361 1054
3 1121 288
3 607 1361
3 1580 1575
3 338 824
3 1255 1063
3 1171 1524
3 1532 1076
3 1408 962
3 1268 937
3 205 1261
3 1492 90
3 843 114
3 1403 1407
3 1533 629
3 727 36
3 30 630
3 1334 1397
3 1245 940
3 678 325
3 677 1096
3 68 1513
3 1068 1494
3 828 1335
3 1578 464
3 648 266
3 1005 377
3 196 701
3 1588 471
3 2 1375
3 81 1180
3 268 1240
3 334 129
3 1021 940
3 663 1259
3 527 1064
3 1410 343
3 282 1428
3 853 1048
3 606 911
3 591 799
3 948 1256
3 138 1470
3 778 606
3 1037 1133
3 770 902
3 220 1618
3 500 904
3 757 513
3 1377 1202
3 735 574
3 1612 1387
3 1188 164
3 1620 932
3 1588 518
3 1614 287
3 1484 294
3 1298 1359
3 1527 762
3 954 772
3 660 1063
3 125 331
3 168 184
3 1438 1583
3 1009 800
3 414 40
3 963 1029
3 239 672
3 1056 1035
3 1417 1094
3 1087 1590
3 73 1581
3 824 800
3 1577 1370
3 1044 640
3 816 702
3 1361 1023
3 565 528
3 1504 871
3 1474 1581
3 827 605
3 855 1434
3 1434 926
3 949 186
3 566 1118
3 1298 1477
3 1462 349
3 72 395
3 1499 281
3 246 61
3 1349 1509
3 1524 256
3 704 973
3 896 169
3 1610 867
3 1584 1424
3 1162 50
3 24 1261
3 1017 1139
3 452 419
3 1438 327
3 1367 895
3 101 371
3 1125 947
3 631 1386
3 507 793
3 389 674
3 1461 946
3 58 1212
3 1290 222
3 1197 286
3 882 1581
3 1098 294
3 365 1316
3 474 1384
3 1202 138
3 281 644
3 731 446
3 51 1029
3 970 1129
3 974 57
3 1440 31
3 1127 1541
3 314 997
3 416 580
3 1583 971
3 1248 1174
3 133 1311
3 818 728
3 621 586
3 206 699
3 1034 674
3 395 189
3 1028 1033
3 536 436
3 803 1277
3 863 440
3 1168 832
3 196 946
3 779 1412
3 118 730
3 1630 869
3 1609 1149
3 1245 1098
3 396 1211
3 718 1576
3 264 751
3 394 397
3 686 1340
3 756 531
3 307 432
3 636 722
3 744 1155
3 1302 733
3 921 1406
3 260 554
3 230 1287
3 58 175
3 93 1105
3 133 1412
3 682 1512
3 1527 1323
3 712 1084
3 1017 1219
3 1063 1297
3 185 64
3 180 1133
3 1367 769
3 1461 115
3 650 914
3 1073 1417
3 279 1124
3 419 1021
3 887 543
3 19 18
3 1175 1473
3 717 712
3 155 1254
3 193 1262
3 873 1076
3 244 840
3 607 1152
3 1571 10
3 1448 895
3 743 675
3 1198 1250
3 651 1352
3 850 1593
3 1190 1570
3 800 533
3 857 496
3 176 1094
3 1153 1576
3 1092 349
3 1344 96
3 161 989
3 1542 275
3 1045 308
3 963 925
3 1610 1413
3 357 525
3 1098 966
3 1621 360
3 448 175
3 1083 45
3 1465 27
3 243 936
3 134 347
3 1073 852
3 657 1145
3 450 1068
3 114 37
3 8 1569
3 435 397
3 372 363
3 519 1171
3 575 80
3 482 916
3 476 1370
3 921 171
3 1306 782
3 142 451
3 1438 527
3 1226 842
3 318 1478
3 1242 701
3 1064 1557
3 998 912
3 219 1024
3 1439 33
3 1290 1478
3 987 1366
3 1100 1
3 1510 856
3 798 1603
3 1563 823
3 757 1264
3 235 277
3 1118 1392
3 400 1609
3 525 1215
3 1012 1349
3 964 969
3 731 965
3 304 1431
3 1412 1382
3 1438 576
3 823 5
3 794 840
3 987 79
3 1053 1418
3 869 1267
3 881 1295
3 465 1116
3 1566 1136
3 19 499
3 949 1626
3 562 789
3 501 1365
3 1297 479
3 838 149
3 1290 1309
3 839 879
3 1604 274
3 732 327
3 1381 150
3 451 373
3 936 581
3 883 961
3 975 1147
3 992 981
3 867 1180
3 518 1206
3 592 1484
3 252 1065
3 832 932
3 761 1232
3 1205 618
3 116 1598
3 809 122
3 501 270
3 255 658
3 30 1136
3 252 1192
3 1137 612
3 118 95
3 1617 609
3 1034 416
3 1578 1153
3 1214 1467
3 35 1207
3 1460 157
3 726 855
3 818 1157
3 1461 963
3 428 672
3 405 1421
3 435 799
3 1477 1057
3 355 1340
3 927 779
3 34 1176
3 847 277
3 1191 700
3 357 607
3 885 707
3 879 1557
3 1353 1543
3 37 1565
3 749 167
3 1110 1294
3 654 1482
3 573 1150
3 442 561
3 710 620
3 205 164
3 1155 364
3 885 1621
3 259 137
3 130 1150
3 1301 1221
3 780 465
3 298 364
3 198 684
3 828 1488
3 874 332
3 790 1256
3 1187 442
3 1060 380
3 903 249
3 1281 483
3 633 1275
3 767 521
3 573 1424
3 766 1452
3 1119 662
3 1148 900
3 1125 1423
3 193 527
3 557 1250
3 491 754
3 915 563
3 1523 33
3 160 1189
3 665 42
3 977 235
3 541 1202
3 547 235
3 1081 1293
3 649 971
3 889 924
3 890 558
3 671 1005
3 862 1572
3 811 927
3 246 402
3 796 461
3 571 1149
3 628 587
3 1100 266
3 285 586
3 330 1160
3 652 1578
3 1495 101
3 804 813
3 200 530
3 1609 1539
3 1252 929
3 1419 697
3 779 426
3 1571 69
3 303 314
3 630 1202
3 1187 694
3 586 1139
3 1598 312
3 1139 1253
3 380 1177
3 1224 172
3 55 1317
3 1359 890
3 115 401
3 894 1478
3 746 146
3 712 230
3 1121 595
3 654 969
3 222 259
3 774 1365
3 1358 586
3 1292 284
3 503 1075
3 1238 104
3 43 1066
3 1615 1343
3 466 561
3 931 705
3 790 1591
3 322 1367
3 520 1451
3 1356 1547
3 1102 1229
3 641 147
3 850 113
3 1291 67
3 640 1334
3 538 558
3 912 1236
3 727 304
3 86 1094
3 1394 599
3 945 750
3 233 1557
3 553 163
3 1561 682
3 1070 28
