1574 658
3 55 908
3 271 949
3 1415 1350
3 1371 139
3 402 1525
3 939 151
3 387 1353
3 1155 72
3 1252 488
3 500 234
3 1491 1255
3 1096 1115
3 1259 149
3 1253 392
3 844 1569
3 636 435
3 307 850
3 955 38
3 839 203
3 118 538
3 1087 1360
3 554 39
3 1192 115
3 1101 1233
3 1197 853
3 720 1070
3 515 598
3 1519 181
3 139 872
3 1492 871
3 299 409
3 822 234
3 289 1075
3 1344 1379
3 1503 630
3 986 444
3 701 59
3 104 61
3 584 679
3 173 685
3 1444 594
3 1067 357
3 736 943
3 812 1056
3 772 111
3 587 272
3 1269 1448
3 1038 1096
3 1508 1289
3 677 1380
3 593 1400
3 290 207
3 382 1572
3 308 1133
3 779 441
3 1443 1017
3 740 937
3 785 49
3 1361 1557
3 1013 1050
3 406 619
3 314 469
3 281 124
3 967 903
3 523 939
3 1365 798
3 1408 1415
3 390 788
3 733 322
3 1527 94
3 1275 951
3 1087 285
3 163 360
3 6 1064
3 176 1528
3 280 1383
3 866 234
3 780 473
3 675 1477
3 1294 1180
3 1177 1268
3 1100 848
3 1181 989
3 127 1282
3 357 935
3 246 1329
3 874 1284
3 893 93
3 680 1435
3 1356 529
3 960 917
3 907 1500
3 1285 1284
3 1337 1238
3 1309 684
3 776 1180
3 875 357
3 483 1454
3 1388 1499
3 896 707
3 559 1050
3 555 1049
3 714 965
3 269 1334
3 952 1367
3 789 922
3 1551 571
3 1472 516
3 489 200
3 1524 1229
3 1328 1019
3 733 441
3 992 90
3 907 1084
3 399 266
3 110 1285
3 750 699
3 809 171
3 1078 273
3 309 979
3 335 971
3 106 1458
3 773 206
3 453 405
3 902 1411
3 31 965
3 418 1483
3 855 1019
3 1012 1037
3 37 1477
3 540 813
3 680 629
3 1435 852
3 616 1077
3 1072 1293
3 811 607
3 441 1472
3 447 79
3 101 475
3 376 392
3 934 701
3 614 709
3 568 1466
3 1108 344
3 1039 119
3 453 1301
3 1431 112
3 838 345
3 1132 1199
3 979 1557
3 624 544
3 1160 876
3 329 338
3 376 113
3 477 1043
3 1334 1432
3 353 73
3 462 1530
3 1400 933
3 1188 1432
3 593 599
3 1477 562
3 146 1241
3 1062 16
3 838 1345
3 987 258
3 814 1451
3 1491 676
3 1007 1574
3 1460 1168
3 885 307
3 587 929
3 792 434
3 580 340
3 1433 120
3 1321 219
3 104 1549
3 426 1253
3 402 131
3 630 716
3 280 79
3 193 757
3 368 1252
3 1034 1304
3 950 415
3 598 47
3 1000 65
3 821 678
3 29 254
3 1100 1278
3 1276 1437
3 1516 303
3 158 1508
3 1164 1218
3 116 1167
3 984 1482
3 1165 1035
3 1200 51
3 155 1277
3 444 726
3 909 407
3 375 906
3 1567 979
3 471 67
3 1315 345
3 1421 323
3 1217 715
3 1158 64
3 379 614
3 1524 921
3 304 1366
3 747 1279
3 566 39
3 1306 1373
3 425 1188
3 655 1322
3 471 1301
3 413 1381
3 802 656
3 1339 492
3 1116 768
3 1170 910
3 517 1052
3 164 709
3 798 962
3 454 755
3 320 128
3 1228 1079
3 268 1253
3 1132 618
3 55 1447
3 534 1445
3 897 206
3 110 721
3 508 858
3 578 626
3 1147 1482
3 592 1407
3 1178 1305
3 668 730
3 327 923
3 1557 1262
3 979 66
3 476 1130
3 737 1197
3 925 1246
3 546 1503
3 1133 487
3 769 1068
3 1203 478
3 1295 567
3 1400 369
3 964 1183
3 1558 1211
3 1017 1362
3 915 573
3 1306 393
3 1141 332
3 692 955
3 1043 1392
3 430 1366
3 661 228
3 485 163
3 93 278
3 1471 1058
3 685 485
3 1464 203
3 364 1316
3 324 618
3 949 237
3 826 1441
3 1489 35
3 989 1352
3 1119 133
3 480 1317
3 181 1253
3 880 1495
3 1554 342
3 780 1352
3 1111 806
3 1001 404
3 625 1061
3 465 366
3 564 873
3 122 678
3 483 370
3 70 67
3 720 1118
3 1471 109
3 1017 1068
3 123 1533
3 140 1561
3 937 569
3 265 1169
3 1326 166
3 656 499
3 1500 401
3 651 542
3 1043 1416
3 1138 1572
3 1574 1031
3 1523 1146
3 785 1390
3 1204 1116
3 1157 1019
3 381 1236
3 239 1311
3 840 1204
3 199 821
3 828 1116
3 1385 1270
3 1367 752
3 613 1206
3 472 1073
3 1166 9
3 1554 1294
3 145 13
3 668 377
3 546 1521
3 417 930
3 1301 1348
3 1555 1313
3 436 1076
3 718 489
3 1565 906
3 403 1368
3 881 1503
3 1043 1149
3 54 625
3 1128 790
3 760 254
3 675 225
3 660 1307
3 833 1192
3 219 1151
3 364 601
3 326 500
3 361 1523
3 684 901
3 282 917
3 94 185
3 261 785
3 227 879
3 121 1154
3 1174 1003
3 1007 310
3 1428 107
3 62 641
3 1221 1414
3 156 1313
3 158 228
3 580 664
3 683 1203
3 73 226
3 29 301
3 1126 1424
3 735 554
3 1487 660
3 707 34
3 920 492
3 410 1004
3 951 82
3 371 1177
3 1279 504
3 1245 1101
3 1452 1440
3 1423 1527
3 1420 1344
3 1367 585
3 465 272
3 1410 496
3 248 207
3 691 461
3 689 956
3 857 932
3 40 435
3 136 1430
3 156 1076
3 605 262
3 1381 1398
3 1009 1051
3 956 904
3 1250 1263
3 1497 871
3 1031 1051
3 934 1389
3 998 642
3 755 600
3 1279 1419
3 1387 507
3 1059 721
3 1015 209
3 1256 1322
3 1237 174
3 334 160
3 393 1472
3 671 140
3 745 1515
3 812 130
3 1134 1113
3 130 1528
3 672 370
3 377 604
3 52 925
3 813 690
3 280 389
3 792 1027
3 723 1533
3 1543 177
3 586 604
3 957 671
3 251 416
3 428 454
3 1072 150
3 1338 320
3 1073 99
3 662 1317
3 505 1183
3 295 1051
3 745 51
3 800 811
3 164 189
3 841 73
3 1379 175
3 436 823
3 1542 774
3 985 407
3 1251 1245
3 61 1310
3 560 346
3 1215 102
3 41 295
3 880 360
3 851 118
3 1190 789
3 1356 442
3 740 1473
3 213 422
3 1236 1244
3 1299 837
3 896 1573
3 998 349
3 853 771
3 864 494
3 812 932
3 86 1017
3 1436 1405
3 1356 293
3 54 1360
3 315 1025
3 1187 71
3 680 524
3 692 1571
3 839 1303
3 1493 224
3 1264 952
3 5 901
3 195 1512
3 177 1345
3 1206 695
3 273 1199
3 426 578
3 1355 1186
3 462 667
3 1566 472
3 1458 908
3 295 1550
3 251 1477
3 500 1070
3 1255 663
3 1207 147
3 1110 855
3 692 175
3 1507 1063
3 80 252
3 712 546
3 1359 520
3 1472 599
3 338 1464
3 967 1307
3 532 512
3 1394 275
3 780 434
3 747 604
3 1116 502
3 1486 1518
3 1207 1052
3 172 454
3 1057 1054
3 606 64
3 48 244
3 484 961
3 1344 606
3 275 303
3 823 538
3 845 830
3 112 1548
3 102 46
3 793 498
3 126 1120
3 527 859
3 1563 732
3 37 1224
3 442 259
3 1379 1063
3 919 638
3 960 226
3 1483 372
3 493 905
3 1166 730
3 161 1073
3 14 1223
3 1366 285
3 1499 1230
3 1340 480
3 228 755
3 923 396
3 12 1214
3 702 428
3 752 623
3 1437 663
3 286 349
3 1402 830
3 145 448
3 158 1309
3 1182 975
3 145 845
3 1518 930
3 405 517
3 1384 399
3 1466 1003
3 1530 749
3 992 301
3 1339 133
3 858 826
3 730 738
3 703 806
3 690 534
3 1323 486
3 690 143
3 1116 743
3 956 1572
3 301 17
3 939 388
3 597 954
3 408 78
3 1497 755
3 1081 1527
3 396 647
3 46 611
3 938 490
3 723 267
3 1402 671
3 31 234
3 492 69
3 333 770
3 469 669
3 942 336
3 103 782
3 1335 1135
3 1484 1336
3 840 1265
3 77 575
3 1523 1247
3 858 785
3 677 1097
3 1048 575
3 457 374
3 902 1312
3 657 1269
3 682 812
3 14 870
3 1113 857
3 58 815
3 510 1383
3 1091 864
3 468 314
3 1124 224
3 176 1430
3 1022 1224
3 472 1069
3 91 995
3 106 1423
3 1419 674
3 1479 28
3 787 415
3 638 122
3 866 582
3 101 582
3 46 38
3 1531 670
3 708 298
3 876 418
3 1183 646
3 874 420
3 1183 1512
3 490 472
3 306 348
3 444 246
3 1505 1448
3 596 1268
3 437 1341
3 1522 245
3 892 1551
3 1507 1106
3 1135 1056
3 520 616
3 1185 606
3 1248 324
3 299 804
3 457 1524
3 1327 1447
3 546 1190
3 1386 13
3 736 513
3 1306 1012
3 1099 240
3 1115 328
3 460 833
3 1216 1462
3 1150 40
3 717 1164
3 1217 446
3 1215 1421
3 1552 850
3 711 1430
3 661 703
3 1404 972
3 1444 33
3 619 67
3 1122 1016
3 974 627
3 105 257
3 1043 737
3 701 934
3 1183 1240
3 478 330
3 1246 666
3 832 1342
3 793 1297
3 1551 1092
3 191 1501
3 1532 388
3 1574 440
3 344 904
3 210 546
3 285 537
3 477 1156
3 1432 864
3 815 710
3 297 1049
3 1130 1324
3 116 1005
3 110 723
3 749 885
3 1205 389
3 118 1074
3 580 1354
