50 100
2 26 5
2 8 48
2 17 40
2 35 50
2 30 24
2 18 11
2 11 6
2 23 43
2 22 50
2 24 18
2 8 37
2 15 27
2 33 38
2 1 10
2 38 24
2 8 10
2 29 7
2 23 29
2 13 41
2 30 16
2 5 11
2 23 36
2 27 40
2 10 9
2 23 34
2 6 17
2 19 1
2 17 31
2 40 13
2 44 19
2 1 17
2 3 25
2 12 44
2 20 47
2 2 10
2 23 49
2 34 13
2 28 8
2 28 27
2 31 1
2 9 5
2 13 23
2 30 4
2 28 31
2 13 30
2 37 24
2 1 20
2 7 44
2 15 5
2 18 7
2 49 38
2 42 8
2 21 14
2 21 16
2 47 50
2 43 26
2 19 13
2 21 1
2 2 36
2 49 41
2 19 31
2 50 24
2 11 8
2 27 25
2 38 40
2 5 49
2 32 11
2 49 39
2 17 5
2 5 38
2 21 30
2 1 6
2 26 34
2 50 27
2 2 20
2 39 17
2 1 38
2 12 4
2 8 22
2 22 33
2 3 13
2 44 40
2 19 18
2 18 44
2 5 46
2 19 9
2 36 3
2 33 19
2 21 22
2 32 37
2 25 40
2 39 36
2 15 42
2 49 15
2 33 39
2 49 46
2 49 43
2 27 17
2 16 5
2 3 12
