200000 1000
1 40021 77890
3 28901 158379
3 51282 50948
3 102667 115593
3 2880 138711
2 17816 80174
2 140776 12170
1 177776 6910
3 162411 95870
3 108069 42211
1 68355 38804
1 60729 79446
1 60681 121240
2 198430 114479
1 153499 48722
3 10278 158485
3 106584 6948
1 31634 44034
2 67173 24931
1 58621 111755
2 86692 65507
2 46065 186899
1 107473 182569
3 154188 69244
2 95255 149517
3 174107 99782
1 112228 112772
1 133155 28473
2 14277 128235
3 155733 81056
2 11691 176608
2 150325 22039
1 191095 42145
2 153748 155200
3 127888 63446
2 134607 150011
2 36888 84443
1 60181 72680
2 46365 169952
1 135440 150536
3 69428 142018
2 101114 12211
2 112422 174322
3 5752 75080
1 52942 90869
2 102273 105163
2 196035 93327
1 48450 76375
2 17296 112984
1 19665 167279
1 122926 177060
3 75364 26059
3 58142 125994
2 27491 177255
2 191994 9099
1 42963 35993
3 116405 158448
2 12048 191071
3 3259 20425
2 177937 165125
2 184635 24148
3 6720 108039
3 101093 19651
1 171161 105435
1 1888 68287
3 143776 131303
3 71833 93053
3 93452 16605
2 176212 196484
1 10490 30500
2 181234 64011
1 175668 4937
2 158564 136131
3 64350 5109
3 197694 30705
3 51605 183120
2 36327 172433
3 81002 178111
3 156674 3735
2 63329 58661
2 1578 161524
2 194786 26249
1 166909 120821
3 68182 33630
2 2584 116999
1 82373 104638
3 35249 164579
3 36862 102862
2 35572 169351
3 182698 181682
1 101808 54353
2 17089 91439
3 8891 62461
3 133127 176022
1 49252 39869
1 58621 117102
3 26211 164770
1 34956 60103
2 83745 103905
1 22582 164977
1 94135 100234
3 1871 56071
2 94721 49130
3 108604 71389
2 164655 199876
2 23388 53782
1 7031 177517
1 110552 36199
2 155359 49447
1 151021 49341
1 100011 106135
2 189215 75043
3 160466 118911
2 171556 86037
3 76911 137818
1 5158 41683
3 52607 133228
1 89420 65452
3 78621 88161
1 33876 172619
2 81582 125581
3 37345 150587
3 68021 2296
1 69271 136949
1 25799 120044
2 3775 158465
1 135465 98703
1 186176 59265
3 34930 10751
1 64303 22522
1 94407 156322
1 75961 100016
2 169127 119901
3 59729 150603
2 89556 125110
1 33821 75724
3 24111 129626
1 45745 37092
3 143631 150372
2 180724 162875
3 195746 160747
2 163898 167445
2 139846 149800
2 27313 44545
3 157810 95477
2 103383 38437
2 165617 74192
1 132783 138361
1 5487 20281
1 50689 63593
1 132608 93794
3 8278 45586
3 181769 186510
2 72649 104612
1 154959 34688
1 133988 144706
3 10105 197665
3 83813 102980
1 27250 116085
3 18272 28921
2 87364 162230
2 72670 88214
3 126874 40361
2 126254 423
1 191825 49769
2 199795 105765
1 62361 96675
2 118451 70066
1 6319 98822
2 163068 58329
1 183741 81667
2 49124 109829
2 101192 84586
1 33293 30214
2 63500 135474
1 80933 134642
2 154651 47289
3 94991 191314
1 22782 93435
2 50287 69718
1 119907 141284
2 104151 186937
1 130280 20127
3 109897 136914
3 65116 53741
1 41606 14234
2 62967 48424
2 167981 149514
1 188804 17779
1 102078 49270
1 36280 95518
3 17933 99616
2 16749 102133
3 128129 45030
1 195568 33342
2 35774 68830
1 49568 71246
2 9367 123065
3 189754 53296
1 165 104128
1 188852 150514
2 132386 40042
3 57576 196092
3 132863 62413
2 6224 59612
3 98955 152551
2 139997 22167
2 185730 184773
3 42380 82658
2 165847 22098
2 31740 160606
3 150900 51136
3 177619 144903
3 63473 102120
1 26988 5876
1 56386 128367
1 46971 117493
3 82053 126378
3 95304 143871
2 141758 19303
2 146972 151447
3 78316 151043
1 55466 50558
1 103345 33966
1 76911 137818
1 161163 50796
1 81970 165450
3 101705 31995
3 104254 135174
2 122108 123116
3 140046 74700
3 180975 29418
2 7540 175153
1 35613 177803
1 29694 189328
3 64701 91889
2 97253 75986
3 108807 161158
3 180638 92868
2 86754 67026
2 186061 186951
3 58649 36550
1 73357 49105
2 182771 64513
2 174559 171235
3 27067 93811
2 35245 37776
2 31273 46870
1 146256 114203
1 60074 138755
3 136032 26323
1 95098 127476
3 51645 121967
2 56514 29367
1 165711 8705
3 188992 83915
3 50607 141951
2 74910 139845
3 75870 140924
1 106763 53305
3 184231 31469
3 145319 78960
2 86486 7472
3 18684 98646
2 70437 19092
1 137912 4868
2 129229 119049
2 129145 49131
1 113976 66969
3 105750 142110
1 156992 87576
2 58908 75148
1 101340 146407
2 120708 136463
2 90799 26259
2 151914 185459
2 111211 109256
1 12538 172292
3 148784 132986
3 54999 196128
2 98777 168613
1 173546 164580
3 74372 160777
1 165418 58050
3 147713 166673
2 126240 156413
2 166673 69330
1 154027 197712
3 113887 73889
2 189302 160313
3 165017 132686
1 145840 11824
2 2166 153451
2 194779 196262
3 89503 66445
3 5018 46942
3 90254 123244
1 143756 46067
2 55653 104965
1 7538 151527
2 73599 10410
2 149346 20787
3 128830 119461
3 83720 29511
2 118891 100343
1 139563 112641
1 98490 169099
1 162764 44113
1 53712 21108
2 112915 3863
2 71798 76059
2 177410 66723
1 161900 97319
1 103113 25380
1 167891 37510
3 65226 80852
3 41181 167282
3 138258 71050
1 47844 161271
2 131287 191054
2 1730 120528
1 27835 61816
2 181555 47025
3 4633 53598
3 501 101744
3 12187 155277
1 80139 44268
3 102136 187872
1 86440 90405
2 55488 165576
3 11992 36651
1 121013 60131
1 119224 60806
3 78841 85459
3 88018 14784
3 145025 172196
2 77260 170839
3 144839 36275
3 81382 198638
3 163624 45415
3 131149 58070
3 11376 181338
3 138681 1831
3 1580 66220
2 94912 66648
1 98383 4207
3 53498 161572
1 101850 157167
1 126002 9757
1 55565 12777
3 56037 61292
3 33893 157600
2 194448 34633
1 120366 167299
2 61766 175506
1 11421 72646
1 156399 175574
3 93342 24136
1 102994 88483
2 89487 143787
3 7446 48034
3 166592 195144
3 40928 30152
3 26146 7714
2 169070 36896
2 98978 68358
1 89560 181975
3 960 178730
1 144926 68909
3 81450 170473
3 118530 45114
2 114281 107993
2 29698 95298
3 170757 164932
2 168051 115604
3 141898 79312
2 13430 136445
1 5718 151049
2 179565 126172
1 142911 125512
2 79238 175471
1 118649 66078
3 142166 104053
2 11639 31866
2 7773 150652
2 109382 118534
1 173459 162954
3 95573 73362
1 179385 199879
1 109954 61170
3 55976 73503
3 181437 6242
1 9480 162563
1 35890 43335
3 149447 125507
1 108869 95083
2 89294 20559
1 36339 62102
2 136590 31339
3 190606 174204
1 192882 91918
3 196346 53213
3 43713 102724
2 194360 142602
2 88250 79639
2 37531 58741
1 160953 72913
1 4172 37911
2 12599 19434
3 158839 72404
3 29925 26423
2 180256 24349
2 47530 54159
2 116068 64700
2 40434 77323
1 193209 71711
3 25353 106798
2 32167 114959
1 128884 178706
2 132597 52947
2 89160 98096
1 87825 143925
2 165810 110951
3 104419 116600
3 188262 151959
1 36566 35383
1 192970 20511
3 14734 146766
1 196942 31752
1 27108 119449
2 194920 36679
3 147602 188506
2 4981 88112
2 114216 194316
1 115544 61670
2 171254 115142
2 53782 79674
3 105412 21002
2 40919 175537
2 106285 26634
2 149932 130692
2 153791 56157
3 167197 134908
2 61535 145983
3 66556 182491
3 42013 101059
3 80190 65844
1 9005 112629
3 107266 23745
2 114276 59919
1 67138 21025
3 92661 149334
2 162530 137421
3 170201 2120
1 3007 193334
3 96524 149225
2 30623 22481
3 194082 185933
2 93058 158326
1 184250 166063
3 132724 179966
3 152192 90683
2 40169 126645
2 93716 8641
1 14768 56108
3 126871 107411
2 545 95805
3 23051 165068
1 59438 157779
2 47645 80120
3 186034 7126
1 111186 11858
3 152736 74021
2 29614 192025
3 92001 143140
2 80766 122122
1 36378 50680
2 124654 156710
1 149600 26966
2 97582 34722
2 161185 19616
1 93770 51449
2 77050 41211
1 115066 47217
3 116145 91579
3 141105 191248
3 174293 97813
1 147484 46003
1 183484 41089
1 77793 11898
2 117931 8429
2 143710 121645
2 110228 174115
2 92239 88816
1 183555 110500
1 73028 166578
2 167676 19199
3 147425 14664
2 79320 22880
3 23872 2500
2 134517 117289
3 79835 77920
1 174728 169327
1 186574 65167
3 63181 158616
2 149891 122068
2 42069 149111
3 196225 37511
3 100348 61759
2 116559 36543
2 30886 179851
1 148643 37977
1 156675 169990
2 91564 101255
1 186658 158355
3 125883 131095
3 60064 165740
1 57385 37525
1 46015 76017
3 143430 136920
3 46728 33569
3 43210 169959
1 50967 67661
2 6256 100863
2 88110 39891
1 148007 99771
3 12731 5305
3 139672 122611
3 30579 143812
3 14804 131551
2 181763 5148
3 194066 142382
3 123032 103756
1 140030 183673
2 153407 133135
1 187311 150108
1 193969 167973
3 68872 16334
3 113958 132064
2 143061 113077
1 163716 116441
1 66838 9335
2 55222 81051
3 27178 47435
2 25606 120275
2 151376 15863
1 98765 61384
1 69202 16780
2 62701 185377
3 179633 61464
1 28622 141850
3 135343 193102
3 75666 177936
2 65625 175327
1 198591 160894
2 26152 111155
1 73679 8444
2 129207 156539
3 51494 188168
3 46123 13806
1 75200 99558
1 106341 26185
3 151419 34338
3 160369 25909
2 29732 77602
1 1516 51333
2 155390 97370
3 86467 114625
3 46893 50818
2 68189 89778
1 104285 190456
3 160190 60302
1 155809 96850
1 175629 133671
1 60048 124856
3 76088 135248
1 103784 5059
3 50633 197814
1 90679 12291
2 168840 99082
2 3615 41801
3 63732 194290
2 74174 103390
2 169402 42713
2 184532 191511
3 50690 169192
2 189646 6961
2 161925 99785
1 57280 196487
3 22579 146550
2 192311 61719
2 176553 198732
1 113630 163190
2 99919 161363
2 133507 66699
1 163817 55589
2 48660 155183
1 163177 19795
1 83007 126944
2 33515 180866
2 86851 39461
2 99138 82461
1 52814 136938
3 2098 174574
2 105978 198324
2 71732 186348
2 134138 114076
3 105482 152814
1 152835 149245
3 15944 178307
2 153573 167332
2 68727 107114
2 141393 150162
3 160138 147829
1 67209 86190
2 45498 47261
3 116617 172335
3 16317 147039
3 108192 84603
1 93344 62540
3 190766 90558
2 67812 199004
2 91868 13109
1 71778 144992
2 82248 30958
3 106382 146277
3 56612 47385
2 66343 15820
1 174582 178513
2 72867 3398
2 76871 12441
3 119254 127294
2 107525 55340
2 114099 161024
1 186113 20284
1 172902 102938
1 122613 38597
1 119977 106447
3 178857 159753
2 122511 118061
1 184944 165989
2 69952 386
1 17132 162259
3 16494 106176
2 76911 137818
3 51315 59252
2 69501 98528
2 90852 173091
1 163447 134971
3 134256 51381
2 33686 25436
1 94138 197061
3 55424 31787
2 160075 37624
1 187475 3936
1 69287 184903
1 24028 131013
2 61192 65221
1 5802 91613
2 60978 81138
1 29264 82239
3 197089 62901
1 117154 135075
3 46258 190950
1 117430 92538
2 62812 39796
1 77048 172201
3 147126 9771
1 166862 147436
3 90113 1471
2 142787 6131
2 19035 72584
3 90148 156770
3 167228 191354
2 131667 178805
3 88753 192915
3 185549 41502
3 134424 32551
3 16189 19200
2 25164 25637
3 163521 25429
2 142305 106661
1 136207 176815
3 102120 199217
3 41945 158811
1 53073 69534
1 40014 131837
2 134798 142639
2 173691 168754
3 119520 17778
2 3517 143440
3 40135 38361
3 184563 99688
3 143043 117918
1 48875 79196
1 166501 153027
1 68847 52868
3 148132 28640
2 12265 177126
1 44780 47716
2 59988 150096
2 46185 144502
1 118025 192125
3 127401 130582
3 190983 148690
3 78915 198418
1 175326 141947
3 74309 163739
2 196093 137353
2 53899 147248
2 69918 24005
1 107929 65300
2 59307 136254
2 3266 33301
3 122430 42805
1 15873 26080
1 24123 164299
2 141892 55099
1 87822 5001
3 107555 77314
3 162602 22480
1 57101 90194
1 117168 85412
3 61985 172278
3 122388 153518
3 168917 130202
1 93375 134653
3 72273 11538
1 171906 163463
2 163693 106358
3 54701 7979
1 45652 32925
2 68056 198072
2 117055 24446
3 45169 37250
3 175644 38887
1 75525 175147
1 80574 85103
1 54203 183348
3 96554 24486
2 194775 111010
1 102045 160446
1 72061 170239
1 18327 135584
1 163418 142607
2 61007 196603
1 13395 178018
2 24948 69571
2 43312 110046
3 62798 34948
1 144257 82011
3 178224 65293
1 188101 7484
2 134033 57859
2 145381 168924
2 47257 192930
1 195921 77676
2 99163 199583
3 34784 134367
1 24990 190199
1 124852 147727
2 192160 57095
1 153007 114017
1 87127 38214
2 155001 110727
1 143055 82181
2 114728 156442
2 52641 51821
1 186896 38837
3 89404 143683
3 85070 20686
3 8292 59523
1 47748 83008
2 143805 166035
3 125768 100963
1 72365 95409
1 9591 144109
1 72638 191524
3 27335 196898
3 91413 186238
3 141720 148339
2 104486 38730
2 171722 96110
1 130872 95022
1 87527 93416
1 169525 171111
3 89714 138895
2 20160 42562
2 122472 26079
1 2386 161476
2 68973 53497
2 133174 168599
1 123286 1830
1 103910 148921
3 103539 117304
1 86380 70488
2 78741 84196
1 7463 67953
2 34629 58787
1 93224 158697
3 179214 171334
2 197735 17459
1 67161 32119
2 105259 167898
3 954 91362
2 118537 10056
3 11382 4474
1 131065 82372
3 173258 46580
1 129545 188211
3 57583 46640
1 117516 130173
1 174977 94592
1 57308 99513
2 50871 63760
3 62416 22094
1 65213 53115
3 135631 120128
1 132319 157270
2 20922 154527
1 90812 180482
1 156089 110574
1 142376 149725
3 114926 167779
2 44930 18791
2 144864 197598
2 181108 198687
2 198770 126407
3 32791 73444
1 126683 71374
1 28117 6478
1 124772 145600
2 66924 174437
1 69396 33654
3 164145 132867
3 26882 21791
2 134569 44719
2 119358 133944
3 187275 140019
2 123450 105363
1 115258 61074
1 70067 90311
1 88237 23233
2 24883 75634
1 75229 88659
1 159430 26781
1 85502 25036
3 27123 172156
1 124969 141628
2 113845 24454
3 39217 161464
1 131573 72237
3 126471 86961
3 10450 6084
2 75664 11116
2 196509 103157
1 112104 181583
3 189263 52365
3 56934 98882
2 153773 165293
2 26363 15209
1 125893 65821
1 60985 91400
2 71929 175930
2 18868 128069
1 104297 86376
1 4593 84675
1 195128 50791
1 59379 193565
2 117020 122840
1 91024 67904
2 67980 63833
1 175347 41675
2 59721 91403
3 82286 47045
3 175257 100100
1 137818 76911
2 195484 121376
3 108622 171777
1 26963 23298
1 166706 9847
3 165004 122964
2 24476 62855
2 153564 186357
2 174925 105892
1 107022 122046
1 82137 73413
2 57956 50603
1 91503 172402
3 80841 82469
2 173154 193691
1 86751 156111
3 199844 109722
1 87124 148058
1 18342 182150
1 35955 176621
3 158270 150423
3 141381 47146
3 186006 199798
2 86130 60823
3 24689 179157
1 61425 94404
2 81410 107055
2 19347 69605
1 24541 98109
1 90148 47732
2 181055 56616
3 176123 181915
3 101670 85667
3 56344 109965
3 95258 124506
1 45670 42322
2 17423 45524
3 85829 102071
3 104611 13879
3 101228 24863
2 4801 151806
1 157837 143982
3 14611 51441
1 86425 121809
1 86779 131921
1 151379 159069
2 42568 160918
3 144728 80104
1 59714 49684
2 125144 163967
2 175345 64095
3 157028 87721
1 58856 177480
3 26033 139857
2 76568 8139
3 55159 86316
1 73093 11717
2 113782 15990
1 27867 6660
1 9599 111038
2 168732 65913
1 118103 67876
3 161346 26904
1 163995 133925
2 148773 121228
1 71228 71636
3 128983 68920
3 132664 12740
3 1436 81816
2 47471 161558
3 74594 197536
1 137052 66683
3 162826 113539
1 33093 897
1 82692 179235
1 150010 118285
2 11773 48107
2 98664 95789
2 15042 34843
1 185249 111204
3 50139 95317
1 94651 175380
2 184000 71684
2 26520 36102
1 878 26939
1 53981 166287
2 174426 16739
3 121445 825
1 97739 54912
2 103706 183330
1 24729 565
3 84898 9998
2 143732 44482
1 86816 65986
3 49073 71723
1 116233 47267
3 178720 81622
3 37425 74293
3 143431 185466
1 51728 174529
2 139425 35281
2 42697 12554
2 112066 85097
3 53078 150067
1 23516 88958
3 10063 126184
2 60138 25294
1 157399 143505
1 96808 31632
3 195076 14419
2 154733 183068
1 91404 140960
3 58180 102967
2 9474 155329
3 7609 148636
2 180051 14203
2 53198 122195
3 179109 72879
1 150118 197665
2 148354 123879
1 86955 197961
1 30437 175327
3 88987 179406
3 167898 141243
