1081 881
2 105 471
3 615 58
2 86 317
1 756 855
1 514 985
1 589 363
2 162 881
1 451 375
3 534 310
3 289 252
3 1006 539
2 935 141
1 737 426
3 1003 908
1 507 612
3 873 437
2 362 560
2 71 607
3 620 226
3 362 929
1 450 958
3 982 409
2 880 803
2 635 271
2 412 195
2 1014 636
2 665 710
3 344 991
3 628 351
3 186 381
2 945 396
3 1052 785
1 28 831
1 149 464
1 189 573
2 839 98
3 582 21
3 844 524
3 33 727
2 691 959
3 608 526
3 275 1071
3 528 9
1 2 151
2 867 237
2 115 57
3 146 667
2 318 839
1 455 84
2 14 406
1 811 883
3 226 885
1 837 977
2 1042 88
1 894 858
2 649 845
3 12 590
2 983 331
2 749 208
2 954 332
3 123 96
2 999 798
1 836 55
2 46 782
2 781 1071
3 292 810
3 289 92
3 970 736
1 602 173
3 968 942
3 48 107
3 150 486
1 569 8
3 569 128
3 234 1076
1 188 245
1 278 346
1 271 88
3 908 847
2 356 439
2 338 702
2 825 562
3 169 1003
1 54 730
1 465 358
2 504 561
1 752 908
2 20 653
2 396 1068
2 756 355
2 486 856
3 870 115
3 781 619
1 705 207
3 698 806
2 475 517
3 50 1061
1 427 907
2 777 403
2 32 344
3 145 799
2 304 199
2 78 448
1 102 665
3 623 1048
2 600 164
1 135 825
2 930 1047
2 701 968
1 657 545
1 742 494
3 145 689
3 80 561
1 775 396
2 980 183
1 436 535
2 941 648
2 925 1028
3 273 11
1 121 434
3 981 164
3 289 766
1 876 892
2 864 203
2 58 16
2 564 435
2 1054 744
3 528 250
2 1031 1071
1 824 459
1 972 533
3 400 327
1 728 19
2 735 305
1 984 195
2 304 834
1 761 1060
3 72 892
2 598 1052
3 659 360
1 228 961
1 855 502
2 83 32
1 591 887
3 271 267
3 507 390
2 39 644
1 56 451
1 834 996
2 636 890
2 953 455
1 476 489
3 853 485
3 895 618
3 22 257
1 317 710
3 702 29
2 634 305
3 440 438
1 655 375
1 39 676
1 355 40
2 216 197
2 941 268
3 686 291
2 756 215
2 73 558
2 836 816
1 116 738
3 791 121
1 839 862
1 439 934
1 119 958
2 32 302
3 948 97
3 500 999
1 364 865
1 223 1023
2 902 108
3 318 13
1 373 179
2 1011 660
1 849 726
2 224 479
3 526 1035
3 123 919
3 15 693
1 729 10
2 294 336
3 227 219
1 477 737
2 94 803
3 10 339
3 354 1073
2 837 565
2 280 346
3 186 759
2 346 691
2 661 923
3 650 307
1 65 847
1 998 726
3 170 133
2 921 269
1 172 912
2 963 937
2 458 241
2 347 626
1 801 207
1 310 534
3 989 947
3 25 1059
2 986 279
2 1027 603
2 1015 994
2 848 242
3 346 281
1 318 360
1 69 680
3 485 1001
3 923 794
2 1036 23
2 82 13
3 195 143
1 147 989
3 884 186
3 852 553
3 618 775
3 558 696
3 521 789
1 740 600
2 91 93
1 181 375
2 343 741
1 277 1080
2 992 170
3 660 546
3 491 576
1 239 589
2 899 840
1 28 596
3 172 948
2 715 42
2 534 310
1 1063 774
1 437 144
3 813 80
1 751 681
2 647 1057
3 418 561
3 211 663
2 656 450
2 1028 461
1 921 491
1 550 296
1 77 912
3 862 756
2 1063 271
2 814 826
3 283 428
1 1071 898
2 360 152
2 1033 1016
1 155 146
3 955 414
3 425 837
3 195 189
1 1037 363
3 80 648
2 987 270
3 188 911
3 220 84
3 1081 1067
3 1062 83
3 784 782
2 755 525
1 161 1008
3 876 653
2 363 621
2 259 728
1 1081 863
2 941 195
3 343 41
1 954 812
2 632 318
1 372 379
1 479 757
3 255 293
2 561 440
1 1034 371
1 26 959
1 186 1052
3 107 1065
2 662 175
2 207 828
3 61 1001
3 43 605
2 963 465
2 176 113
1 505 948
3 959 621
3 651 1046
1 495 11
1 569 427
1 957 486
3 923 267
1 607 129
1 534 310
1 815 756
2 218 348
3 512 263
3 160 800
3 200 842
1 202 648
1 891 689
2 69 701
2 822 852
3 660 381
1 775 315
3 16 628
1 199 192
2 138 305
1 362 145
2 733 631
2 787 971
2 237 49
2 607 114
2 803 220
1 912 490
1 353 924
2 967 248
3 331 589
2 390 922
2 271 505
2 180 24
2 461 763
3 666 73
2 509 724
3 446 747
3 174 908
2 181 869
1 506 131
2 1019 691
3 168 431
1 632 221
3 279 70
2 275 462
1 1079 836
2 850 574
1 1054 419
2 817 667
1 1011 110
2 258 22
2 232 243
3 485 882
3 718 11
1 23 786
3 804 283
2 569 395
3 436 427
2 654 753
1 250 52
1 740 655
3 206 181
3 287 681
3 575 478
3 427 456
1 600 642
2 252 292
1 736 314
1 814 491
1 692 964
1 28 960
2 274 463
1 320 564
3 526 772
2 942 261
3 825 17
2 537 536
2 706 266
2 692 554
2 355 393
1 189 597
1 894 402
3 1065 231
3 375 588
1 821 1044
2 386 89
1 1073 764
1 105 392
3 531 919
1 476 663
2 966 113
1 98 477
3 627 44
3 343 701
1 688 575
3 548 1017
3 987 848
2 175 502
2 62 230
1 492 1028
2 1016 202
3 279 979
2 21 109
3 538 869
3 151 1026
1 1020 675
2 207 958
3 1009 257
3 839 282
2 87 10
1 1016 211
1 85 895
2 608 1057
3 932 968
1 534 70
2 247 207
2 232 526
2 1041 1033
2 133 87
3 1014 542
1 42 89
2 509 525
2 247 427
1 755 329
3 668 645
2 50 244
1 28 1050
3 242 1050
3 967 513
1 319 208
3 78 903
3 272 843
1 448 897
2 396 311
2 837 21
2 981 197
1 1025 95
1 547 34
2 698 280
1 657 504
3 490 408
2 858 713
3 510 172
3 481 285
1 1033 344
3 283 881
3 1015 804
3 89 919
1 864 336
1 816 562
3 854 982
2 459 680
3 160 208
3 546 154
2 161 629
1 211 1035
3 855 358
1 796 609
2 220 247
2 50 852
2 534 31
1 937 798
3 790 739
3 477 34
1 938 818
3 91 932
3 911 58
3 432 103
1 828 935
2 233 569
1 81 85
3 504 1078
3 138 847
2 700 664
1 241 117
1 66 309
1 834 637
2 113 798
1 642 973
1 931 528
2 661 126
3 793 472
1 29 759
2 635 844
2 58 667
1 906 39
2 767 580
1 139 717
1 206 8
1 484 314
3 593 595
2 980 378
1 236 771
3 482 531
1 516 66
1 184 596
3 949 219
3 374 899
1 299 301
2 895 936
1 32 1017
3 768 6
2 359 545
2 996 361
2 581 998
1 856 311
2 962 559
2 501 87
1 738 671
3 242 305
1 403 537
3 991 478
3 128 892
2 189 995
2 454 328
1 274 29
2 825 167
1 338 903
1 252 876
1 619 1008
1 1077 289
2 5 571
1 710 768
2 708 156
3 1073 154
3 663 658
2 676 991
3 112 830
1 120 405
1 764 729
2 877 362
1 381 590
2 230 1024
3 651 253
1 160 66
1 523 824
2 122 613
2 972 388
1 426 63
3 774 630
1 704 633
1 525 784
3 843 562
3 258 1063
3 750 414
1 888 855
1 508 985
2 150 802
3 159 86
3 451 417
3 744 287
2 904 286
2 81 672
1 967 251
2 1062 316
1 749 1080
1 382 44
2 900 217
3 397 295
3 200 570
2 854 681
1 389 363
2 475 859
3 586 241
2 639 697
3 723 311
3 867 166
3 517 62
2 657 914
2 984 606
3 725 814
1 405 464
2 774 703
3 355 345
3 664 865
1 742 352
2 126 678
1 773 670
2 340 1029
2 743 587
2 281 875
2 50 337
3 1081 1069
2 653 1028
2 1068 23
1 1008 665
3 695 306
3 265 912
2 734 313
3 265 473
1 67 647
1 135 795
3 888 800
3 211 358
2 442 1021
2 701 303
2 747 609
2 320 1072
1 692 42
3 1030 651
1 906 760
1 953 689
1 434 898
1 1006 372
1 380 1005
1 208 946
2 52 131
2 967 415
3 608 109
1 452 654
1 990 83
1 108 998
2 626 305
3 502 46
3 628 194
2 488 686
1 279 409
2 271 185
2 594 56
2 324 553
3 896 1046
3 259 159
2 487 573
1 839 817
2 387 157
2 980 932
2 410 535
2 343 1071
3 1080 957
2 120 779
2 584 785
1 187 920
2 115 53
3 485 35
1 859 945
1 805 821
1 342 1067
3 715 553
3 596 79
3 719 724
3 300 559
1 928 1079
3 198 348
3 1046 772
2 268 501
3 972 302
3 117 831
2 21 762
2 891 859
3 337 103
3 838 584
3 714 610
2 332 14
3 229 885
2 24 216
1 874 193
1 218 73
1 912 731
3 580 460
3 365 614
1 757 657
3 702 15
2 626 1004
3 517 349
3 92 886
2 759 366
1 334 563
1 760 136
2 883 286
1 959 730
1 1000 919
2 739 32
2 454 254
2 154 53
2 491 272
3 567 283
1 749 399
3 343 309
2 182 568
3 22 803
3 816 664
3 742 846
2 174 35
2 874 491
2 969 606
1 716 902
1 957 48
2 869 969
3 79 735
2 769 464
2 311 930
1 230 199
2 250 910
2 257 366
2 830 625
3 646 346
1 824 896
1 176 355
1 274 46
3 523 935
2 233 74
3 275 995
1 274 153
1 23 145
1 339 684
2 66 429
1 217 1017
1 272 950
1 529 1009
3 227 333
1 377 1073
1 760 1034
2 562 387
3 872 557
1 240 216
2 467 166
2 714 53
3 299 136
1 450 309
3 935 413
2 866 444
2 1045 301
1 307 200
2 822 880
1 417 218
2 967 124
2 162 617
2 155 432
2 278 254
1 805 894
3 721 1046
1 553 949
2 121 437
2 68 529
2 86 686
2 378 173
2 132 50
2 934 686
2 866 347
2 619 778
3 663 598
1 655 91
2 807 797
3 723 822
3 157 491
3 914 377
1 475 967
1 811 1073
3 1061 582
1 664 457
1 263 968
1 589 424
3 103 1064
3 51 474
2 383 255
1 989 424
1 122 914
1 189 673
1 640 290
3 209 70
1 380 846
2 474 678
2 992 493
3 691 256
1 59 374
1 984 299
3 935 255
1 519 266
2 397 375
3 829 858
1 201 401
1 770 246
1 137 183
1 19 461
1 119 181
1 551 803
1 615 115
3 1039 955
3 1053 768
3 667 208
2 664 570
1 382 1067
1 443 790
2 869 686
1 109 671
2 1015 536
3 774 24
1 562 360
2 654 610
2 304 497
2 186 761
2 1028 410
3 935 270
2 242 1058
2 805 648
2 473 879
3 838 782
2 322 273
1 449 723
2 795 29
1 566 682
3 323 54
3 23 231
2 387 638
1 484 774
1 305 307
1 979 877
1 261 100
2 395 795
2 706 374
1 20 539
2 305 569
1 572 513
3 881 496
2 224 831
3 41 75
1 223 446
1 921 193
2 7 18
2 142 950
1 489 373
1 324 911
2 392 498
1 517 507
2 296 450
1 756 79
3 222 590
1 1058 241
2 635 957
2 5 979
1 998 513
2 669 954
3 567 859
3 439 1009
3 224 966
3 543 83
3 999 765
2 210 516
3 360 691
2 950 587
1 606 518
1 828 349
1 734 57
3 974 292
2 583 996
2 596 961
2 18 517
1 876 1070
1 850 221
2 14 664
1 863 59
3 1030 128
3 192 306
3 764 197
2 929 323
3 868 799
2 224 540
1 228 988
3 17 10
2 133 31
2 154 244
2 787 724
2 826 839
3 933 80
1 113 692
2 1015 764
1 213 1049
3 429 638
2 531 1070
1 1033 137
2 364 866
3 69 461
2 8 970
3 1023 738
2 456 1020
2 1000 727
1 569 170
3 310 1064
2 298 281
