62 186
3 19 55
2 38 36
1 27 26
3 32 14
3 19 21
3 15 39
3 7 9
1 46 6
3 23 2
3 33 21
3 29 47
3 9 43
1 61 39
1 55 19
3 49 16
3 38 34
3 20 15
1 18 44
1 48 40
2 61 46
3 5 58
2 61 23
1 47 14
3 47 16
1 41 19
3 27 14
1 47 38
3 51 60
1 29 8
2 8 50
2 41 48
1 50 6
3 11 62
2 39 57
3 5 52
1 17 2
2 39 44
1 40 47
1 51 26
1 39 9
3 51 60
1 55 52
2 46 28
2 12 8
3 40 38
3 4 37
2 16 12
2 34 33
1 13 3
2 6 28
3 3 39
1 49 4
2 22 30
1 27 18
3 38 27
2 30 53
3 28 25
1 31 7
1 27 18
1 30 19
3 56 22
1 9 11
3 58 23
3 33 29
1 27 39
3 5 44
3 7 41
2 2 44
1 38 2
1 55 7
2 27 55
2 61 12
3 35 32
1 55 37
2 37 39
1 37 15
3 50 24
1 60 19
2 51 39
2 57 34
3 43 48
2 56 42
1 31 47
3 26 12
2 44 13
2 19 48
1 18 48
1 10 1
3 17 43
1 5 52
3 6 38
3 1 57
3 56 52
1 61 29
2 51 48
1 45 59
1 56 42
3 17 31
3 39 28
1 19 52
2 30 51
1 12 10
1 52 3
2 5 12
1 55 43
1 6 60
3 33 52
1 45 57
1 25 40
3 56 1
1 37 6
2 8 6
1 20 60
3 42 9
3 14 11
1 4 23
3 48 58
1 60 15
3 31 15
2 34 15
1 57 29
2 55 50
1 26 24
3 14 40
1 1 32
2 6 57
2 48 57
3 52 39
3 13 43
3 36 7
3 23 18
3 60 29
1 18 17
1 20 14
1 62 9
1 21 32
2 23 36
2 15 34
3 12 4
1 54 42
3 35 37
3 17 15
2 21 62
1 3 20
2 44 35
3 32 62
3 23 17
1 54 47
2 37 16
1 13 58
1 38 21
1 23 24
3 43 51
1 45 25
3 21 30
3 24 19
3 22 61
2 55 32
2 62 43
3 62 21
3 9 33
3 45 26
1 13 5
2 29 54
1 30 58
1 44 53
3 7 61
3 11 22
1 8 43
3 52 9
3 39 41
2 29 36
2 62 5
2 18 48
2 49 62
3 45 22
2 10 62
3 38 18
2 58 30
1 58 2
1 30 21
3 14 49
1 33 54
1 37 27
1 52 11
1 61 5
