1000 3000
3 797 87
3 29 22
2 572 120
1 311 534
1 745 844
3 518 483
1 956 881
2 260 519
1 868 677
3 701 210
2 144 258
2 989 787
3 183 291
3 372 87
3 742 662
1 776 890
1 969 695
3 58 544
1 845 57
2 697 860
1 611 330
2 266 825
3 428 521
3 663 600
2 736 96
3 339 111
3 432 342
1 637 297
1 366 345
2 59 710
2 684 274
2 409 662
1 811 959
3 233 195
2 137 755
3 325 351
1 220 494
3 570 975
3 48 62
3 840 582
3 7 764
2 371 323
1 404 457
1 409 41
3 55 705
3 37 517
2 192 607
1 802 633
2 920 344
1 684 874
3 290 797
1 594 130
2 43 12
3 595 938
2 3 481
1 743 80
1 129 973
2 40 72
1 34 968
2 556 694
3 39 282
1 798 569
1 730 408
1 224 317
3 261 975
3 914 755
3 80 700
3 481 738
2 497 267
3 242 666
1 827 471
3 1000 518
1 81 661
3 90 713
1 804 361
1 479 87
3 986 456
1 192 97
3 378 155
1 533 201
2 558 544
3 72 76
2 250 283
3 158 718
3 178 498
1 822 868
3 16 121
2 69 844
1 584 691
2 433 12
3 699 740
2 885 758
1 575 912
3 948 117
1 363 942
3 687 246
3 695 294
1 889 232
1 179 180
2 680 390
2 40 318
2 167 506
3 920 696
3 342 252
1 223 853
3 255 456
3 523 64
2 912 877
3 757 824
3 670 775
1 888 47
2 623 440
1 780 332
2 703 731
3 273 553
3 254 20
2 322 637
2 743 993
2 385 157
2 362 936
1 21 443
2 217 264
1 346 543
2 433 208
3 942 224
3 925 613
3 165 143
2 472 682
3 545 985
1 1 319
2 149 538
2 407 753
3 770 67
2 761 689
2 932 169
3 506 662
3 157 927
3 6 949
3 107 444
2 935 858
1 797 331
1 230 166
3 382 887
3 470 890
3 304 203
1 811 489
2 506 326
1 421 968
2 945 195
1 679 817
1 37 615
3 412 337
2 620 552
3 603 307
1 111 165
2 436 479
3 825 418
3 5 365
3 63 850
2 311 660
3 804 237
3 744 390
1 461 991
1 699 819
1 574 867
1 478 658
3 723 9
2 219 93
3 699 262
3 36 822
1 827 978
3 268 400
1 606 839
2 124 207
2 434 922
1 711 393
2 936 859
2 914 106
2 559 936
1 642 94
3 91 591
1 357 361
2 832 635
1 64 503
3 515 2
3 970 890
1 528 259
2 648 405
2 658 481
2 124 386
3 802 573
3 392 61
1 166 913
2 530 800
2 648 764
1 117 981
2 389 95
1 600 994
2 882 323
2 36 763
3 256 689
2 539 280
1 67 673
2 358 661
2 799 2
3 940 594
2 544 367
3 240 698
1 605 983
3 2 995
3 870 236
2 832 464
1 184 199
3 922 667
1 927 522
2 891 780
1 720 445
2 412 385
1 474 875
3 64 163
3 876 713
3 817 166
1 804 872
3 643 96
3 134 890
2 299 783
3 633 157
1 825 190
1 23 766
1 72 697
2 707 804
1 187 256
3 758 400
2 141 785
1 49 914
3 796 15
2 230 289
3 641 747
3 90 795
1 197 539
3 339 426
2 31 990
3 964 719
1 379 952
2 73 509
1 909 127
3 518 791
2 509 550
2 45 494
2 961 647
3 298 483
3 937 806
1 872 777
3 976 633
2 169 685
3 173 980
1 463 731
2 977 525
3 256 656
2 142 769
3 684 113
3 290 688
3 768 437
1 197 549
3 688 181
1 491 603
1 942 319
1 582 575
3 894 64
2 703 851
1 377 131
3 179 872
3 664 430
1 83 745
1 370 940
2 621 953
2 244 176
2 613 634
3 135 443
3 495 739
3 789 734
3 945 168
3 789 478
1 892 682
3 562 537
2 767 385
2 843 184
3 406 163
3 366 251
1 452 598
1 435 334
3 715 613
3 130 514
1 380 486
3 391 103
3 937 728
1 899 683
3 125 525
1 955 532
2 46 506
2 441 561
1 77 29
3 352 402
3 767 712
2 523 285
2 882 64
2 217 570
3 820 177
2 645 986
2 432 468
3 503 31
2 527 221
3 922 308
1 139 255
2 196 704
1 389 365
1 869 136
2 811 636
3 112 77
3 342 644
2 827 213
3 722 168
2 544 54
2 462 476
3 826 92
2 268 878
3 629 258
2 605 587
1 508 635
2 189 749
2 325 124
3 241 383
2 807 678
2 958 124
2 744 213
1 359 209
1 516 957
2 739 804
1 382 150
2 359 349
3 551 653
2 955 938
2 125 394
1 584 421
2 121 784
1 82 451
1 339 806
2 101 561
1 221 460
3 392 888
1 410 977
2 614 869
2 256 435
3 404 819
3 549 497
2 867 42
3 864 628
1 874 252
1 894 92
1 135 581
1 183 85
1 393 931
2 584 26
3 150 805
2 349 548
1 81 555
2 507 675
2 938 770
2 984 104
2 447 415
1 229 572
1 149 249
1 811 694
1 561 665
1 387 577
2 223 367
2 739 67
2 563 510
1 38 713
1 218 556
1 846 68
2 164 216
1 71 932
2 169 914
3 868 127
1 916 735
2 724 465
2 752 297
3 679 534
1 881 849
2 437 785
3 20 881
1 380 48
1 55 708
2 459 565
3 181 763
1 348 345
3 907 654
1 738 234
3 43 401
3 329 580
1 928 811
3 721 202
3 347 662
2 645 226
2 92 794
1 633 44
3 699 126
1 456 633
1 354 588
1 233 206
1 445 347
1 378 542
1 144 483
1 223 815
1 323 712
3 117 762
1 527 420
3 44 67
1 561 531
2 382 607
3 904 199
2 993 557
1 140 574
3 770 799
1 371 114
1 404 748
1 284 136
2 994 884
1 123 269
3 518 649
2 163 906
1 459 134
2 306 908
3 758 460
2 564 279
3 444 707
1 259 800
2 375 953
3 274 706
2 794 612
3 937 488
3 328 33
2 744 321
2 571 976
1 289 155
1 228 779
1 220 280
2 211 325
1 435 374
1 136 492
1 838 673
3 743 493
1 13 907
2 200 382
3 249 489
3 417 133
1 871 588
3 699 45
2 240 343
2 94 543
2 740 960
2 684 33
2 823 745
2 52 685
2 241 679
3 583 521
2 943 901
3 699 999
3 312 660
2 298 286
2 92 475
2 162 655
3 138 224
2 866 301
3 26 930
1 782 931
1 579 614
3 53 626
3 391 154
2 946 858
1 429 233
2 825 832
3 685 29
1 297 208
1 792 240
1 739 899
3 471 717
3 273 301
2 649 392
1 792 932
1 586 139
3 862 744
3 713 679
3 376 824
2 289 544
1 222 437
3 618 702
1 867 624
2 556 358
1 124 667
2 131 649
3 53 371
1 872 302
3 818 264
2 545 796
3 992 117
2 842 991
3 98 458
3 353 360
2 62 585
1 205 358
3 173 505
1 435 666
3 778 910
1 803 562
2 434 582
2 319 152
1 888 982
2 962 474
1 535 268
2 228 327
3 751 643
1 152 399
1 304 772
2 658 311
2 999 48
2 377 817
1 433 28
1 751 51
3 543 639
2 151 288
2 69 127
3 647 623
2 88 215
1 223 135
1 72 951
3 73 5
1 928 288
3 845 712
3 630 308
3 83 677
3 721 412
2 508 299
3 717 975
1 873 666
3 539 576
2 437 159
1 962 622
1 499 522
3 102 724
2 354 674
3 292 160
2 348 606
2 295 377
2 828 564
3 433 557
3 782 25
3 228 652
1 893 31
2 590 550
3 494 650
2 527 502
1 31 387
2 860 694
1 656 406
1 590 881
3 340 469
1 502 508
3 865 946
3 783 920
1 426 67
1 634 365
3 828 801
3 742 218
1 19 565
1 116 421
3 693 282
3 619 65
2 657 886
2 742 351
2 112 978
2 21 648
2 762 74
3 637 939
2 484 101
3 252 924
1 331 362
3 91 847
2 172 884
2 149 549
3 70 535
2 248 571
3 704 301
1 588 16
3 533 42
2 386 851
1 240 773
2 50 453
1 640 503
2 101 989
3 944 20
1 386 23
3 330 940
3 115 602
1 889 717
2 22 185
1 446 508
2 884 787
3 980 695
2 657 210
1 944 722
2 637 337
1 27 59
2 762 103
3 567 431
1 91 280
3 786 695
2 878 45
1 827 956
3 835 408
3 566 190
2 140 280
2 296 191
3 975 724
1 852 29
1 271 668
3 240 74
2 537 452
3 431 383
2 728 868
1 621 867
2 290 357
1 689 214
2 298 147
2 351 500
1 804 961
2 275 652
2 888 383
3 903 739
3 4 470
3 8 175
2 151 822
1 416 855
1 722 241
1 244 295
2 949 874
2 237 780
3 241 77
3 983 924
3 980 952
1 156 914
2 459 11
1 913 358
2 452 731
2 769 314
3 253 389
3 946 167
1 954 837
1 947 232
3 951 691
3 70 752
3 689 532
1 513 264
1 328 292
2 362 265
1 428 493
2 19 813
3 259 456
2 139 164
3 744 332
3 146 342
3 483 655
1 205 645
3 619 22
3 400 621
1 707 146
3 198 125
1 776 646
2 592 602
3 349 113
2 261 416
1 578 586
2 288 65
3 70 17
3 648 298
2 417 296
2 155 960
1 681 136
1 633 619
3 498 366
3 912 866
2 558 758
1 416 665
1 861 446
2 926 193
3 921 44
3 670 940
1 436 258
1 667 262
2 979 67
1 948 446
2 764 513
1 260 977
2 250 962
3 818 345
2 821 422
3 513 744
1 547 114
2 965 825
3 453 194
2 559 563
2 816 934
3 831 74
2 418 497
3 696 285
3 982 265
1 237 575
3 978 557
1 808 877
2 367 422
1 823 640
1 120 543
1 795 941
3 555 719
2 636 287
1 958 206
3 425 540
1 905 944
1 107 478
2 550 885
3 786 629
2 142 70
3 18 332
3 443 438
1 100 899
3 58 759
2 611 28
3 222 451
2 395 390
2 770 223
3 941 30
2 673 592
3 49 790
3 114 236
3 924 601
2 457 94
2 89 405
1 267 322
1 576 142
1 469 154
3 501 919
1 317 857
3 779 847
2 718 631
2 831 524
1 196 199
2 740 165
3 38 712
2 883 506
1 617 751
1 849 986
1 65 599
1 871 267
2 378 405
3 795 398
1 27 278
3 840 218
1 241 450
3 798 99
2 75 306
2 317 196
3 87 470
1 860 581
1 852 641
3 59 358
3 947 819
3 13 758
3 720 476
1 230 20
2 807 915
2 50 907
3 561 518
1 56 234
1 795 336
1 900 555
2 954 220
2 504 569
1 31 841
2 51 655
3 702 365
3 715 20
2 776 887
1 181 379
2 193 519
3 714 198
2 981 168
2 50 56
2 767 624
2 21 83
1 650 487
2 672 506
2 69 291
2 421 177
1 280 191
2 483 327
3 864 175
2 307 576
2 645 498
3 632 943
3 553 679
1 88 879
3 741 569
2 108 29
3 499 852
3 799 515
1 262 941
2 215 991
1 42 567
2 190 603
2 269 578
2 337 278
2 917 501
3 742 752
2 741 87
2 38 135
1 571 126
1 100 361
1 409 725
2 32 190
2 386 342
3 836 590
2 882 673
1 542 494
3 611 997
1 525 291
3 668 675
3 521 198
2 621 729
1 758 653
2 624 285
3 829 125
1 215 536
3 598 330
2 171 560
1 552 184
3 315 407
2 371 694
1 433 733
3 84 852
3 573 260
2 594 746
2 251 474
1 122 965
1 636 764
1 8 535
1 712 88
3 96 148
2 936 227
2 357 745
2 345 329
3 607 604
1 953 846
3 902 767
1 962 515
1 781 209
1 100 125
3 769 748
2 289 149
1 851 858
2 999 511
2 948 792
2 784 394
1 656 176
1 586 917
1 864 849
3 483 919
3 813 51
1 693 340
1 73 106
2 479 898
2 646 793
3 555 709
1 141 646
1 265 411
1 257 6
1 337 835
1 971 744
1 437 566
1 183 182
2 156 298
2 488 491
2 245 43
2 841 326
2 774 897
1 89 462
1 538 818
3 370 447
3 190 827
1 250 491
2 586 328
1 913 696
2 601 324
3 793 234
3 923 211
1 819 895
3 904 582
3 932 767
1 566 999
3 138 585
1 111 948
3 190 61
1 743 681
1 574 745
1 185 417
3 514 52
2 187 882
3 91 785
3 906 978
1 686 236
2 49 756
1 895 478
1 381 29
2 900 789
1 628 215
1 468 284
1 152 190
2 205 331
1 915 538
3 4 749
3 573 334
3 525 887
1 13 588
3 784 654
3 856 54
1 855 995
2 871 893
2 12 435
2 258 411
2 549 778
3 738 12
1 480 150
3 959 182
2 280 655
2 730 371
1 655 799
2 686 105
1 984 958
3 21 116
1 86 214
1 35 452
3 893 989
2 230 948
2 362 326
3 47 390
2 85 127
1 243 883
1 826 800
1 158 955
1 293 577
1 120 400
1 529 241
1 687 445
1 456 460
2 703 992
3 496 60
1 961 377
3 621 673
3 995 253
1 676 200
3 742 291
2 140 764
1 733 412
3 229 709
2 86 595
3 604 328
1 17 167
1 644 3
2 336 225
2 283 410
2 277 273
1 814 342
2 166 8
2 148 762
3 725 907
2 643 372
2 909 36
3 475 338
1 859 975
1 488 687
3 912 824
1 21 304
3 754 160
1 840 478
2 422 41
2 119 639
2 976 89
3 841 527
1 795 815
2 211 59
2 444 965
1 314 294
2 602 846
3 73 976
2 524 48
2 631 400
1 102 476
3 658 278
1 52 132
2 389 599
3 622 754
1 313 6
3 15 531
2 48 290
3 970 124
2 600 7
3 884 790
2 685 107
3 359 295
2 95 378
2 740 111
2 567 381
3 550 399
1 990 735
1 65 398
2 111 255
3 34 634
1 935 436
2 769 992
2 39 223
1 432 614
3 722 294
1 791 413
1 538 497
2 118 923
3 538 343
3 337 353
3 4 778
3 531 486
3 219 912
2 602 866
3 259 697
1 959 830
2 365 891
1 42 966
2 173 794
1 50 636
1 134 40
2 236 736
3 801 679
1 397 263
1 609 145
1 905 874
1 428 49
2 765 42
3 512 740
3 830 831
1 750 89
2 411 707
1 793 640
3 778 431
3 662 102
2 603 934
3 906 477
2 808 450
3 322 612
3 542 79
2 854 635
2 139 471
3 249 540
3 595 557
3 614 250
1 165 691
1 723 997
3 605 528
3 840 389
1 814 312
2 93 395
1 214 887
2 987 64
3 344 232
2 42 516
2 935 428
1 540 380
2 419 329
2 122 132
2 111 857
2 849 304
3 76 34
3 901 146
1 280 663
3 105 963
1 56 731
3 208 848
1 961 768
2 749 124
2 451 676
1 303 986
2 408 471
2 477 165
1 987 561
1 588 256
3 881 581
2 673 109
3 502 233
3 831 575
1 354 637
1 155 4
1 872 725
2 213 641
3 498 574
1 827 213
2 985 153
2 951 91
1 303 952
3 469 551
3 145 265
2 68 356
3 615 291
3 637 117
2 57 335
1 752 965
3 550 870
2 582 710
1 776 199
1 996 913
1 147 708
3 669 43
2 73 775
1 53 879
2 243 585
2 474 95
2 1000 735
1 795 190
3 703 617
2 646 389
1 600 745
1 471 165
1 966 427
3 914 733
3 812 276
2 547 690
2 372 895
1 299 325
1 835 541
2 363 308
1 985 328
2 111 457
2 693 953
2 830 188
1 874 294
1 317 503
2 878 872
3 179 981
3 110 599
2 486 880
3 864 263
1 273 255
3 750 401
1 943 61
1 975 857
2 845 32
1 109 713
1 829 538
2 135 187
3 391 146
1 11 273
2 657 832
1 268 879
2 673 42
1 525 934
3 232 957
3 739 819
1 12 696
3 539 230
1 830 206
2 112 256
1 954 742
2 121 463
2 323 856
1 985 648
3 544 470
1 123 352
3 226 826
3 904 768
2 59 26
1 920 525
3 912 68
1 86 341
2 760 523
3 123 587
2 952 243
3 3 282
3 203 37
3 362 861
2 835 893
2 457 213
1 117 665
3 804 531
3 281 601
1 26 490
3 487 721
1 500 145
1 796 951
2 888 434
2 565 823
3 996 545
2 314 723
2 640 759
1 679 189
2 838 813
3 548 8
2 46 513
3 34 636
3 471 439
1 793 183
3 123 450
3 445 575
1 491 822
1 913 819
2 377 960
1 796 63
1 948 290
3 165 458
3 165 914
2 909 653
3 804 898
2 610 691
3 264 275
2 796 196
2 166 910
1 963 611
1 890 169
3 690 4
3 117 47
3 555 409
2 228 552
3 636 398
3 206 14
1 939 194
3 937 420
2 72 519
1 160 805
1 22 827
3 384 90
2 395 777
2 620 572
3 58 469
3 755 658
1 642 414
3 538 514
1 63 685
1 828 872
1 724 2
1 86 514
1 633 28
1 99 354
1 480 644
2 72 725
3 285 331
3 341 931
2 86 738
3 936 110
1 947 408
2 894 681
3 288 372
2 760 94
3 555 697
1 707 750
2 704 422
2 537 653
3 996 93
3 53 171
2 443 56
1 967 231
2 621 884
1 501 977
3 426 738
1 794 894
3 50 79
1 789 807
3 582 547
3 282 76
1 436 182
3 30 394
2 84 345
3 772 115
2 100 161
2 147 364
1 48 681
2 355 113
3 537 744
1 256 869
1 363 772
3 232 223
2 735 267
2 866 62
3 470 53
3 849 63
2 243 540
2 263 313
2 697 545
2 295 520
2 472 549
1 137 87
3 254 319
1 649 14
3 652 102
2 350 729
3 184 721
1 763 551
1 742 234
2 688 97
3 278 244
1 217 705
3 67 111
1 485 900
3 365 830
1 847 84
2 254 796
1 533 251
2 411 882
3 715 894
3 328 543
2 710 698
3 374 364
2 377 812
1 394 62
1 675 940
2 2 851
1 418 283
1 415 213
2 886 609
2 702 833
3 543 29
2 522 97
3 466 629
1 599 901
1 440 677
2 42 363
1 382 405
2 962 610
1 567 940
2 825 602
3 717 491
3 487 976
2 135 186
3 240 92
1 75 947
3 98 867
1 824 251
1 179 978
1 191 101
1 899 101
3 944 215
3 685 274
2 901 631
1 108 282
1 724 630
3 959 307
1 134 431
1 195 645
3 19 422
2 585 358
3 970 85
3 61 139
1 47 694
2 405 975
2 854 730
1 597 88
1 82 801
3 867 620
1 623 495
2 736 766
1 681 951
1 314 427
2 144 552
3 916 645
1 169 21
2 513 81
2 279 766
3 26 824
3 754 247
1 905 564
2 277 692
3 600 347
3 206 608
1 833 400
3 983 990
3 202 34
2 156 986
1 115 535
2 963 400
1 638 981
1 602 167
2 438 955
3 49 352
1 698 168
1 661 11
3 140 139
3 655 884
3 230 839
3 138 477
3 605 4
2 967 166
1 322 126
2 911 148
1 820 848
3 362 648
3 375 203
1 191 860
2 481 656
3 1000 800
3 875 844
3 339 913
1 697 62
1 228 190
1 766 412
2 941 313
3 988 315
3 801 986
2 659 727
1 728 807
1 956 335
1 398 9
3 195 981
3 563 268
3 339 438
1 623 332
2 93 928
3 754 570
2 59 279
2 661 153
1 456 999
2 491 682
1 837 58
2 88 102
2 671 88
2 610 765
3 54 940
3 58 508
1 56 253
3 373 126
2 988 269
3 865 827
3 425 724
2 234 859
1 959 68
2 897 138
2 155 118
3 292 641
3 818 602
3 375 186
3 811 228
1 960 126
2 421 1
2 154 165
1 938 53
1 435 904
1 149 273
2 808 212
1 460 914
3 253 438
1 524 140
3 725 228
1 996 465
2 472 394
1 569 531
2 909 838
3 409 700
3 244 549
1 837 210
3 844 585
1 106 308
3 24 149
3 692 400
1 989 721
1 620 573
1 526 280
1 213 788
3 860 39
1 407 361
1 245 20
2 37 324
3 120 816
3 308 240
1 930 822
1 410 964
1 269 723
2 192 505
3 517 210
2 948 256
3 847 23
1 260 797
2 266 177
1 980 683
3 519 804
1 747 954
2 11 859
3 795 378
1 180 14
1 404 989
1 954 274
1 687 423
3 423 105
3 781 898
1 597 584
2 947 859
3 847 188
3 489 174
3 14 473
3 446 387
3 895 751
2 901 679
1 946 829
3 592 582
3 616 424
1 66 785
1 555 139
1 376 20
3 74 333
1 706 635
1 698 725
3 614 595
1 908 97
3 607 211
3 326 51
3 335 420
1 830 379
3 542 543
1 759 540
2 610 791
2 284 143
2 863 448
3 724 919
3 875 685
1 699 845
2 797 434
3 576 378
3 89 583
1 838 539
1 239 205
3 162 696
2 518 313
3 522 568
3 639 668
3 416 794
1 644 213
3 503 339
1 292 643
2 854 799
2 174 366
3 566 460
1 69 354
1 108 410
3 44 131
1 742 774
2 330 433
3 48 402
1 736 473
2 341 457
2 774 586
3 301 839
1 324 272
1 588 301
3 5 617
3 364 298
2 332 369
3 174 59
3 197 481
1 556 79
1 155 508
3 130 11
1 231 519
2 368 762
3 212 182
1 711 22
2 859 292
2 346 649
1 730 913
3 128 514
1 56 951
1 347 285
2 55 352
2 556 289
2 694 422
3 823 400
2 239 770
1 416 733
3 383 272
2 311 774
3 931 61
2 250 235
3 878 926
3 8 334
3 818 715
1 491 483
1 638 465
1 418 663
3 206 128
1 181 792
3 873 2
2 383 752
2 303 892
2 107 40
1 198 365
3 45 941
1 955 648
1 215 224
2 644 490
3 337 58
3 679 494
1 921 528
3 353 148
3 77 944
1 978 426
2 845 121
3 233 682
3 270 475
2 636 576
2 250 778
3 346 929
1 394 403
2 27 420
2 860 317
1 312 447
1 969 957
3 381 551
3 79 909
2 308 991
3 284 723
1 55 962
1 409 851
1 24 128
3 155 692
2 314 705
2 551 156
3 175 159
1 264 647
2 192 366
1 147 908
1 314 648
3 476 689
1 229 83
3 133 828
3 163 608
3 406 54
2 148 723
2 172 533
2 749 520
2 803 313
3 693 406
1 366 638
1 986 673
1 23 63
1 721 263
1 322 486
3 562 589
2 788 870
1 611 822
2 206 304
1 636 861
1 509 970
2 988 740
3 31 36
2 931 540
1 462 561
1 192 439
3 563 141
3 969 878
3 74 4
2 372 781
2 664 235
3 237 457
2 85 982
1 961 638
3 331 325
3 245 533
3 497 568
2 166 183
1 651 858
2 254 140
2 963 932
2 761 463
3 15 294
1 659 665
1 169 831
3 824 769
1 148 970
3 647 216
2 148 937
2 809 107
2 366 635
2 282 509
1 383 517
3 51 909
1 726 311
2 141 974
2 258 472
3 619 390
3 188 519
1 56 676
3 392 679
2 844 612
2 997 1000
2 382 996
3 6 648
2 349 804
1 643 939
1 836 47
3 142 801
1 399 719
3 717 732
3 417 750
1 25 139
2 407 881
3 428 604
3 658 747
2 53 384
2 520 446
1 932 734
1 490 737
1 910 288
3 478 135
3 185 732
3 787 907
1 336 161
1 356 471
3 515 431
3 790 676
2 791 482
3 92 733
2 597 276
3 446 501
3 432 50
1 474 366
3 524 792
2 39 226
3 460 856
2 960 995
1 421 923
1 734 87
1 339 242
3 991 133
2 880 991
1 655 80
2 747 828
3 716 952
2 597 773
2 467 509
2 892 824
3 849 527
1 465 912
1 388 187
2 282 928
3 566 968
3 749 746
3 150 174
1 274 226
3 979 181
2 993 479
3 729 815
3 715 594
1 136 15
2 507 881
3 227 446
1 962 223
1 939 563
2 731 405
2 978 244
1 856 189
2 159 392
3 154 310
1 692 879
1 792 705
2 54 355
2 784 97
3 186 491
3 858 922
2 900 246
3 774 684
3 426 127
3 565 266
2 890 104
1 985 890
2 112 352
2 58 219
3 650 408
2 643 360
2 914 354
2 250 112
2 953 402
3 372 24
1 169 770
2 835 867
3 556 583
2 111 735
2 492 321
1 986 225
1 132 443
1 407 795
1 942 873
2 856 159
3 730 333
1 96 362
1 448 402
1 689 797
2 726 143
3 964 740
2 506 692
2 634 594
1 600 625
3 825 586
3 438 322
3 19 706
3 810 554
3 880 916
3 917 81
3 327 852
1 620 688
2 634 817
2 690 94
1 965 165
2 958 165
2 345 132
2 58 989
3 761 51
1 927 902
1 47 688
1 432 259
2 886 690
3 974 57
3 50 639
2 625 430
2 305 856
1 97 36
1 468 999
1 921 626
2 247 744
2 977 863
2 414 639
2 282 871
3 91 677
3 913 702
2 943 293
1 685 976
3 702 515
2 102 311
1 646 770
2 183 616
2 649 733
3 263 482
2 722 979
1 689 120
3 213 249
1 558 466
2 32 249
1 453 236
3 542 17
3 802 763
2 321 94
3 127 831
3 819 31
1 995 84
3 629 115
3 85 563
2 602 948
3 197 228
3 617 740
1 1000 130
2 395 811
2 663 274
3 830 376
3 115 990
3 679 883
2 389 520
3 893 424
3 799 355
3 255 265
3 5 811
3 669 252
3 169 734
2 136 679
3 959 847
2 667 849
3 576 816
1 255 669
2 769 578
3 643 799
2 805 487
2 833 56
1 504 657
3 699 158
3 763 907
3 857 773
1 517 469
3 663 73
3 902 299
2 883 407
3 287 90
3 472 902
2 516 948
2 502 390
3 742 447
3 453 555
2 665 856
2 417 21
3 135 720
3 853 208
1 164 997
2 649 215
3 640 223
3 340 123
3 273 406
2 691 468
3 472 184
1 136 221
1 380 742
3 668 561
3 105 880
3 353 535
3 2 618
3 196 271
3 396 444
2 481 690
1 499 433
2 10 228
2 881 934
1 793 579
2 950 450
3 730 486
1 839 754
2 835 820
2 778 818
1 357 146
2 247 539
2 607 381
1 22 81
2 919 750
1 56 141
1 636 441
2 345 432
2 389 189
3 669 399
2 586 598
3 783 889
2 84 411
1 36 158
1 98 791
1 626 786
1 415 840
1 843 479
1 729 113
1 750 127
1 673 31
3 997 68
2 765 108
1 408 652
1 597 454
1 39 938
3 270 490
3 52 834
2 850 463
1 95 800
3 769 436
3 297 450
3 779 189
3 301 28
3 117 916
3 102 880
3 233 602
2 521 669
3 606 922
3 533 814
1 183 945
2 182 731
1 644 776
2 590 188
3 626 475
1 140 773
2 86 18
2 180 32
1 479 636
1 268 276
1 941 263
2 44 837
3 62 816
3 569 551
2 913 814
1 631 405
2 266 588
2 813 222
3 201 510
1 13 15
1 165 621
3 43 865
2 889 328
2 872 770
2 892 630
1 940 539
1 943 757
1 223 348
3 205 270
1 382 851
1 984 923
1 372 940
1 985 651
3 289 515
1 697 254
3 54 105
3 30 956
1 206 557
3 652 98
3 494 987
2 192 608
1 126 822
1 366 905
1 882 648
2 294 507
3 365 72
3 899 893
1 840 425
3 39 614
2 499 129
3 679 874
1 696 412
2 205 637
1 476 497
3 567 168
1 681 534
3 395 429
1 458 939
3 699 231
3 64 603
1 612 706
2 213 163
1 623 690
2 636 270
3 436 836
1 996 819
1 374 477
3 414 849
3 827 213
2 475 727
1 310 817
1 595 61
3 794 406
1 14 508
1 27 819
1 299 925
1 724 68
3 913 738
2 480 681
3 335 639
3 59 430
2 487 627
3 410 328
2 119 260
3 155 791
2 745 555
3 259 739
2 76 584
3 135 548
1 533 500
1 53 662
2 69 87
3 123 497
1 784 679
1 509 53
3 199 45
1 253 941
1 537 544
2 432 900
2 350 589
3 916 872
2 145 965
2 75 548
3 601 967
2 534 356
3 4 906
2 144 532
2 388 260
2 627 942
3 487 194
3 403 251
3 114 573
3 931 23
1 382 403
3 189 136
2 965 508
1 249 494
2 309 1
1 124 389
3 940 239
3 157 722
3 716 105
2 770 178
1 730 507
1 23 921
2 546 427
2 184 828
3 820 336
2 510 849
3 308 314
2 109 131
2 341 40
2 433 141
2 750 87
3 811 410
3 884 584
3 438 418
2 466 231
3 708 153
1 591 911
1 114 77
1 931 294
2 735 229
2 95 582
3 139 912
3 161 478
3 71 942
1 862 76
3 501 879
1 543 562
3 699 270
1 360 388
2 524 643
2 719 631
3 473 46
2 926 561
2 778 330
2 185 407
1 330 347
3 895 673
3 149 639
1 584 603
1 142 878
1 586 930
3 408 950
1 353 221
2 395 462
1 205 273
1 267 338
3 526 406
1 278 204
1 427 612
3 53 693
3 405 400
3 155 870
3 665 309
3 742 690
3 451 987
1 459 274
2 411 1000
3 553 684
2 43 339
3 357 577
1 118 680
2 513 143
1 682 248
2 284 564
3 888 937
1 572 761
3 757 373
2 174 36
2 649 485
3 398 909
1 897 204
1 69 206
3 421 204
3 334 531
2 853 173
2 454 324
2 360 584
3 427 764
2 925 535
1 354 650
3 517 338
3 278 876
2 51 544
3 576 154
3 552 632
3 768 703
1 166 700
3 708 199
3 481 413
3 544 764
2 377 923
3 387 516
3 613 705
2 327 408
3 849 515
3 264 749
2 850 89
1 41 708
3 390 281
2 679 647
2 962 849
2 433 437
1 987 109
1 411 936
3 436 896
1 737 308
2 726 393
2 173 480
3 209 136
3 457 65
3 279 774
2 610 965
2 650 539
3 165 560
1 401 907
1 297 922
3 495 825
1 800 425
3 227 837
3 190 744
2 152 662
2 290 397
3 819 269
2 881 837
3 601 86
2 953 61
3 91 689
2 578 768
3 115 382
3 751 171
2 982 280
2 238 239
3 281 934
1 73 359
1 825 534
1 166 959
2 26 778
2 303 85
1 298 451
3 890 90
3 561 836
2 219 226
2 843 850
1 526 926
2 647 149
1 574 1
3 491 738
1 374 142
1 443 344
1 546 5
3 563 102
2 346 979
2 623 423
3 568 118
2 577 782
2 576 425
2 539 859
2 381 587
2 239 449
2 33 833
2 744 275
3 255 353
2 864 323
3 895 463
3 136 159
3 734 533
3 728 104
2 37 503
2 320 308
2 140 483
1 597 581
3 668 396
3 358 987
3 753 94
2 44 490
3 811 247
3 214 469
2 921 407
1 592 430
1 396 280
1 591 44
2 508 158
2 833 348
1 510 83
3 737 926
1 856 562
3 69 591
2 666 872
1 994 482
1 188 244
1 672 751
2 371 697
3 714 452
1 75 443
3 368 812
2 286 85
1 632 128
1 50 671
2 871 774
1 221 951
1 670 574
2 626 625
1 749 640
2 691 192
1 733 39
1 911 467
3 16 22
3 221 75
3 260 180
3 464 536
3 237 667
3 553 983
2 961 221
1 603 294
2 739 503
2 428 374
1 357 178
3 843 494
1 71 460
3 420 781
1 943 830
1 1 469
1 170 764
2 442 568
1 584 6
1 743 108
1 774 719
1 419 557
2 869 623
1 558 785
1 727 403
3 146 893
3 881 160
3 514 451
3 967 208
1 99 724
3 643 763
2 227 730
3 645 252
1 399 227
3 221 813
3 587 665
3 437 874
1 147 753
3 442 715
2 120 320
1 28 529
1 29 3
3 607 933
1 470 653
3 953 713
3 641 218
2 403 301
3 870 76
2 739 745
2 894 817
1 106 424
1 385 837
2 220 987
2 570 561
3 356 475
1 989 186
2 498 313
3 687 373
2 704 471
2 567 667
3 834 830
1 756 986
3 447 239
1 552 27
2 993 337
3 937 805
2 979 651
1 419 624
1 896 70
3 83 492
3 788 534
3 607 177
3 581 641
1 296 719
3 104 697
3 839 164
2 135 649
1 311 353
2 312 818
1 272 221
2 158 411
3 291 303
3 317 203
2 35 248
2 223 50
3 82 897
2 106 92
2 868 530
3 771 253
3 799 749
1 575 194
2 983 948
1 477 399
3 561 389
2 963 470
1 211 513
3 470 28
3 648 715
1 542 700
3 699 809
3 933 840
3 611 264
1 990 924
2 546 196
2 168 312
3 686 643
3 722 592
2 1000 88
2 183 731
2 606 846
1 558 5
3 730 123
2 960 301
2 604 223
2 653 680
3 679 845
1 935 295
3 553 333
3 752 51
2 924 274
3 360 470
1 229 59
3 961 938
3 995 202
1 527 667
3 494 303
3 617 298
3 981 440
1 991 512
2 22 839
1 120 503
3 569 500
2 194 721
3 682 701
1 166 465
2 204 338
2 213 627
1 193 67
1 512 54
3 865 438
3 196 538
1 62 912
1 183 711
1 898 67
2 247 691
2 671 686
3 157 457
1 459 639
3 850 562
3 128 870
3 957 625
1 68 416
3 86 93
1 683 67
1 561 697
3 771 526
3 829 71
2 267 371
1 795 633
1 524 303
2 599 196
2 212 233
1 930 742
1 519 186
1 609 767
1 268 764
2 686 292
1 773 15
2 894 542
2 934 769
3 153 932
2 337 152
1 152 96
2 441 128
3 320 133
2 458 747
3 971 361
3 373 953
3 280 716
2 790 899
1 13 137
3 489 845
2 414 799
2 637 742
2 509 270
2 43 396
3 76 344
2 905 281
1 213 827
1 206 546
1 843 925
1 404 978
3 225 706
2 112 855
3 430 907
3 976 108
2 237 73
3 954 638
3 529 525
2 433 498
1 686 470
3 569 456
3 778 816
1 221 319
1 527 567
3 412 534
2 673 594
3 406 309
1 711 785
3 670 430
2 178 101
3 534 392
3 400 671
1 314 406
3 484 896
3 61 940
1 255 614
2 588 42
3 308 553
2 527 80
2 680 238
1 489 941
1 331 376
3 546 40
2 429 355
3 134 402
3 292 241
3 310 997
3 174 784
2 600 92
3 737 708
2 872 78
2 762 10
1 187 469
3 974 323
1 473 461
2 700 119
2 173 943
2 949 582
1 992 284
1 376 702
3 928 25
1 346 488
1 568 3
2 279 626
1 436 445
3 105 143
3 454 148
1 140 646
2 390 806
3 375 130
3 369 913
3 308 698
2 822 502
2 29 644
1 633 851
3 740 30
2 204 655
2 866 562
1 525 539
2 856 167
3 618 882
1 289 622
3 873 832
2 605 710
2 20 411
3 39 180
1 131 773
2 709 561
3 743 288
3 725 118
2 476 407
3 109 53
2 388 627
2 828 247
1 511 913
1 466 773
2 168 702
1 302 906
1 221 975
2 992 108
1 532 557
2 362 603
3 816 100
1 414 935
3 176 505
1 646 723
1 210 63
1 66 542
2 114 140
1 302 934
3 9 785
2 158 410
3 151 182
3 716 442
1 429 185
3 351 714
2 366 301
2 211 505
2 415 881
1 355 842
3 201 738
1 672 511
3 184 146
2 882 978
3 34 435
2 531 27
2 385 932
3 557 490
3 694 734
2 191 878
1 242 105
3 888 720
3 474 732
1 467 657
1 2 60
3 823 303
1 636 442
1 436 657
3 567 340
2 966 458
2 337 585
2 682 45
2 371 948
2 87 679
2 235 334
2 892 419
2 199 651
2 648 63
1 944 475
1 22 596
3 937 651
1 102 976
2 811 11
2 796 116
1 627 741
1 415 518
2 406 724
3 801 267
1 991 467
3 973 336
1 212 859
1 274 501
2 103 562
3 137 732
1 60 325
1 564 236
2 154 603
2 58 287
2 366 836
3 618 82
1 832 834
2 309 331
3 58 331
1 282 713
3 43 767
2 402 360
1 863 969
3 268 306
3 368 403
3 130 225
1 161 658
1 524 269
2 302 126
3 615 604
2 682 335
1 325 495
3 939 191
2 808 495
3 125 648
1 593 688
2 967 646
1 426 44
1 100 849
3 635 660
1 213 976
3 549 295
3 413 759
2 118 891
1 56 954
2 739 853
1 552 867
2 420 541
2 127 769
3 901 252
2 615 611
1 954 501
2 267 657
1 158 761
1 709 376
3 943 4
2 911 579
3 680 555
1 238 908
3 738 591
2 151 384
1 767 475
1 198 113
1 228 818
3 714 185
1 351 799
2 382 976
1 360 419
3 822 217
1 369 909
2 357 393
1 783 425
3 301 648
3 834 212
2 229 365
3 591 748
2 739 399
1 956 934
3 324 47
1 182 772
2 592 633
2 182 107
3 322 939
2 522 969
3 645 295
3 750 18
3 750 406
2 418 601
3 281 339
2 485 459
1 966 51
3 264 546
2 31 85
3 604 981
3 119 426
1 218 111
3 626 952
2 187 924
3 392 468
2 415 888
1 713 902
3 316 564
2 434 755
2 664 471
2 441 298
3 619 482
2 373 247
3 467 301
1 127 554
1 248 893
2 69 964
1 925 618
2 474 519
2 653 796
1 75 391
1 726 361
1 230 493
2 91 660
3 451 294
3 849 978
3 446 460
3 457 581
3 337 116
2 695 360
3 503 252
3 37 475
3 657 171
1 761 872
1 933 205
1 758 3
3 429 130
1 230 972
2 142 992
1 779 733
2 935 179
2 166 563
3 817 320
3 563 712
1 911 751
2 485 204
2 254 650
2 462 856
2 977 880
2 149 284
1 149 88
3 824 946
1 624 699
1 79 263
3 585 668
1 296 382
3 388 155
1 391 71
1 606 347
2 589 46
2 642 814
3 140 3
1 322 964
2 383 908
1 346 289
2 11 504
3 127 74
1 554 674
3 536 145
2 386 87
2 826 205
1 489 79
1 12 455
2 749 686
1 140 47
3 519 664
1 457 534
2 727 39
1 144 715
1 680 769
1 912 941
3 890 923
2 924 89
3 303 413
3 987 373
2 972 105
2 277 506
1 672 740
3 712 253
1 915 853
3 207 975
1 570 28
2 369 722
2 674 141
1 856 813
3 202 797
1 456 555
3 269 563
1 852 190
1 813 842
2 27 715
2 229 656
3 134 808
3 844 220
2 197 782
1 748 443
2 894 900
1 213 301
1 805 79
1 224 702
1 296 701
2 896 592
3 493 681
2 248 244
1 231 416
1 442 427
2 81 596
3 477 940
2 627 807
2 135 703
1 337 158
2 229 810
1 22 928
3 733 248
1 679 175
3 892 277
1 287 166
2 711 225
1 81 143
3 44 650
2 838 736
2 157 326
3 829 669
3 128 73
1 943 400
3 864 326
2 566 411
3 461 974
3 308 167
2 93 384
2 591 804
1 903 325
1 510 825
1 859 103
1 238 752
3 682 268
1 280 538
3 214 59
1 674 996
2 909 822
3 475 111
1 570 907
3 949 155
1 853 942
2 882 755
1 213 446
2 174 217
1 43 561
2 79 437
3 640 838
2 281 316
2 161 959
2 943 601
2 900 76
3 762 852
2 199 393
3 790 176
2 810 966
3 984 773
3 929 68
1 530 30
3 978 156
3 797 502
3 456 608
2 384 219
1 499 641
1 858 633
1 155 732
3 771 759
1 903 8
3 505 284
3 347 413
1 571 449
2 244 17
3 919 1000
1 234 713
1 340 433
2 313 185
3 825 856
1 124 895
3 378 347
1 584 793
3 49 110
3 484 95
3 460 72
1 277 126
1 153 263
3 882 562
1 743 409
2 59 814
2 752 747
1 289 413
1 661 709
1 54 580
3 75 809
3 601 121
2 389 280
2 769 481
1 940 126
2 442 213
3 255 838
1 355 25
1 933 252
1 412 365
1 648 89
1 144 577
1 571 58
2 11 678
1 618 694
1 683 167
2 810 547
2 540 728
1 436 787
1 572 596
3 167 609
2 16 655
3 40 872
1 554 68
2 122 482
2 703 809
1 704 583
3 703 20
2 219 191
3 11 445
2 256 169
3 833 262
3 342 549
3 453 905
2 837 402
1 228 236
2 695 37
1 551 208
1 478 986
1 131 209
3 182 871
2 275 696
3 888 723
2 979 769
2 75 769
1 157 705
1 435 613
3 597 51
2 336 783
2 994 509
1 919 206
3 674 255
1 736 158
1 152 52
2 994 790
1 137 354
1 330 873
1 907 816
3 547 370
1 385 544
1 369 290
2 329 920
2 58 994
2 912 395
