1580 1766
3 714 729
3 1253 264
3 932 659
3 407 612
3 761 1245
3 1377 1340
3 831 6
3 1469 1325
3 1290 708
3 7 102
3 292 484
3 1363 574
3 960 186
3 1128 510
3 705 890
3 1396 972
3 1532 1292
3 167 1009
3 1378 108
3 641 1379
3 277 715
3 643 53
3 1383 1515
3 855 1425
3 344 106
3 1225 1213
3 790 646
3 67 1005
3 743 1145
3 1135 1070
3 1239 620
3 1030 45
3 1388 156
3 884 1534
3 141 1190
3 1366 587
3 153 1553
3 74 624
3 945 370
3 187 665
3 863 46
3 332 1085
3 572 190
3 524 1280
3 1397 460
3 1088 1133
3 387 32
3 1011 541
3 366 1267
3 392 559
3 303 613
3 582 285
3 1022 654
3 1105 1483
3 1494 1122
3 910 721
3 246 882
3 1256 1245
3 511 1164
3 910 1159
3 441 385
3 1280 477
3 446 73
3 769 1281
3 1551 858
3 571 137
3 728 1
3 76 1132
3 324 1561
3 26 298
3 403 1081
3 107 230
3 275 1372
3 926 436
3 383 1059
3 280 328
3 85 584
3 256 1341
3 751 1246
3 14 1240
3 427 1523
3 599 411
3 628 323
3 1094 928
3 340 664
3 279 1560
3 178 1377
3 780 903
3 1447 1305
3 67 1472
3 1050 754
3 431 752
3 374 388
3 446 101
3 1330 727
3 456 780
3 594 33
3 990 584
3 772 437
3 808 1102
3 443 1114
3 1414 1226
3 591 206
3 1505 1154
3 736 455
3 1213 881
3 296 1227
3 1075 621
3 217 1480
3 20 1455
3 114 1477
3 381 1043
3 1262 904
3 922 626
3 604 783
3 1045 805
3 41 335
3 1364 147
3 356 23
3 1325 566
3 332 854
3 1429 22
3 697 1328
3 1484 327
3 279 346
3 336 1014
3 1562 102
3 125 139
3 709 1480
3 1078 420
3 959 1183
3 1372 958
3 432 190
3 806 270
3 1270 23
3 1293 1328
3 1531 118
3 783 590
3 1408 310
3 1502 1449
3 1500 126
3 331 1381
3 69 809
3 920 1287
3 442 1422
3 794 137
3 31 507
3 1197 894
3 451 275
3 425 6
3 544 1196
3 303 587
3 1459 1027
3 1200 1039
3 1462 1540
3 1089 160
3 573 1042
3 424 3
3 633 940
3 267 1353
3 1167 1258
3 639 1283
3 770 261
3 138 137
3 870 1287
3 899 1159
3 324 541
3 1412 688
3 1544 776
3 1308 917
3 658 275
3 421 1302
3 1530 1094
3 1082 800
3 1321 1498
3 509 111
3 395 97
3 45 303
3 135 1328
3 850 943
3 338 1558
3 1061 230
3 83 42
3 438 1192
3 1048 1233
3 888 335
3 234 714
3 1554 747
3 1166 422
3 767 845
3 954 1557
3 150 1082
3 904 173
3 1234 1259
3 1263 517
3 563 788
3 910 1405
3 647 497
3 1119 366
3 1259 1252
3 1437 45
3 473 1550
3 1109 5
3 582 1217
3 497 1335
3 614 1075
3 806 1441
3 1158 108
3 1225 1044
3 1526 473
3 367 1501
3 76 776
3 1109 1086
3 1199 1214
3 97 1116
3 267 1077
3 1064 57
3 562 542
3 1011 326
3 971 5
3 744 691
3 1022 1051
3 1114 1065
3 1081 161
3 253 1238
3 1449 1114
3 1485 736
3 923 185
3 649 1179
3 125 196
3 918 166
3 1356 770
3 965 135
3 865 962
3 1210 1407
3 1256 23
3 1159 1433
3 956 945
3 251 819
3 964 744
3 323 1370
3 334 1505
3 435 587
3 604 1348
3 370 226
3 1190 1281
3 1068 140
3 1067 701
3 636 1107
3 957 307
3 853 275
3 106 675
3 162 34
3 1399 867
3 210 1231
3 1131 770
3 1526 1136
3 1308 1560
3 280 1242
3 435 1384
3 773 1212
3 46 870
3 1495 161
3 416 357
3 247 1375
3 928 610
3 405 1020
3 798 835
3 842 876
3 55 1146
3 269 133
3 1523 1415
3 43 1004
3 922 927
3 139 72
3 515 747
3 1159 1030
3 14 159
3 24 330
3 920 119
3 416 786
3 1088 1107
3 935 36
3 1005 1531
3 1296 173
3 944 60
3 1450 279
3 595 1303
3 616 815
3 1139 872
3 131 152
3 964 594
3 867 1142
3 1236 1300
3 1217 112
3 58 1546
3 1119 715
3 1310 593
3 370 922
3 849 992
3 514 175
3 926 682
3 482 1112
3 1382 1413
3 202 43
3 1310 729
3 92 1138
3 639 1095
3 816 496
3 1037 257
3 1431 1501
3 934 432
3 1493 1514
3 151 595
3 470 1558
3 764 691
3 208 1264
3 332 30
3 1065 66
3 954 683
3 1392 1542
3 535 191
3 314 41
3 272 172
3 799 660
3 1444 127
3 28 734
3 1175 1415
3 672 1342
3 1458 826
3 642 805
3 110 1546
3 1244 525
3 166 1080
3 239 271
3 801 739
3 1154 38
3 1274 666
3 1352 616
3 1112 1369
3 950 986
3 1520 1054
3 97 636
3 74 231
3 1470 449
3 30 1541
3 516 1064
3 923 638
3 1005 1417
3 892 811
3 187 1426
3 1436 253
3 853 439
3 432 472
3 498 415
3 741 559
3 56 1156
3 441 1316
3 1528 462
3 1564 1306
3 221 897
3 1354 1566
3 1118 169
3 124 970
3 1350 997
3 840 140
3 986 598
3 858 1436
3 958 1238
3 1155 1114
3 1422 1013
3 694 1274
3 323 1312
3 788 53
3 1337 1319
3 1293 403
3 23 893
3 1375 29
3 522 810
3 1008 651
3 1056 1067
3 1031 25
3 1404 1429
3 849 1394
3 86 491
3 202 509
3 1476 1288
3 354 371
3 1110 1258
3 738 553
3 1262 1070
3 1556 409
3 1538 759
3 1125 207
3 640 638
3 814 953
3 1187 245
3 1334 300
3 884 1121
3 1530 278
3 796 53
3 1158 1392
3 1548 862
3 171 810
3 1113 1197
3 116 410
3 1144 944
3 1526 955
3 1271 32
3 746 1306
3 972 928
3 1552 202
3 1319 1516
3 1428 1462
3 1217 1555
3 311 1166
3 1562 1203
3 841 1557
3 359 168
3 16 1159
3 398 90
3 1535 27
3 780 794
3 971 759
3 1537 249
3 31 217
3 912 1449
3 1136 574
3 1318 1500
3 695 921
3 773 397
3 1522 1434
3 663 415
3 1275 1025
3 1226 1568
3 568 1101
3 208 1288
3 1191 512
3 848 543
3 1173 1004
3 909 838
3 856 1121
3 489 1216
3 74 297
3 422 387
3 45 1454
3 447 232
3 1491 548
3 1182 310
3 978 122
3 1521 1510
3 169 1397
3 1055 1225
3 1275 442
3 973 1119
3 1079 1022
3 1459 777
3 1142 292
3 387 924
3 281 1105
3 861 583
3 657 1288
3 1387 1131
3 634 946
3 1205 1335
3 384 844
3 453 41
3 507 433
3 264 1332
3 587 1534
3 1570 1203
3 219 1145
3 307 1208
3 183 1202
3 854 799
3 405 1086
3 989 62
3 503 1475
3 799 1482
3 6 105
3 1124 1302
3 1017 736
3 652 1196
3 1563 897
3 430 1080
3 1413 720
3 693 978
3 1046 1474
3 231 600
3 309 1260
3 613 1121
3 550 197
3 574 1370
3 366 422
3 1445 727
3 302 65
3 1299 65
3 272 645
3 1071 737
3 846 917
3 238 1071
3 1337 1267
3 740 840
3 1153 1539
3 301 680
3 403 1050
3 644 1088
3 549 1102
3 1038 822
3 743 588
3 419 737
3 122 1297
3 1381 856
3 94 856
3 609 688
3 1528 1311
3 1196 422
3 1168 423
3 498 1149
3 1346 1044
3 1086 329
3 170 641
3 1250 1121
3 950 1368
3 1385 1036
3 912 412
3 1429 921
3 1096 1357
3 1536 1293
3 499 34
3 181 1007
3 562 446
3 1215 904
3 1425 1043
3 1464 1419
3 10 100
3 1110 44
3 773 1432
3 647 520
3 304 1569
3 355 1428
3 811 468
3 915 238
3 602 225
3 1561 1537
3 870 778
3 1295 125
3 1420 431
3 150 220
3 1288 81
3 229 374
3 879 638
3 255 733
3 1369 1536
3 18 362
3 263 1228
3 359 693
3 1124 819
3 489 987
3 247 1073
3 135 583
3 1039 1218
3 129 891
3 220 1254
3 1058 630
3 713 474
3 306 1578
3 1087 76
3 1215 1178
3 1186 1127
3 1536 1427
3 1349 439
3 1094 1110
3 1145 16
3 1340 75
3 1377 886
3 32 1032
3 990 1094
3 287 1490
3 413 1263
3 64 1112
3 916 666
3 629 172
3 797 629
3 12 1567
3 546 140
3 762 1364
3 973 739
3 1257 549
3 913 1222
3 1503 733
3 1204 254
3 1202 509
3 1299 229
3 803 701
3 125 42
3 900 21
3 300 651
3 1166 1156
3 1546 979
3 878 544
3 429 687
3 585 376
3 757 465
3 1341 70
3 161 1504
3 277 1331
3 1566 625
3 67 45
3 368 797
3 811 494
3 646 329
3 581 722
3 324 334
3 132 1326
3 1284 1573
3 536 102
3 368 1220
3 1022 657
3 1441 732
3 753 472
3 673 996
3 971 1424
3 1353 902
3 54 670
3 1129 1560
3 441 1538
3 19 980
3 1363 726
3 918 1124
3 718 1240
3 1042 469
3 512 1050
3 720 1145
3 450 262
3 529 269
3 1515 639
3 9 1188
3 359 1305
3 1341 274
3 1486 1323
3 319 799
3 1523 284
3 631 267
3 476 994
3 1472 113
3 774 1383
3 915 1290
3 747 1197
3 907 806
3 871 1334
3 1500 367
3 1195 740
3 705 1553
3 1347 864
3 1474 1070
3 1108 1478
3 112 310
3 1357 1121
3 1009 87
3 185 775
3 910 942
3 721 1044
3 462 1134
3 1290 601
3 1247 1157
3 524 225
3 278 311
3 1498 955
3 1391 1511
3 18 522
3 1408 273
3 1278 506
3 377 1457
3 711 600
3 728 356
3 1474 310
3 1039 1261
3 1486 157
3 1275 47
3 383 837
3 239 737
3 234 171
3 180 108
3 147 1477
3 437 803
3 505 622
3 1270 405
3 87 833
3 521 1509
3 1111 1063
3 116 66
3 1495 1424
3 1203 367
3 1091 1065
3 1261 612
3 1059 1369
3 1184 403
3 375 248
3 609 703
3 1318 1269
3 908 1483
3 1276 368
3 1358 803
3 1378 247
3 36 436
3 743 265
3 317 1045
3 1096 1402
3 754 1245
3 1143 1284
3 232 269
3 1540 140
3 1097 130
3 86 371
3 21 355
3 608 70
3 1236 831
3 789 829
3 1417 147
3 1576 1073
3 369 1245
3 1412 202
3 1541 1570
3 725 432
3 774 1307
3 200 1075
3 5 1384
3 248 983
3 634 704
3 855 67
3 414 853
3 58 1522
3 949 1018
3 1527 1007
3 1384 1243
3 1535 925
3 662 1222
3 955 165
3 208 1120
3 1115 1080
3 997 1254
3 1238 720
3 1222 1521
3 1244 648
3 392 102
3 432 1427
3 990 631
3 1283 1423
3 1187 1439
3 785 266
3 110 1029
3 180 152
3 277 591
3 540 431
3 161 621
3 835 1178
3 142 1519
3 1101 356
3 1246 192
3 438 699
3 1361 1015
3 97 393
3 140 458
3 1358 1245
3 1477 1453
3 308 860
3 991 662
3 49 263
3 496 1088
3 1177 455
3 131 1352
3 612 937
3 397 1555
3 778 81
3 1350 299
3 1041 1451
3 1574 1170
3 23 1123
3 1313 424
3 641 1411
3 22 1528
3 881 680
3 1110 1395
3 493 593
3 527 206
3 316 585
3 816 1267
3 509 1558
3 52 1392
3 90 1272
3 861 1206
3 1247 1230
3 305 555
3 913 848
3 450 726
3 24 697
3 51 290
3 1043 1340
3 1295 244
3 512 1391
3 1475 1427
3 576 449
3 586 1413
3 499 10
3 1081 694
3 1523 935
3 1190 730
3 849 118
3 267 168
3 268 99
3 1006 777
3 648 967
3 613 1068
3 1270 984
3 1454 166
3 252 1201
3 970 1119
3 1225 1273
3 584 254
3 75 1409
3 551 1128
3 1121 103
3 1090 649
3 1297 449
3 1168 1188
3 293 496
3 792 1222
3 486 1462
3 921 1558
3 1012 1491
3 1555 43
3 611 311
3 503 1086
3 430 241
3 538 767
3 936 1431
3 1187 839
3 1463 574
3 301 1075
3 409 982
3 1564 1215
3 1097 1087
3 341 1016
3 44 968
3 1506 354
3 1219 252
3 256 1396
3 709 1211
3 273 1280
3 1509 219
3 1540 497
3 1058 373
3 747 847
3 1406 536
3 1383 111
3 526 513
3 534 563
3 414 691
3 1141 812
3 796 849
3 1069 1481
3 1500 709
3 1416 96
3 660 735
3 1117 1217
3 364 1511
3 1248 2
3 631 419
3 1229 1240
3 66 909
3 806 751
3 219 1554
3 766 799
3 1155 625
3 1418 897
3 817 1308
3 287 262
3 1106 781
3 13 715
3 766 236
3 1295 1217
3 645 553
3 477 479
3 905 948
3 1185 1038
3 1492 880
3 170 466
3 310 178
3 52 1318
3 977 1562
3 479 1197
3 1181 352
3 171 1026
3 1456 708
3 1164 1114
3 230 812
3 93 371
3 1415 1209
3 1158 1270
3 634 1287
3 29 1278
3 640 820
3 119 150
3 631 163
3 389 1118
3 1008 218
3 23 1220
3 1147 562
3 709 833
3 766 19
3 164 370
3 547 929
3 825 868
3 493 1386
3 1140 254
3 1544 742
3 1356 799
3 863 202
3 155 225
3 779 734
3 1149 203
3 365 479
3 1239 308
3 1557 445
3 1007 245
3 1304 90
3 1348 944
3 106 799
3 242 923
3 959 1262
3 734 681
3 145 416
3 1126 69
3 136 411
3 403 848
3 60 1310
3 1335 558
3 892 1196
3 411 65
3 816 115
3 427 126
3 1223 666
3 1249 1449
3 1447 1226
3 85 1548
3 214 726
3 991 660
3 384 1496
3 138 129
3 758 1266
3 908 445
3 1129 141
3 748 1413
3 440 258
3 679 984
3 231 1365
3 858 1489
3 324 1426
3 1546 451
3 775 1024
3 605 245
3 1284 971
3 533 1509
3 264 778
3 1517 434
3 1513 1238
3 235 960
3 757 849
3 192 880
3 514 532
3 468 1133
3 1373 1512
3 431 1083
3 862 541
3 921 1411
3 325 1369
3 646 84
3 1053 1162
3 1062 887
3 464 375
3 1448 726
3 1432 153
3 1001 5
3 493 151
3 1229 913
3 1495 913
3 1344 623
3 105 1123
3 1212 1480
3 1117 581
3 1056 1309
3 1132 692
3 951 1087
3 73 1216
3 87 918
3 556 1171
3 127 1138
3 1134 247
3 1217 1022
3 831 363
3 611 76
3 762 1538
3 195 582
3 439 1470
3 1417 192
3 28 1438
3 378 1133
3 1403 1141
3 627 1576
3 797 1343
3 87 1235
3 798 950
3 1043 86
3 1037 604
3 423 1092
3 639 465
3 1483 931
3 1424 858
3 773 687
3 1201 458
3 389 941
3 1252 980
3 1440 40
3 8 450
3 516 1495
3 311 1109
3 887 656
3 308 287
3 1218 471
3 139 731
3 1202 1175
3 535 54
3 143 701
3 1256 1446
3 136 665
3 199 841
3 921 729
3 849 544
3 679 373
3 502 1212
3 1104 441
3 414 802
3 1522 1212
3 1379 738
3 321 631
3 1253 1082
3 32 942
3 1565 1346
3 884 854
3 665 1352
3 1553 1059
3 174 1226
3 398 189
3 1299 826
3 919 983
3 733 555
3 973 1460
3 39 115
3 1004 1174
3 94 1408
3 1470 1406
3 1104 1050
3 125 649
3 1558 905
3 820 529
3 482 1197
3 1077 655
3 1202 902
3 155 97
3 1281 516
3 1205 813
3 1370 332
3 650 85
3 462 7
3 807 114
3 769 1046
3 1167 861
3 22 775
3 1259 125
3 218 25
3 182 671
3 369 814
3 615 974
3 1250 1015
3 1304 101
3 143 613
3 988 964
3 977 1472
3 456 5
3 528 350
3 957 1261
3 805 763
3 688 490
3 1478 37
3 297 45
3 245 839
3 299 102
3 1052 1483
3 872 173
3 1167 239
3 1358 1490
3 20 508
3 607 719
3 1062 785
3 1189 150
3 111 704
3 1469 551
3 1245 365
3 279 605
3 1238 493
3 1016 1083
3 72 1277
3 72 675
3 882 198
3 457 822
3 1127 1486
3 1181 716
3 1102 876
3 643 871
3 324 750
3 454 184
3 755 315
3 925 534
3 243 214
3 568 1143
3 212 807
3 1248 201
3 517 602
3 1487 475
3 1391 406
3 229 1277
3 967 1306
3 470 1184
3 76 421
3 890 195
3 24 747
3 392 1254
3 1362 1312
3 625 874
3 458 590
3 15 1037
3 519 819
3 815 1159
3 154 1326
3 170 969
3 1107 1529
3 617 852
3 786 550
3 565 1377
3 878 1343
3 1189 1027
3 1417 240
3 560 373
3 1009 1259
3 1000 385
3 1462 1053
3 689 818
3 1407 897
3 1097 106
3 183 30
3 183 289
3 875 531
3 1399 792
3 864 886
3 1571 427
3 857 99
3 789 428
3 1015 1471
3 1311 137
3 1179 1302
3 953 1011
3 1060 877
3 1562 1106
3 82 599
3 689 861
3 1308 1449
3 362 622
3 1194 706
3 1218 334
3 1253 316
3 527 990
3 234 924
3 732 62
3 1427 98
3 21 1332
3 915 367
3 143 847
3 1179 117
3 1164 49
3 44 609
3 1364 231
3 89 343
3 1070 612
3 1254 5
3 1194 319
3 623 1460
3 1364 467
3 399 1287
3 592 1092
3 236 779
3 367 702
3 365 921
3 307 556
3 516 1228
3 543 658
3 1410 1190
3 391 498
3 804 1434
3 233 366
3 731 62
3 1317 88
3 1023 764
3 280 1533
3 749 777
3 258 1160
3 1345 456
3 1050 893
3 129 840
3 1235 1410
3 1396 534
3 405 1537
3 334 283
3 1305 1078
3 1058 1372
3 45 744
3 926 135
3 434 604
3 1244 215
3 116 600
3 615 80
3 1183 301
3 992 1041
3 521 1049
3 1226 148
3 1203 138
3 1491 952
3 1414 988
3 219 1533
3 956 26
3 1346 819
3 916 473
3 826 687
3 597 354
3 1458 1536
3 499 951
3 1197 634
3 1573 770
3 533 1013
3 743 1130
3 578 26
3 397 269
3 933 824
3 986 1364
3 1489 1335
3 1108 1437
3 1465 1380
3 950 1422
3 15 250
3 1353 1015
3 635 578
3 1246 602
3 150 1152
3 850 48
3 206 176
3 715 741
3 1251 426
3 1412 602
3 1228 1564
3 100 1143
3 794 512
3 419 1083
3 875 47
3 559 512
3 1217 247
3 681 507
3 388 1347
3 1470 1265
3 898 895
3 1558 190
3 160 638
3 1499 683
3 357 1007
3 168 1333
3 973 153
3 30 1537
3 1243 714
3 750 938
3 1360 195
3 668 661
3 739 540
3 519 469
3 560 1134
3 1088 1272
3 4 854
3 698 590
3 1057 982
3 344 957
3 325 1430
3 911 731
3 1364 1011
3 971 186
3 759 586
3 482 568
3 670 1359
3 42 620
3 1074 1329
3 1222 1408
3 641 625
3 461 560
3 54 1140
3 1259 1575
3 1459 1009
3 24 310
3 1314 821
3 646 1315
3 197 1112
3 656 1499
3 128 549
3 620 1458
3 1513 815
3 1137 1041
3 1191 1128
3 1078 13
3 985 335
3 271 232
3 914 76
3 1448 246
3 72 373
3 1196 713
3 553 1196
3 50 897
3 851 961
3 238 213
3 1529 996
3 1087 989
3 1119 509
3 335 1472
3 204 391
3 419 1145
3 44 615
3 1379 553
3 1017 1308
3 905 770
3 619 1360
3 79 998
3 816 1115
3 743 1412
3 260 987
3 64 1549
3 1062 130
3 304 259
3 1270 933
3 1230 813
3 1273 1054
3 435 971
3 1370 726
3 1560 304
3 1500 537
3 261 1169
3 1400 1276
3 1486 657
3 635 171
3 650 480
3 65 160
3 718 75
3 230 114
3 1243 1022
3 83 1262
3 265 863
3 574 532
3 758 538
3 997 1216
3 1547 1493
3 1079 235
3 1426 760
3 244 325
3 299 1006
3 925 243
3 730 785
3 656 421
3 1542 904
3 701 849
3 1155 81
3 383 352
3 1568 760
3 849 1242
3 1577 365
3 1393 974
3 361 1110
3 1223 569
3 1138 1093
3 1275 363
3 932 898
3 1372 1407
3 886 628
3 1021 859
3 1531 1241
3 113 946
3 1180 215
3 1357 1116
3 889 1109
3 867 1369
3 527 1047
3 106 371
3 166 1119
3 673 1337
3 935 1559
3 491 415
3 1253 1308
3 168 205
3 925 1522
3 1021 668
3 1021 1258
3 958 159
3 905 943
3 1070 599
3 1245 311
3 521 780
3 1176 433
3 849 1546
3 1580 1225
3 106 1036
3 1314 1119
3 684 593
3 508 850
3 1 390
3 1070 1295
3 798 907
3 1406 1580
3 1499 1200
3 1224 1436
3 875 476
3 1230 1460
3 1566 63
3 7 513
3 602 8
3 22 485
3 523 1340
3 7 1129
3 1034 556
3 245 636
3 891 752
3 948 673
3 475 444
3 1562 966
3 1515 592
3 532 856
3 885 1526
3 763 92
3 430 1231
3 489 1127
3 815 935
3 158 1183
3 1134 403
3 726 1466
3 540 408
3 1003 1303
3 2 613
3 854 516
3 580 725
3 1418 1126
3 1449 1255
3 542 1298
3 1471 551
3 694 5
3 1040 478
3 217 122
3 1284 1208
3 567 380
3 1302 1123
3 590 1180
3 572 630
3 1233 1246
3 1268 414
3 989 495
3 358 1134
3 276 248
3 32 1077
3 127 1329
3 1468 462
3 1264 1559
3 121 1211
3 877 601
3 1002 983
3 285 403
3 1230 230
3 830 1327
3 1122 449
3 1418 156
3 1111 1206
3 1564 1415
3 763 1569
3 742 1474
3 35 1352
3 555 386
3 64 541
3 1466 1266
3 183 1512
3 237 994
3 566 1505
3 261 1267
3 272 1484
3 1353 678
3 1279 589
3 757 1021
3 897 866
3 580 1260
3 651 272
3 779 1289
3 1513 1177
3 843 564
3 55 260
3 27 817
3 1058 279
3 1492 580
3 51 324
3 1267 451
3 577 1048
3 854 103
3 494 732
3 1561 307
3 547 470
3 1139 1494
3 231 1382
3 1256 1155
3 963 724
3 1442 585
3 280 762
3 791 1558
3 357 1131
3 354 1036
3 1113 1555
3 201 952
3 409 826
3 952 55
3 1432 346
3 548 1226
3 628 784
3 1369 794
3 1195 151
3 808 965
3 592 866
3 1121 1007
3 537 382
3 90 194
3 172 1226
3 850 30
3 1291 729
3 307 1494
3 584 35
3 1005 1013
3 863 1133
3 494 462
3 1453 930
3 1456 1515
3 592 852
3 1009 74
3 419 290
3 663 891
3 1570 222
3 134 1009
3 1199 858
3 531 127
3 760 1237
3 1289 1066
3 1026 1314
3 1 327
3 1538 973
3 23 801
3 1247 149
3 1310 937
3 90 611
3 1337 1018
3 1516 1176
3 627 170
3 1285 897
3 1415 339
3 791 1310
3 618 915
3 631 1011
3 1482 1371
3 354 962
3 643 207
3 1261 739
3 630 1081
3 1282 650
3 614 1445
3 519 1194
3 116 735
3 46 369
3 727 1143
3 122 1259
3 911 1264
3 209 1237
3 492 1123
3 662 1027
3 819 1455
3 1395 126
3 148 160
3 877 512
3 109 52
3 692 1405
3 1276 654
3 282 1256
3 1212 1030
3 1162 312
3 1521 786
3 162 924
3 1252 379
3 57 613
3 880 724
3 812 902
3 1442 861
3 1155 435
3 173 498
3 1451 857
3 1139 345
3 473 755
3 1233 959
3 1236 1481
3 1461 665
3 106 780
3 181 102
3 1375 1200
3 1513 477
3 152 108
3 300 6
3 1345 1535
3 83 385
3 107 77
3 1016 1473
3 712 792
3 828 1181
3 36 1486
3 379 240
3 22 919
3 785 413
3 1066 759
3 262 945
3 830 414
3 1358 618
3 356 1548
3 1072 1195
3 1393 1123
3 76 974
3 929 1369
3 495 597
3 1555 497
3 1286 453
3 669 1580
3 1396 1426
3 1249 1021
3 1111 571
3 1077 1286
3 1552 423
3 966 237
3 866 534
3 336 305
3 1547 573
3 12 119
3 635 1118
3 876 1222
3 740 707
3 493 716
3 657 827
3 190 33
3 708 569
3 241 1332
3 443 623
3 808 897
3 934 748
3 1131 29
3 1557 1105
3 338 820
3 503 994
3 872 751
3 198 499
3 689 1503
3 1220 632
3 756 674
3 686 1264
3 53 1085
3 1206 1398
3 401 663
3 667 1032
3 1405 1240
3 1420 968
3 677 1164
3 1574 1316
3 37 964
3 1368 718
3 816 307
3 1035 739
3 500 667
3 1068 851
3 1397 1353
3 68 596
3 722 259
3 517 714
3 1402 387
3 806 740
3 1418 13
3 398 219
3 1057 1179
3 1383 964
3 785 1357
3 714 648
3 1342 276
3 763 544
3 704 1190
3 539 1394
3 1032 619
3 301 1026
3 443 174
3 1000 710
3 887 596
3 199 843
3 527 1363
3 1481 836
3 1333 617
3 328 405
3 280 1305
3 1375 341
3 1205 34
3 1284 801
3 766 109
3 663 807
3 736 344
3 1217 1177
3 604 1097
3 1189 485
3 513 809
3 1290 640
3 352 429
3 1496 991
3 135 797
3 1227 1224
3 112 602
3 596 751
3 500 346
3 273 599
3 663 721
3 414 1541
3 1167 1171
3 773 594
3 225 406
3 1417 1034
3 1008 777
3 1218 991
3 1545 908
3 666 1464
3 502 1329
3 667 1098
3 1212 412
3 505 283
3 499 155
3 244 393
3 1137 543
3 750 311
3 610 1241
3 1027 1442
3 298 700
3 1579 311
3 366 1311
3 30 714
