1295 566
2 1157 274
1 147 1027
1 496 804
2 37 863
2 650 1236
2 1000 775
3 1150 894
1 989 114
3 189 804
1 521 706
3 798 1232
3 252 876
3 546 1070
2 378 918
2 138 398
3 209 343
3 27 1286
3 680 1159
1 125 1283
3 93 746
1 72 858
3 963 1150
2 748 795
1 218 336
2 1027 490
1 179 1059
3 191 1219
3 726 793
1 715 1272
1 125 274
2 392 644
1 739 1203
3 996 475
3 1206 459
3 1228 23
2 201 479
2 1234 977
2 943 1206
2 863 172
1 1175 760
1 234 1265
3 463 1236
3 697 285
2 708 291
3 724 285
3 1121 1150
2 1000 224
1 1033 216
1 498 941
3 1244 1043
1 430 77
3 980 1245
2 1209 925
1 828 591
1 827 591
1 325 129
1 534 1251
3 408 917
2 248 217
2 495 744
1 768 598
1 792 395
3 851 1259
3 1170 370
1 24 1293
3 826 808
3 976 126
2 281 791
2 1180 70
2 1130 616
3 1154 10
2 632 1179
2 747 388
1 653 462
1 811 1086
1 11 1213
3 391 720
2 539 439
2 976 613
2 549 271
1 461 257
1 149 443
3 155 560
3 885 495
1 243 1145
3 1138 802
3 479 1027
1 894 267
3 480 1034
1 1182 872
3 157 23
1 219 1085
3 395 792
1 442 550
3 478 969
1 807 596
3 218 830
3 800 560
3 190 168
1 406 1102
2 870 1035
1 720 429
3 702 1290
2 660 588
1 312 33
3 26 739
1 932 550
2 527 877
1 975 1073
1 977 906
1 346 1144
1 1267 400
1 758 1105
1 18 290
1 857 1274
3 137 1030
1 955 127
1 395 792
2 760 1102
3 102 1291
2 595 7
3 465 259
2 642 901
3 483 1107
3 1189 1026
1 371 176
2 1224 1202
3 106 585
2 727 959
1 937 1014
3 977 870
2 788 753
1 12 429
3 1222 1277
1 332 898
2 582 73
3 63 999
3 1291 406
3 130 677
2 635 792
2 984 98
3 689 587
1 128 1263
3 1281 813
1 865 930
1 263 30
2 447 75
2 1042 523
1 576 306
3 264 983
2 303 279
2 1264 801
3 1009 425
3 368 1023
2 537 168
2 739 951
2 432 70
2 715 569
3 1033 299
1 84 583
1 867 583
1 946 406
2 437 99
3 854 206
1 85 936
2 602 149
2 799 826
3 18 969
3 779 270
3 918 727
1 1233 48
1 272 744
1 520 1290
3 171 313
3 896 689
3 690 47
2 331 703
3 674 978
3 197 299
3 674 517
3 1224 477
2 627 413
3 1210 756
2 126 597
1 892 917
3 887 930
3 269 333
1 336 473
2 1087 1028
3 40 839
3 36 831
3 710 658
3 80 1001
3 385 866
2 259 145
2 406 751
1 963 69
2 28 1092
2 585 21
2 222 1291
3 163 1120
2 240 343
2 755 374
2 598 1081
3 492 858
1 727 141
3 480 1096
1 1071 236
2 62 828
2 684 574
1 1022 320
3 102 217
3 365 985
2 176 104
3 816 748
1 41 1283
3 601 88
2 239 778
3 959 520
3 231 212
1 806 1049
3 363 716
1 948 1072
3 1052 1293
3 48 5
3 1023 1057
3 539 583
2 380 1146
2 1227 516
1 1294 795
3 762 1144
2 188 908
2 597 1275
1 1225 1158
2 1241 189
2 866 823
2 544 145
2 197 820
1 137 1137
1 609 1036
1 881 541
2 692 564
1 1189 1201
1 1224 868
3 1192 273
2 395 792
3 974 27
3 955 503
3 395 297
2 1127 606
1 67 688
3 638 129
3 648 1283
1 1002 570
2 49 584
2 457 122
2 661 414
3 434 706
3 973 859
1 291 196
3 603 434
2 918 1086
2 1047 662
2 169 334
1 516 596
3 163 865
1 1183 377
3 313 587
3 846 1116
2 1198 1018
2 1241 844
2 1279 1010
2 744 77
1 698 704
2 122 35
2 1185 1217
2 811 1239
3 510 258
1 109 190
2 471 135
2 1062 1012
2 676 236
2 156 643
2 1109 1232
3 316 96
1 79 1273
3 717 766
1 1096 291
2 710 1013
3 280 554
1 528 123
2 401 657
1 1021 665
2 316 1076
1 466 710
2 521 271
3 161 1090
2 496 640
3 665 189
1 866 885
1 835 748
2 578 473
3 997 442
2 151 314
3 292 50
1 207 1176
2 287 710
2 1193 1006
1 93 1082
3 364 1140
2 637 434
3 831 1033
2 461 207
3 1239 512
1 714 601
3 1007 834
2 43 302
3 1290 364
3 285 38
1 11 399
1 473 146
2 359 440
1 1261 803
2 504 1094
3 486 810
3 244 363
1 981 692
1 644 804
3 852 794
1 400 23
1 954 824
1 1275 1072
1 1215 222
3 775 360
3 450 705
2 1006 968
1 278 1132
1 875 562
1 1253 972
3 190 1152
2 608 153
3 156 344
3 1262 426
1 468 278
2 1243 24
1 764 137
1 624 750
1 661 452
1 920 977
1 782 48
1 488 654
2 856 459
2 296 469
1 1005 809
1 32 606
1 5 629
3 46 1066
1 255 1271
3 839 259
2 917 44
1 786 268
1 1073 697
2 1188 1199
3 904 140
2 231 816
2 991 614
2 749 590
1 914 535
3 1289 691
2 278 892
1 56 369
2 1251 72
1 382 35
2 1088 1004
1 1246 1209
1 369 693
3 803 769
3 1277 1290
1 1090 52
3 150 717
2 1015 758
1 249 212
1 747 565
3 607 967
1 128 626
2 43 1003
1 645 1281
3 44 507
1 20 713
3 502 789
3 1287 667
2 396 747
3 20 859
1 158 1069
2 296 607
2 986 345
2 211 82
3 71 970
1 762 942
3 674 88
1 980 1127
1 128 628
3 25 924
3 283 1001
3 932 913
3 204 286
2 1234 458
3 38 1082
3 969 839
1 1252 641
1 273 506
3 1118 261
3 126 17
3 651 532
3 928 109
1 1122 775
1 935 73
2 248 737
2 1057 1224
3 663 190
1 826 579
2 168 186
2 109 727
2 62 1293
1 187 851
3 41 867
3 185 1004
1 605 164
2 784 1164
2 1205 597
1 1148 1187
3 612 1240
3 766 1008
1 1197 1244
1 841 870
3 822 1015
2 181 627
1 1264 963
3 509 120
3 348 864
1 500 333
3 691 382
2 655 763
2 1198 56
1 996 170
1 151 279
3 962 255
3 705 942
2 732 1154
3 1156 1042
1 912 929
3 529 712
3 111 188
2 1076 34
3 145 792
1 546 712
1 325 665
1 825 103
1 510 858
2 1210 1135
3 990 383
3 1066 1277
2 438 73
2 1065 300
1 1139 518
3 676 927
1 919 2
2 1133 974
3 597 249
3 615 654
1 71 1293
3 183 465
2 1153 59
3 137 464
3 678 890
2 642 1148
1 155 464
1 729 588
3 506 991
3 316 868
1 1215 317
1 23 330
2 582 342
1 720 349
2 963 423
1 638 598
1 230 151
2 1218 1284
2 180 722
1 604 374
1 343 462
2 9 348
2 840 82
2 984 408
1 261 724
3 175 921
1 597 214
3 717 1193
3 337 190
3 1274 933
1 147 1075
3 820 78
2 325 784
1 792 248
1 1086 193
1 1243 777
2 111 499
2 128 905
1 163 299
3 151 1039
2 448 30
3 27 606
3 867 603
2 514 503
3 501 280
1 445 190
3 592 305
1 988 760
1 567 683
3 902 316
3 141 633
2 169 165
3 689 857
1 998 943
2 687 858
3 587 999
2 38 304
2 1254 148
2 533 1134
3 945 944
3 822 1066
2 1251 385
1 274 1237
3 490 779
3 931 553
2 1047 910
3 355 114
3 1093 685
1 1183 118
1 1052 1015
2 869 1024
2 323 1071
1 707 857
1 1126 173
1 1189 389
1 1149 734
1 1047 436
2 470 136
2 106 1214
3 968 11
3 612 767
2 564 841
1 594 1181
2 274 884
1 1054 332
1 726 405
3 651 320
1 47 606
3 1004 822
3 396 709
1 927 953
3 970 698
2 1040 381
3 437 744
2 1204 854
2 1189 831
