247 539
3 160 25
1 184 84
1 49 19
2 72 82
2 241 12
2 193 65
3 165 82
2 71 105
2 74 238
3 101 120
1 147 234
2 120 95
1 136 33
3 2 3
3 233 144
2 153 133
2 100 56
1 131 58
1 18 241
3 223 219
1 203 58
2 14 73
3 63 139
3 12 140
1 153 115
1 142 36
3 138 126
1 130 22
1 247 233
2 239 212
2 244 128
3 75 84
3 203 67
2 199 94
2 37 10
2 202 117
2 62 130
1 136 24
2 195 120
3 224 149
3 238 67
2 150 71
1 29 223
1 167 78
2 168 177
2 178 232
3 109 125
3 200 116
2 142 2
3 188 53
3 125 83
2 29 168
2 149 218
3 32 60
2 91 129
2 20 157
2 170 101
1 74 104
3 132 142
1 101 183
3 181 161
2 26 121
1 66 211
3 190 91
3 7 196
2 58 214
3 215 27
1 227 125
3 24 34
1 122 242
3 192 208
3 165 88
3 93 139
2 236 75
1 223 53
2 16 26
3 17 117
2 89 131
2 124 153
2 228 31
1 26 222
1 38 83
3 109 10
1 149 228
2 57 91
1 92 108
3 29 173
2 203 86
3 73 4
1 203 129
2 196 87
3 218 215
3 146 41
3 148 196
1 20 234
2 65 144
1 244 145
3 141 67
3 204 163
3 122 241
2 76 88
3 5 53
1 79 73
1 55 72
3 224 200
3 139 85
1 177 189
2 82 2
3 218 73
1 119 127
2 214 150
3 83 131
3 163 240
1 210 113
2 224 183
2 95 116
3 100 177
3 168 200
3 229 210
1 128 137
2 99 68
1 90 237
2 13 65
1 193 202
2 210 143
1 204 117
3 10 164
2 82 46
1 29 8
1 155 47
2 5 217
1 82 148
1 107 205
2 229 105
3 135 49
1 95 110
2 58 102
3 92 177
2 92 151
3 233 205
1 217 200
1 239 200
2 48 21
3 86 210
1 124 204
2 203 149
2 224 242
3 118 167
2 224 197
3 47 48
1 183 142
2 214 15
1 108 5
2 72 192
2 42 132
2 16 201
1 239 58
2 62 173
1 237 2
2 115 11
3 229 110
3 211 208
1 14 54
3 62 233
2 37 48
1 231 130
3 85 225
1 78 178
3 228 127
2 80 194
1 102 97
3 118 74
3 184 78
2 227 74
3 226 222
1 77 116
3 207 200
1 43 198
1 56 196
3 51 234
2 199 222
3 180 207
3 121 135
1 178 164
1 197 235
1 70 184
3 4 219
1 124 75
1 33 27
2 49 79
1 95 190
1 88 147
3 173 224
2 161 120
3 146 113
3 22 21
3 218 108
3 158 74
2 184 79
2 17 99
2 125 199
2 116 161
3 31 19
3 60 206
1 27 233
1 44 160
3 154 102
2 150 55
2 126 221
3 106 99
3 51 155
3 25 44
2 161 178
3 13 43
1 116 217
3 16 198
1 226 155
3 111 134
2 121 91
3 61 135
2 228 13
1 243 55
1 107 134
2 2 182
2 32 88
1 226 101
1 129 232
3 122 226
2 227 49
1 231 184
3 149 166
2 27 16
2 149 238
3 87 95
3 28 46
1 177 144
3 184 104
3 25 184
3 88 87
2 128 135
2 210 82
3 186 118
3 158 102
1 73 146
2 153 223
2 159 3
2 237 152
1 75 223
2 214 23
1 121 210
2 130 21
3 118 227
2 171 133
1 133 164
1 245 128
2 78 181
3 117 166
1 35 156
2 193 103
1 34 149
3 9 206
2 116 211
3 218 216
2 213 207
1 190 241
3 16 85
3 241 126
3 23 177
1 192 184
1 2 52
3 51 27
3 149 116
1 182 188
3 130 68
3 183 160
3 49 233
1 22 4
1 20 145
3 132 16
2 200 105
3 6 21
1 232 239
3 44 149
2 30 108
3 176 38
2 205 104
3 108 105
3 31 183
3 217 113
1 183 83
1 65 82
2 25 72
1 43 50
1 170 240
3 132 69
1 201 17
1 114 208
3 22 75
2 57 103
2 152 33
3 52 141
3 73 184
3 150 219
2 28 220
3 119 168
2 26 83
3 101 160
3 21 181
1 127 92
1 131 97
1 7 25
3 226 219
1 171 192
1 167 68
3 137 36
3 225 1
1 82 7
2 72 101
2 94 178
2 201 27
2 121 115
3 212 165
1 169 174
3 171 111
1 117 82
1 18 93
3 62 168
2 213 199
2 60 27
2 193 66
1 12 58
2 199 82
2 115 151
1 69 175
3 18 51
1 25 46
2 223 60
1 47 122
1 39 77
3 26 8
3 100 221
1 206 44
1 247 217
3 227 133
1 90 17
2 10 19
1 241 227
1 175 220
1 17 122
1 4 7
1 98 166
3 144 142
2 173 230
1 66 91
2 81 131
1 130 36
2 149 151
1 187 206
3 185 1
2 55 19
2 63 167
1 53 142
2 199 126
3 87 171
1 220 213
1 116 145
2 203 51
2 61 163
3 46 133
2 157 141
1 130 235
1 86 212
3 213 154
1 238 217
2 1 160
1 117 126
1 5 32
3 131 125
1 35 185
1 19 34
1 118 110
3 11 43
2 49 134
2 188 95
1 34 184
2 208 33
3 176 74
2 140 121
1 83 96
3 47 227
1 169 8
3 224 174
1 212 68
1 197 126
2 13 80
1 163 182
1 183 94
3 245 15
2 117 194
1 108 207
2 134 123
1 115 216
2 28 11
1 221 23
3 34 227
2 127 42
1 175 99
1 247 52
1 195 189
1 95 231
1 57 86
2 87 203
2 29 145
2 144 2
1 95 151
3 174 173
1 29 163
3 162 35
3 31 132
2 66 100
1 119 218
3 129 15
2 246 163
2 149 77
2 116 208
3 186 60
3 68 85
2 177 204
3 168 137
2 42 129
2 238 25
2 33 222
1 42 75
3 234 69
2 209 112
1 186 114
1 1 22
1 36 228
1 76 84
2 113 202
3 51 67
2 95 59
2 80 166
3 17 55
3 44 43
2 193 226
3 59 60
3 139 208
2 42 182
3 57 180
1 71 66
3 70 191
2 56 9
3 34 13
1 49 61
2 55 49
2 41 60
1 168 17
3 165 101
1 204 246
2 141 107
2 116 192
2 165 68
2 231 195
1 51 190
1 168 100
3 2 164
2 165 172
3 244 198
1 101 235
2 139 45
3 167 73
2 65 80
1 135 234
2 170 131
3 215 62
3 79 3
3 175 240
3 135 159
3 97 48
1 45 228
1 218 8
3 141 81
1 83 147
2 74 93
3 229 74
1 15 154
1 27 29
3 158 78
3 35 186
2 80 231
2 52 142
1 216 229
3 85 144
2 231 104
1 139 203
1 123 82
2 62 113
2 71 245
3 108 109
3 125 221
1 178 20
2 83 193
2 14 27
2 20 2
1 246 153
1 49 110
1 199 18
1 76 127
1 101 6
1 193 152
2 105 236
1 196 189
1 26 158
2 15 115
2 243 231
3 48 123
1 159 210
3 142 158
1 183 8
3 170 32
1 37 195
1 200 235
2 47 57
1 75 123
2 203 149
2 155 41
2 36 245
1 121 72
3 131 73
1 60 101
3 68 8
3 16 140
3 175 206
2 40 142
1 224 176
1 154 163
3 198 3
2 80 41
