400 1200
2 198 48
2 89 27
2 82 375
2 150 138
2 236 264
2 114 153
2 29 93
2 137 196
2 139 339
2 233 205
2 342 369
2 333 36
2 326 128
2 75 203
2 129 354
2 271 198
2 181 112
2 12 288
2 182 9
2 86 22
2 215 6
2 252 210
2 237 105
2 123 13
2 243 80
2 287 103
2 21 61
2 167 33
2 379 356
2 214 361
2 219 27
2 226 366
2 117 294
2 235 363
2 339 133
2 92 380
2 94 184
2 135 395
2 10 147
2 267 163
2 207 381
2 318 376
2 125 84
2 171 356
2 113 398
2 12 51
2 123 131
2 304 125
2 126 261
2 135 297
2 234 340
2 273 64
2 22 213
2 327 271
2 150 335
2 79 63
2 183 149
2 153 312
2 50 110
2 145 23
2 5 214
2 253 355
2 333 232
2 167 208
2 96 217
2 18 391
2 397 180
2 66 41
2 7 167
2 132 37
2 319 197
2 274 215
2 115 284
2 233 63
2 2 349
2 225 116
2 138 144
2 12 381
2 120 24
2 14 27
2 369 252
2 361 18
2 197 25
2 67 163
2 109 400
2 63 165
2 68 260
2 385 205
2 135 290
2 222 153
2 271 124
2 20 69
2 122 223
2 117 350
2 291 178
2 42 273
2 56 322
2 193 181
2 195 279
2 132 67
2 121 29
2 187 380
2 377 159
2 11 345
2 276 298
2 359 9
2 35 25
2 346 185
2 400 83
2 243 223
2 150 109
2 138 358
2 70 241
2 331 312
2 123 153
2 399 213
2 120 170
2 305 97
2 181 357
2 171 330
2 135 317
2 18 219
2 286 126
2 48 223
2 338 64
2 340 242
2 348 136
2 324 179
2 217 298
2 359 30
2 148 252
2 370 149
2 63 136
2 113 320
2 395 353
2 186 150
2 22 396
2 314 131
2 278 162
2 396 375
2 103 138
2 75 400
2 35 271
2 171 391
2 348 89
2 253 334
2 100 315
2 183 202
2 164 230
2 210 366
2 168 326
2 137 331
2 20 384
2 12 228
2 85 172
2 95 107
2 226 206
2 195 382
2 273 319
2 84 67
2 242 283
2 238 150
2 339 205
2 160 29
2 261 358
2 343 345
2 98 397
2 264 67
2 312 398
2 129 136
2 395 357
2 199 124
2 396 19
2 293 269
2 368 174
2 128 328
2 263 346
2 35 265
2 77 248
2 316 353
2 154 111
2 38 289
2 276 55
2 257 222
2 59 301
2 17 86
2 19 297
2 180 321
2 167 116
2 392 108
2 66 131
2 308 59
2 310 99
2 323 196
2 291 346
2 3 164
2 127 348
2 124 370
2 96 230
2 305 146
2 188 272
2 81 394
2 342 68
2 23 220
2 30 187
2 101 97
2 44 137
2 93 242
2 301 168
2 24 225
2 224 96
2 49 234
2 231 367
2 321 127
2 59 3
2 303 201
2 339 350
2 363 386
2 337 89
2 391 373
2 242 150
2 322 386
2 319 178
2 374 238
2 353 3
2 12 17
2 173 324
2 366 35
2 268 288
2 122 197
2 233 366
2 387 62
2 143 226
2 147 150
2 389 303
2 234 140
2 108 218
2 172 305
2 284 251
2 237 369
2 28 36
2 243 37
2 218 339
2 342 295
2 348 200
2 239 137
2 248 4
2 360 210
2 67 287
2 162 387
2 90 311
2 116 113
2 43 137
2 193 316
2 36 159
2 11 346
2 113 247
2 301 40
2 260 209
2 156 245
2 281 353
2 148 260
2 227 78
2 35 191
2 194 54
2 218 267
2 16 129
2 36 168
2 329 253
2 280 311
2 127 47
2 69 170
2 320 301
2 360 78
2 144 127
2 357 115
2 1 313
2 93 329
2 167 324
2 45 106
2 197 226
2 25 272
2 44 393
2 92 183
2 185 59
2 33 83
2 202 368
2 252 124
2 122 255
2 391 118
2 176 99
2 51 62
2 20 95
2 296 233
2 106 69
2 207 319
2 336 282
2 14 174
2 38 266
2 213 330
2 196 168
2 275 214
2 182 68
2 125 332
2 145 326
2 233 385
2 126 172
2 161 357
2 299 93
2 75 8
2 64 371
2 50 13
2 173 117
2 169 234
2 312 358
2 303 135
2 242 201
2 360 292
2 144 325
2 390 291
2 253 330
2 19 277
2 220 334
2 159 78
2 164 279
2 110 192
2 243 109
2 168 248
2 65 377
2 103 72
2 287 332
2 262 215
2 288 161
2 300 89
2 35 34
2 372 282
2 188 76
2 228 121
2 66 342
2 105 60
2 299 90
2 25 262
2 349 149
2 5 395
2 219 155
2 199 43
2 22 359
2 329 210
2 279 356
2 250 289
2 362 68
2 140 12
2 224 397
2 381 127
2 347 90
2 54 345
2 269 235
2 326 357
2 3 191
2 287 381
2 396 52
2 220 238
2 252 43
2 133 220
2 30 258
2 188 94
2 294 108
2 350 255
2 318 331
2 99 298
2 129 212
2 40 186
2 322 147
2 394 367
2 14 266
2 21 97
2 383 250
2 198 69
2 360 218
2 168 42
2 61 310
2 19 91
2 163 196
2 199 89
2 219 25
2 329 379
2 281 374
2 159 44
2 42 165
2 347 285
2 71 368
2 392 109
2 142 224
2 294 126
2 102 381
2 223 181
2 170 94
2 377 37
2 216 334
2 292 31
2 134 329
2 237 241
2 328 344
2 217 267
2 302 130
2 51 179
2 260 137
2 221 183
2 215 26
2 161 12
2 275 210
2 276 188
2 209 147
2 357 113
2 201 145
2 400 210
2 95 30
2 43 386
2 33 63
2 398 315
2 251 232
2 117 379
2 181 324
2 240 209
2 324 397
2 136 72
2 308 237
2 252 368
2 361 284
2 196 211
2 120 144
2 174 104
2 86 242
2 188 89
2 260 362
2 97 47
2 248 357
2 30 5
2 120 233
2 172 377
2 215 131
2 392 19
2 182 196
2 278 280
2 280 223
2 217 316
2 40 85
2 55 87
2 17 264
2 221 170
2 243 219
2 145 186
2 280 308
2 78 106
2 14 315
2 346 212
2 340 285
2 326 343
2 374 322
2 219 5
2 360 225
2 111 372
2 321 12
2 120 352
2 289 32
2 250 271
2 237 395
2 252 386
2 387 380
2 47 239
2 336 131
2 275 138
2 324 34
2 165 21
2 59 151
2 351 140
2 206 164
2 330 17
2 195 76
2 353 303
2 286 105
2 112 39
2 233 374
2 147 55
2 4 251
2 212 124
2 346 390
2 56 283
2 69 105
2 102 113
2 165 141
2 345 308
2 17 320
2 174 154
2 319 87
2 264 94
2 106 163
2 250 338
2 73 85
2 329 268
2 239 384
2 10 159
2 247 295
2 277 254
2 379 347
2 315 54
2 210 151
2 239 152
2 205 280
2 124 313
2 348 245
2 299 92
2 302 175
2 226 301
2 33 13
2 252 116
2 377 286
2 375 245
2 316 78
2 53 348
2 387 80
2 274 16
2 162 312
2 190 56
2 176 329
2 59 245
2 191 187
2 266 225
2 36 143
2 7 212
2 174 393
2 327 75
2 129 332
2 60 302
2 395 239
2 168 137
2 367 121
2 127 208
2 33 94
2 281 52
2 309 304
2 184 3
2 128 310
2 232 184
2 89 365
2 8 258
2 273 181
2 215 298
2 322 98
2 162 67
2 349 132
2 108 233
2 247 257
2 150 36
2 214 252
2 377 206
2 265 125
2 157 151
2 173 56
2 40 199
2 100 279
2 194 305
2 277 45
2 225 226
2 345 247
2 343 313
2 183 358
2 126 333
2 289 16
2 332 329
2 277 9
2 356 197
2 217 173
2 109 246
2 356 386
2 384 268
2 336 213
2 319 135
2 22 315
2 333 215
2 116 275
2 49 161
2 134 69
2 69 121
2 190 167
2 393 123
2 148 23
2 41 174
2 82 265
2 38 362
2 69 11
2 12 344
2 4 10
2 116 337
2 309 81
2 392 123
2 180 301
2 30 336
2 391 211
2 9 136
2 371 116
2 104 32
2 294 178
2 111 378
2 296 124
2 235 145
2 33 97
2 162 316
2 43 35
2 325 291
2 274 172
2 36 132
2 51 163
2 165 308
2 373 120
2 371 283
2 183 197
2 124 193
2 316 333
2 41 58
2 244 135
2 116 56
2 272 207
2 245 296
2 109 225
2 179 73
2 172 262
2 233 77
2 217 378
2 298 136
2 161 306
2 187 337
2 391 101
2 169 246
2 2 6
2 393 384
2 125 372
2 290 107
2 35 392
2 266 169
2 349 14
2 189 302
2 164 68
2 9 45
2 163 240
2 123 356
2 390 348
2 246 305
2 121 136
2 354 106
2 222 13
2 223 95
2 16 339
2 380 113
2 162 114
2 181 288
2 363 240
2 10 318
2 44 111
2 172 214
2 304 345
2 274 85
2 211 327
2 267 129
2 155 277
2 41 287
2 268 22
2 240 322
2 14 296
2 184 96
2 306 393
2 32 66
2 23 45
2 134 304
2 297 253
2 229 168
2 326 50
2 120 285
2 208 247
2 399 247
2 391 394
2 219 147
2 100 332
2 41 164
2 310 226
2 67 185
2 139 246
2 364 225
2 225 324
2 169 93
2 26 352
2 1 309
2 277 188
2 387 143
2 69 192
2 101 21
2 66 121
2 364 254
2 220 122
2 177 302
2 50 79
2 16 97
2 224 106
2 35 331
2 315 378
2 1 136
2 138 368
2 249 175
2 149 400
2 49 32
2 9 175
2 223 201
2 238 333
2 176 287
2 221 265
2 154 399
2 184 73
2 205 190
2 362 170
2 180 2
2 145 369
2 259 90
2 354 43
2 363 200
2 28 295
2 148 400
2 273 170
2 381 212
2 14 369
2 343 171
2 103 375
2 116 30
2 385 193
2 195 102
2 107 389
2 53 278
2 333 266
2 375 197
2 12 73
2 290 333
2 362 130
2 310 147
2 234 328
2 340 297
2 361 24
2 252 385
2 254 76
2 4 29
2 324 95
2 173 45
2 172 82
2 236 306
2 49 89
2 191 290
2 284 85
2 80 250
2 303 151
2 30 149
2 298 170
2 318 241
2 36 169
2 181 219
2 177 369
2 108 276
2 162 360
2 113 378
2 254 132
2 49 229
2 270 95
2 190 6
2 134 97
2 24 268
2 308 120
2 26 31
2 346 329
2 236 66
2 262 270
2 347 202
2 260 265
2 29 16
2 75 391
2 74 253
2 72 233
2 9 280
2 72 193
2 91 376
2 223 313
2 85 201
2 133 368
2 102 331
2 235 17
2 219 63
2 395 164
2 338 375
2 132 376
2 197 228
2 67 179
2 173 8
2 378 364
2 367 169
2 51 286
2 203 160
2 360 293
2 162 234
2 37 220
2 273 27
2 328 199
2 294 271
2 131 207
2 63 259
2 32 164
2 277 211
2 250 29
2 102 290
2 219 334
2 203 387
2 16 275
2 164 374
2 174 82
2 150 172
2 22 313
2 215 161
2 171 264
2 294 200
2 391 221
2 110 324
2 174 167
2 141 264
2 122 312
2 108 216
2 36 133
2 66 33
2 164 133
2 184 319
2 358 82
2 391 74
2 86 367
2 134 183
2 284 131
2 384 145
2 297 8
2 290 386
2 24 351
2 139 48
2 381 364
2 218 390
2 118 153
2 217 189
2 299 197
2 169 23
2 395 28
2 102 39
2 87 269
2 369 223
2 220 348
2 273 228
2 400 173
2 281 155
2 386 365
2 248 377
2 202 320
2 240 355
2 152 135
2 289 357
2 347 19
2 281 348
2 29 144
2 295 233
2 166 188
2 214 242
2 152 252
2 147 31
2 249 223
2 116 180
2 135 203
2 38 52
2 93 274
2 333 59
2 79 331
2 182 328
2 308 114
2 29 278
2 296 237
2 290 87
2 197 297
2 115 176
2 53 344
2 152 210
2 147 392
2 346 313
2 169 396
2 21 376
2 7 100
2 318 293
2 134 266
2 332 86
2 177 330
2 311 13
2 272 211
2 345 395
2 245 34
2 253 357
2 42 139
2 15 45
2 129 293
2 114 305
2 331 343
2 216 395
2 84 20
2 103 62
2 136 184
2 385 19
2 349 182
2 307 213
2 71 328
2 56 313
2 207 308
2 394 314
2 287 68
2 117 390
2 6 49
2 357 177
2 357 374
2 61 95
2 33 370
2 303 180
2 388 256
2 239 68
2 262 72
2 289 274
2 323 156
2 234 79
2 136 361
2 89 275
2 273 25
2 143 394
2 248 142
2 83 175
2 361 320
2 102 225
2 93 55
2 27 322
2 371 245
2 160 187
2 15 292
2 214 2
2 149 145
2 151 177
2 291 152
2 366 204
2 180 285
2 223 340
2 280 161
2 360 381
2 212 323
2 350 251
2 341 318
2 360 298
2 359 98
2 295 84
2 161 371
2 34 182
2 274 6
2 346 344
2 200 334
2 71 86
2 156 378
2 8 241
2 179 217
2 214 113
2 268 112
2 106 48
2 32 291
2 297 14
2 57 277
2 332 96
2 182 57
2 209 114
2 208 200
2 196 175
2 99 381
2 236 225
2 193 126
2 354 75
2 121 161
2 254 35
2 153 184
2 239 295
2 372 7
2 81 110
2 257 306
2 228 378
2 342 332
2 245 147
2 191 259
2 378 25
2 13 155
2 365 342
2 327 354
2 23 85
2 28 75
2 16 186
2 311 360
2 281 19
2 157 92
2 26 331
2 265 181
2 324 94
2 228 83
2 241 103
2 141 108
2 379 38
2 247 388
2 158 182
2 147 168
2 177 345
2 297 330
2 97 131
2 127 252
2 130 93
2 204 100
2 139 321
2 373 310
2 150 276
2 294 78
2 329 297
2 280 12
2 173 357
2 164 18
2 293 310
2 321 133
2 46 149
2 23 343
2 270 251
2 224 291
2 337 229
2 108 156
2 74 392
2 43 111
2 226 154
2 370 132
2 78 281
2 211 189
2 130 139
2 71 224
2 377 58
2 38 338
2 171 74
2 106 110
2 164 219
2 276 270
2 89 85
2 313 133
2 255 342
2 316 189
2 243 25
2 196 248
2 179 380
2 195 66
2 158 328
2 341 248
2 197 381
2 194 113
2 247 357
2 146 306
2 307 210
2 241 50
2 242 349
2 118 66
2 173 262
2 347 309
2 201 360
2 269 122
2 262 67
2 303 280
2 303 138
2 87 338
2 154 208
2 54 259
2 299 28
2 167 82
2 153 162
2 110 69
2 180 252
2 234 125
2 133 361
2 253 261
2 376 362
2 192 45
2 279 68
2 361 276
2 6 392
2 122 388
2 373 135
2 393 344
2 283 36
2 399 122
2 230 75
2 142 292
2 272 182
2 42 326
2 306 261
2 307 356
2 341 102
2 117 283
2 93 31
2 258 373
2 9 267
2 146 80
2 319 8
2 28 10
2 66 292
2 67 37
2 98 295
2 294 164
2 350 319
2 233 176
2 234 261
2 162 159
2 109 306
2 164 301
2 235 219
2 14 168
2 361 47
2 325 369
2 318 275
2 280 255
2 261 375
2 224 43
2 250 187
2 20 343
2 146 293
2 172 191
2 24 324
2 154 44
2 311 294
2 72 67
2 198 7
2 354 298
2 52 295
2 166 291
2 310 28
2 137 199
2 273 381
2 295 174
2 132 26
2 158 228
2 153 215
2 4 286
2 371 219
2 217 214
2 58 349
2 321 199
2 349 76
2 386 102
2 6 67
2 11 344
2 231 187
2 308 51
2 101 71
2 119 273
2 331 398
2 311 18
2 192 138
2 304 99
2 267 190
2 389 61
2 165 74
2 186 132
2 86 252
2 149 37
2 315 138
2 138 28
2 89 213
2 12 164
2 254 198
2 16 87
2 53 323
2 33 306
2 372 5
2 189 337
2 80 206
2 296 202
2 30 147
2 73 279
2 87 44
2 4 309
2 199 46
2 376 304
2 327 133
2 236 149
2 384 111
2 169 400
2 5 268
2 240 384
2 30 256
2 400 68
2 172 157
2 103 80
2 374 252
