1000 2000
1 119 521
2 524 445
3 846 565
2 678 113
2 879 447
1 238 164
1 84 79
2 192 269
2 360 571
1 981 895
3 998 147
2 901 687
3 652 550
3 96 293
3 497 42
1 957 879
2 891 943
3 741 765
2 305 322
2 38 977
1 328 796
3 435 853
1 56 511
2 191 674
1 602 758
2 658 507
3 893 176
3 397 294
2 979 736
3 802 705
3 34 294
2 562 328
2 951 643
2 749 916
2 277 28
2 852 161
3 26 392
3 640 21
3 949 166
1 759 40
2 813 31
2 892 597
1 840 1
1 231 653
1 487 543
3 157 447
1 365 357
3 185 450
1 547 664
3 431 470
3 264 140
3 228 16
1 266 327
2 997 983
2 908 634
1 871 517
1 760 39
2 104 239
2 429 925
1 281 725
3 979 34
3 425 711
3 923 979
3 887 934
3 443 177
3 320 85
2 812 254
3 685 527
3 758 244
1 920 472
1 652 134
3 139 995
1 485 350
1 167 500
2 169 577
1 665 191
1 856 601
3 518 31
2 78 736
2 144 28
1 989 708
2 572 856
3 35 390
2 797 755
3 912 590
1 802 99
2 472 531
1 594 446
1 937 155
3 992 782
1 802 143
2 581 904
2 283 622
3 261 64
1 445 344
3 561 570
1 171 979
2 94 589
3 461 585
1 482 171
1 754 981
2 989 744
3 159 948
1 546 954
3 665 852
3 962 238
1 333 287
1 779 852
2 230 736
1 129 187
1 488 15
3 632 749
2 371 234
3 223 360
3 928 615
1 109 178
3 228 685
1 622 922
3 498 931
2 534 724
3 250 87
2 452 120
1 22 383
3 448 196
2 325 468
2 595 813
3 485 709
1 146 684
2 245 137
2 12 701
1 127 685
1 222 727
1 823 6
3 821 184
3 639 478
1 294 354
3 271 260
1 171 715
2 774 303
1 92 280
3 946 223
3 539 220
1 834 287
2 55 853
3 33 423
3 329 60
1 451 511
1 231 640
3 32 301
3 245 608
1 282 365
2 831 255
2 209 620
3 442 810
2 125 787
3 672 713
3 633 499
2 996 124
2 252 623
3 151 239
1 642 77
2 96 396
1 871 363
1 258 572
3 997 491
2 927 355
2 285 581
3 159 307
3 178 925
1 791 550
3 932 770
2 299 20
1 764 694
3 209 464
2 915 942
3 914 790
2 250 804
1 843 371
3 978 39
3 861 28
3 827 141
2 537 383
1 22 130
1 689 416
1 189 639
1 282 632
2 545 914
3 848 501
3 809 564
3 504 196
1 182 139
2 20 321
1 242 560
2 155 296
1 414 962
1 18 715
1 802 918
1 643 283
3 101 281
3 524 221
3 15 791
1 539 790
1 335 649
3 388 724
3 500 407
2 632 349
3 279 88
1 332 96
1 153 655
3 727 431
2 772 449
2 335 419
1 46 25
2 329 55
1 475 325
3 776 289
1 178 368
1 481 405
3 417 768
3 628 285
1 566 953
2 383 91
1 31 599
2 284 967
3 757 816
2 606 237
2 998 496
2 312 507
2 421 60
3 700 1
2 626 156
3 213 261
1 260 78
1 445 216
3 993 205
3 434 351
2 744 878
2 573 784
2 189 113
3 755 289
3 289 333
1 800 91
3 518 238
1 526 480
1 693 78
1 334 38
2 859 712
2 45 634
3 264 176
1 705 498
2 748 583
3 596 52
1 540 509
2 409 976
2 935 694
2 369 370
2 697 944
3 427 424
2 544 300
2 452 954
1 986 772
3 9 385
1 758 776
1 262 884
1 173 700
1 461 54
3 555 375
3 655 504
1 242 728
1 297 729
2 495 897
3 422 394
1 869 513
1 335 344
1 445 222
3 769 768
1 15 790
1 770 126
3 458 18
3 598 521
3 169 830
2 433 319
1 409 595
2 538 310
3 254 562
1 916 94
2 333 327
1 747 913
1 670 122
2 652 531
3 757 224
2 917 592
2 592 5
3 866 339
1 312 876
3 686 704
1 27 6
3 110 307
1 56 140
1 299 146
1 873 995
3 801 531
1 843 434
1 205 899
1 174 42
3 129 4
3 19 439
1 797 580
3 394 208
2 97 895
3 572 452
3 946 603
1 858 412
3 556 252
3 851 776
3 525 417
2 437 705
2 456 904
3 617 43
1 428 270
2 386 757
2 575 854
1 361 737
2 103 751
3 459 635
1 849 910
3 892 776
1 12 497
3 76 749
3 247 287
1 48 742
3 28 683
3 194 266
3 359 188
1 342 324
2 370 469
2 51 812
2 900 15
1 450 548
2 881 762
1 194 164
1 853 292
3 775 990
3 682 276
2 570 694
2 700 624
3 927 57
2 112 341
1 193 774
3 948 302
1 135 412
1 243 419
3 130 892
1 786 858
3 971 949
3 106 770
2 288 658
2 907 691
3 104 558
2 451 585
2 109 204
2 58 995
2 681 466
1 675 678
3 182 289
1 839 670
3 846 500
1 182 719
1 800 584
1 287 226
2 50 669
3 62 824
1 618 525
1 20 334
2 206 651
3 834 389
1 546 171
2 638 522
1 716 689
2 722 902
2 894 417
1 903 617
1 449 858
2 230 285
3 669 376
1 491 78
3 719 476
2 33 964
3 806 417
1 158 173
2 653 789
2 32 46
3 947 863
2 41 389
1 994 16
1 686 974
2 145 489
3 22 665
1 159 6
1 107 689
2 402 870
3 247 552
2 117 142
1 751 772
1 964 490
3 598 313
1 876 553
2 367 394
1 763 809
3 886 816
1 393 738
3 814 343
2 755 16
3 474 351
1 648 347
2 981 721
1 221 572
3 591 58
1 642 365
3 768 27
1 799 852
3 799 809
1 952 675
2 309 797
2 155 876
1 907 225
3 916 17
2 142 699
1 532 260
3 396 899
3 84 997
2 736 728
2 744 979
3 865 1
3 788 682
3 845 644
3 499 898
2 399 631
2 586 742
1 198 895
1 224 157
3 187 835
3 898 294
3 209 134
3 571 621
1 445 635
2 510 72
3 234 780
2 353 537
2 562 150
1 159 657
2 570 892
3 190 676
2 278 901
2 156 774
2 614 944
1 318 37
1 411 232
2 697 398
1 101 295
1 831 744
1 212 298
2 126 383
2 876 439
3 10 603
2 442 976
3 947 423
2 368 421
2 208 883
1 813 918
1 590 609
3 597 639
1 396 612
3 356 288
1 496 446
3 307 967
2 365 508
1 713 1000
3 70 263
2 933 998
2 221 809
2 818 296
3 175 677
2 459 462
2 273 555
2 38 883
1 851 632
2 473 438
1 558 727
1 613 100
3 519 263
2 96 625
3 119 556
2 68 715
2 970 336
3 35 430
3 769 326
3 825 816
1 644 745
2 181 798
3 18 581
3 963 420
2 518 488
2 653 306
2 511 825
2 149 46
1 585 14
2 561 316
2 666 563
3 419 126
2 163 364
2 162 76
1 345 723
3 15 406
2 267 221
2 361 570
3 947 899
1 423 369
1 983 461
2 774 754
2 567 822
3 995 844
2 45 986
2 711 335
3 302 601
3 350 529
1 619 140
2 489 10
1 575 51
3 422 1
2 676 987
3 96 227
1 328 30
2 920 176
2 636 892
3 309 648
2 535 169
2 90 709
3 826 609
1 672 57
3 580 154
3 53 784
2 472 912
3 612 589
3 182 227
1 948 402
1 557 234
1 58 931
2 863 486
1 209 567
2 410 888
1 910 360
2 365 554
2 89 326
2 706 789
1 190 277
1 733 59
2 190 778
2 292 174
3 861 203
1 74 951
3 357 558
3 580 86
2 367 486
1 232 673
2 82 244
2 424 692
2 229 683
3 803 543
3 781 447
3 101 605
2 500 40
1 956 476
2 531 510
2 746 592
1 375 701
1 396 410
3 816 494
1 736 684
1 420 393
3 632 864
2 403 293
2 841 526
3 617 708
2 652 697
1 871 929
1 493 131
1 411 75
1 823 15
1 187 9
2 202 768
1 677 536
2 737 740
2 815 531
1 149 409
1 762 715
3 329 639
2 90 657
3 433 223
3 873 685
2 318 99
3 898 690
1 365 374
2 957 888
2 68 187
1 693 336
2 238 528
2 252 409
1 890 466
3 609 145
2 492 58
2 78 825
3 12 557
2 979 40
1 92 664
1 579 240
2 441 260
3 427 190
2 183 925
2 602 803
1 380 387
3 687 929
2 268 192
2 22 831
1 297 933
2 176 569
1 554 630
3 797 974
1 822 922
2 500 751
2 67 166
2 518 432
3 59 904
2 692 701
3 940 545
3 764 533
2 89 622
1 790 198
2 102 739
1 605 553
2 964 460
3 59 89
1 562 357
1 762 101
1 469 401
3 516 297
1 900 606
1 818 354
1 154 164
2 600 538
3 249 887
3 276 155
2 206 583
1 322 310
1 786 647
3 670 848
1 274 221
2 157 513
1 469 862
3 572 286
3 138 339
1 702 20
3 14 475
2 575 35
2 811 206
1 9 686
1 849 175
3 55 969
2 806 284
2 296 851
1 217 742
1 484 831
1 319 191
3 599 284
2 284 786
3 457 393
2 35 851
3 641 960
2 457 800
1 648 773
2 349 318
2 404 749
3 897 320
2 401 727
3 358 363
2 501 151
3 146 740
3 303 172
3 667 567
3 244 696
3 112 353
2 756 606
1 622 509
2 7 193
2 679 166
2 225 48
3 436 451
3 801 595
3 948 138
3 344 421
1 682 511
2 918 104
3 840 422
3 163 645
1 593 388
2 421 588
2 461 975
3 395 121
3 836 461
2 829 759
1 237 133
1 408 30
3 715 69
3 6 592
2 581 711
3 295 620
2 426 194
3 942 150
2 424 228
2 747 534
2 560 180
3 647 276
1 312 776
2 545 977
3 609 745
2 325 726
1 27 899
1 273 748
3 355 864
3 925 263
1 17 6
2 760 455
2 392 258
2 193 190
2 942 313
3 794 699
3 9 599
1 625 238
3 54 717
1 699 14
3 583 781
3 872 809
1 677 942
2 1 839
1 717 487
1 146 644
3 238 145
1 680 216
3 720 807
1 318 758
1 902 314
3 23 944
1 622 38
1 313 737
2 465 429
2 922 481
1 352 177
3 149 52
3 486 170
2 277 618
3 570 870
2 118 144
2 764 330
1 42 195
3 646 75
1 319 44
2 582 355
3 704 756
1 938 725
2 988 372
3 459 26
2 351 666
1 718 985
3 87 891
3 69 836
1 417 793
1 343 359
1 694 820
3 68 624
2 411 861
1 793 776
2 278 426
2 426 756
2 517 646
3 930 718
2 703 670
1 129 967
3 859 899
2 997 431
3 712 471
1 423 497
2 394 823
2 538 90
3 825 683
1 241 277
2 807 168
1 424 183
3 827 464
1 753 477
1 160 314
2 492 805
2 582 579
2 333 666
2 916 773
1 757 597
1 423 839
2 110 146
1 713 371
2 994 308
3 77 219
1 783 895
3 359 347
3 385 208
1 127 302
2 369 10
2 304 318
2 888 800
1 957 527
1 12 900
3 451 931
3 158 345
2 475 145
2 310 736
3 358 725
2 817 877
1 700 421
2 413 763
1 248 556
1 476 117
2 272 983
3 936 647
1 538 190
3 717 446
2 414 205
2 925 897
1 557 178
1 699 593
2 663 178
2 976 483
3 960 230
3 733 516
2 568 748
2 37 242
3 257 404
3 257 159
2 114 231
3 845 587
3 895 491
1 880 731
3 420 664
3 138 55
3 953 61
2 630 222
3 593 828
1 746 266
2 227 650
1 13 45
1 315 928
3 56 506
2 775 358
2 605 44
3 327 860
2 145 203
1 584 600
2 660 384
1 103 150
2 688 13
3 918 840
3 226 518
3 357 947
1 59 623
2 904 236
2 284 504
3 676 934
1 230 367
3 771 47
1 457 605
3 257 933
1 731 826
3 179 766
1 155 529
1 41 825
3 924 239
3 574 26
3 891 586
2 364 575
1 750 215
3 365 181
1 267 138
2 556 507
1 935 533
3 665 86
3 594 604
3 237 555
2 221 476
2 610 227
1 789 267
3 935 710
1 151 873
2 362 610
1 347 138
2 805 462
2 522 348
3 514 878
1 477 234
2 171 599
1 621 159
3 47 483
2 361 235
1 852 39
1 458 603
3 660 2
2 53 817
3 97 259
1 727 707
2 302 274
2 166 208
2 999 696
3 573 129
1 328 90
2 221 637
3 960 811
1 93 672
2 714 308
2 695 550
1 274 302
2 833 524
1 93 608
1 745 834
1 284 69
2 606 269
3 291 184
2 104 515
2 608 364
3 263 981
2 542 200
2 792 883
2 562 81
1 614 340
1 253 294
2 440 67
3 10 515
3 313 215
3 580 492
1 566 842
3 860 982
1 121 435
2 55 212
3 913 581
3 143 655
3 806 861
1 995 466
3 285 129
1 600 725
1 495 1000
1 880 405
3 995 668
2 279 893
3 600 342
2 271 488
1 744 121
1 206 539
2 747 208
2 92 499
1 530 187
3 594 65
1 870 21
1 666 796
2 591 46
2 663 533
1 410 939
1 867 8
1 465 879
3 824 638
1 51 632
1 372 852
2 337 574
3 505 773
2 946 706
1 29 494
1 51 655
1 609 277
1 918 422
3 156 61
1 656 277
1 946 430
3 435 390
3 368 495
2 445 361
2 782 158
1 243 332
1 480 795
3 595 954
1 862 189
1 633 960
2 756 142
2 670 879
2 168 600
3 940 502
2 137 737
3 677 126
1 48 953
3 654 126
3 577 629
3 881 453
1 512 337
2 584 7
1 271 756
2 873 622
1 2 827
3 265 497
3 699 638
3 896 659
3 565 554
2 105 24
1 425 101
3 396 111
2 229 130
3 386 940
3 201 231
3 787 715
2 429 162
1 171 401
1 632 549
2 865 349
3 957 405
2 586 41
1 391 994
1 642 931
1 280 445
2 489 186
2 890 924
2 632 233
1 852 235
3 205 753
3 789 827
3 795 526
1 901 352
3 582 493
1 297 550
3 257 125
3 514 790
3 56 192
3 930 544
3 986 427
1 703 563
2 924 104
3 592 808
1 631 225
1 577 621
1 307 258
3 495 262
1 892 55
3 372 526
3 8 907
3 456 413
2 752 541
1 20 492
3 737 94
2 257 519
2 378 700
3 64 580
3 293 554
2 878 219
1 976 967
1 831 719
2 613 150
3 435 806
1 354 63
3 126 610
2 778 391
1 230 977
1 847 56
2 838 7
3 333 552
3 467 141
3 102 465
3 936 80
1 946 884
3 272 56
3 560 289
2 975 392
2 888 351
3 287 855
2 845 638
2 67 73
2 644 632
1 737 372
1 610 997
1 831 1000
1 736 515
1 839 441
3 313 591
1 269 76
3 511 539
3 992 893
2 355 428
2 62 381
3 191 150
1 398 566
2 579 409
1 935 233
2 916 717
1 938 919
3 131 985
2 181 665
1 30 868
2 764 179
3 563 760
3 571 568
3 362 77
3 557 424
1 508 92
2 121 819
2 66 622
1 822 878
3 267 17
1 869 579
1 637 134
3 532 654
3 283 544
2 472 16
1 676 304
1 838 871
3 147 918
1 165 502
1 857 8
2 883 407
2 121 759
3 70 623
3 514 864
2 86 198
3 307 155
1 488 505
3 769 735
3 169 456
2 702 5
3 677 339
3 770 406
1 297 388
2 239 616
3 978 587
1 6 26
1 572 704
2 811 226
1 832 599
1 399 376
2 544 977
1 41 679
3 1000 24
1 806 23
1 764 218
1 181 25
2 957 862
3 633 793
3 1000 869
1 528 780
1 813 28
2 689 252
2 888 502
2 418 692
2 625 302
3 697 615
3 344 745
3 967 241
3 647 770
3 668 298
3 515 418
3 66 820
1 75 839
3 799 733
3 823 274
2 775 590
1 873 452
3 3 859
3 186 782
2 711 925
1 7 262
2 378 116
1 184 115
3 792 262
3 422 590
2 242 830
2 188 486
1 862 187
1 357 88
1 786 186
2 377 486
1 726 871
3 480 245
3 866 973
1 942 123
3 657 146
1 843 78
2 476 397
2 166 859
3 762 33
3 921 350
3 468 526
1 798 662
2 186 338
2 311 734
1 189 201
1 13 826
2 572 690
3 371 186
2 76 7
2 263 833
1 592 951
1 944 4
2 48 518
2 33 952
1 347 362
3 225 998
2 461 853
1 255 182
2 45 715
3 937 27
3 801 777
1 959 794
2 989 585
2 501 808
1 848 66
1 116 78
2 632 229
1 389 274
3 123 42
2 865 429
2 585 411
3 702 347
2 430 841
1 201 639
2 433 376
1 528 520
1 296 424
1 814 57
2 140 411
3 723 429
1 259 69
3 918 503
3 491 947
2 778 185
3 651 904
2 477 396
2 202 301
1 706 402
3 644 434
3 143 860
2 740 650
2 958 670
3 816 920
1 292 892
3 935 635
1 161 864
1 146 952
3 469 662
3 394 658
1 969 899
3 430 791
3 750 658
1 677 861
3 569 686
1 843 981
1 957 55
2 356 879
1 312 794
3 10 606
2 879 829
2 481 276
1 994 295
1 549 828
1 466 796
1 216 680
2 940 999
2 237 966
3 793 975
2 815 247
1 352 196
3 810 745
1 268 388
1 986 669
3 221 473
2 353 127
1 453 882
3 651 167
2 181 892
1 670 515
3 209 652
3 88 571
2 89 128
1 411 363
3 548 414
1 32 444
1 291 52
1 643 219
1 303 898
3 7 316
1 26 654
2 903 825
1 331 738
2 416 942
3 668 866
1 388 186
3 182 929
1 747 803
2 893 955
3 404 101
1 364 510
1 792 756
1 766 908
3 917 310
1 451 24
1 889 665
1 843 912
1 559 385
3 598 273
2 131 581
1 752 783
3 434 20
2 136 106
3 282 760
3 845 782
2 242 253
2 919 638
1 311 389
1 383 581
3 741 456
1 348 1
2 529 975
1 928 946
1 200 554
2 707 631
3 333 156
2 535 976
3 471 217
1 579 302
3 6 435
2 61 528
2 79 662
2 369 709
2 737 744
1 888 412
1 916 262
1 643 812
1 862 670
2 637 876
2 758 335
3 564 719
1 491 725
3 540 720
1 507 802
2 684 91
1 428 158
1 467 184
2 77 312
2 205 477
1 66 808
3 634 304
2 86 742
2 439 642
2 676 538
1 703 398
1 514 43
3 422 396
3 95 259
3 502 151
2 330 994
2 894 384
1 783 58
1 691 911
3 86 834
1 554 489
1 607 668
1 129 518
2 16 381
2 693 13
1 670 552
3 35 603
3 304 400
2 26 838
3 735 980
1 224 373
2 615 247
2 509 681
2 272 38
2 491 211
1 8 262
1 933 828
3 616 277
1 500 917
2 295 780
2 981 275
1 982 756
3 511 976
2 229 838
1 534 589
2 179 134
1 645 707
3 499 129
1 637 282
2 635 313
2 859 591
1 825 994
2 117 668
3 137 872
3 556 5
2 489 422
3 261 169
1 843 146
3 816 376
1 130 580
3 479 19
2 338 680
3 32 174
3 14 56
2 515 901
1 236 304
2 175 567
1 125 480
2 702 438
1 22 91
3 825 220
3 705 661
3 864 890
3 285 652
1 116 755
3 895 2
2 313 713
2 522 658
1 792 777
1 498 310
2 811 332
1 795 216
3 111 5
3 290 668
1 370 927
1 482 820
1 776 612
1 408 524
2 932 665
3 472 8
1 785 613
3 108 405
3 15 349
2 872 764
3 262 998
3 539 330
2 560 47
2 123 858
2 204 178
2 426 846
2 292 735
1 680 653
3 670 529
3 456 289
2 580 64
3 985 938
1 418 46
3 580 477
1 668 746
3 786 123
3 457 820
2 886 424
3 720 471
2 571 451
1 812 194
3 735 742
1 792 989
1 596 324
2 547 752
2 752 301
1 251 662
3 184 375
2 631 54
2 277 482
3 187 543
3 673 184
1 655 974
2 594 330
3 921 102
2 289 874
2 855 662
2 574 554
2 57 438
3 780 192
2 309 517
1 734 1
3 33 961
3 687 532
2 971 407
1 335 327
1 75 445
2 331 193
1 411 655
3 144 123
1 681 704
2 361 250
1 718 365
3 924 917
1 889 674
2 474 389
3 879 727
1 414 62
1 396 821
1 419 178
1 759 155
1 752 254
2 231 474
1 952 806
1 316 817
2 632 168
3 350 831
3 612 991
3 714 940
1 481 992
2 371 605
2 72 35
1 673 923
1 873 897
2 759 602
2 874 460
1 640 210
3 105 176
3 720 126
1 784 885
2 420 736
3 348 540
1 600 598
1 172 985
1 54 651
3 439 975
2 643 827
2 152 217
1 796 456
1 461 124
3 302 629
2 704 614
3 450 886
1 535 823
2 61 404
3 303 17
3 437 651
2 29 969
1 354 524
1 893 574
1 929 500
1 563 264
1 690 14
2 41 138
1 512 299
2 778 500
1 616 896
2 90 410
2 269 966
3 439 102
1 578 66
2 301 361
1 772 660
1 896 681
3 649 96
2 19 675
2 642 638
2 401 191
3 807 39
3 949 425
2 761 188
3 121 746
1 985 419
1 360 708
3 923 57
1 446 742
3 336 673
2 472 379
1 968 60
1 512 252
3 89 124
1 395 198
2 378 796
2 750 243
1 751 502
3 53 3
2 523 718
2 718 249
3 478 671
3 210 407
1 732 697
3 125 136
3 335 542
1 976 912
2 682 90
3 838 196
2 496 558
1 503 497
2 987 796
2 590 217
1 202 866
2 654 925
3 332 60
3 94 990
3 167 861
2 812 195
3 661 749
3 332 170
2 993 716
2 632 797
1 874 867
2 62 124
1 684 226
1 802 408
1 833 606
3 706 439
2 610 800
2 704 605
3 560 34
1 996 693
2 360 241
1 332 699
3 745 138
2 140 265
3 196 420
1 369 975
1 272 277
2 23 747
2 13 77
2 195 275
2 387 664
2 181 305
1 580 339
1 114 139
3 483 55
3 555 426
2 997 455
3 155 41
2 897 252
3 26 231
1 950 317
1 420 857
2 387 876
1 703 281
1 319 182
2 594 139
2 753 336
1 614 881
1 364 753
2 812 84
3 576 302
2 969 170
2 785 608
3 356 378
3 698 242
2 236 719
1 165 366
2 638 345
1 309 828
1 220 564
2 685 468
2 504 691
2 571 765
3 872 235
2 435 875
1 951 450
3 608 1
3 177 705
3 790 699
1 959 415
3 18 900
3 896 207
3 655 268
3 271 234
1 792 178
3 921 673
1 596 603
3 169 193
2 174 821
1 179 722
1 508 128
1 12 961
2 837 958
3 609 435
3 646 331
3 650 601
3 388 54
2 976 66
1 234 354
1 64 210
1 448 739
3 333 60
2 547 878
3 349 867
2 230 832
2 868 242
3 265 922
1 333 617
1 374 536
1 249 947
1 104 414
1 763 842
3 134 576
1 869 354
1 367 672
2 237 184
1 84 725
2 791 461
1 530 152
1 321 457
3 790 925
3 710 945
1 548 587
1 854 270
3 90 126
2 391 875
1 93 3
1 64 217
3 10 680
2 631 99
3 591 69
1 904 396
2 772 960
3 342 438
2 282 83
3 224 796
1 542 251
3 603 182
3 472 366
1 887 761
3 814 645
2 955 241
2 881 68
1 406 579
3 492 963
2 111 173
3 313 621
3 874 23
1 346 305
3 158 525
1 481 86
3 921 662
2 945 187
1 161 758
3 602 600
1 525 138
1 922 87
1 79 81
2 325 574
1 133 940
1 884 38
2 749 495
3 291 56
1 435 511
2 465 291
3 420 294
2 569 743
3 988 210
2 721 336
2 445 488
2 595 788
3 598 234
3 818 872
3 664 745
2 490 956
1 550 35
2 896 443
2 79 999
2 188 572
2 245 884
3 274 673
3 792 407
2 998 862
2 906 652
1 463 644
1 798 826
1 174 120
3 32 562
1 332 701
2 985 308
1 521 522
1 618 823
3 425 296
3 525 365
2 987 301
1 22 910
1 646 961
1 350 70
2 682 258
3 443 289
3 516 592
1 896 538
3 734 191
2 774 74
2 327 883
3 764 665
3 61 267
2 879 833
1 662 140
2 107 702
2 195 849
2 123 74
2 466 374
1 357 935
1 752 766
2 162 942
2 786 836
1 968 330
2 979 406
2 643 659
2 989 341
3 799 388
2 586 645
3 59 897
1 969 987
1 452 374
1 855 814
1 787 33
1 733 172
3 491 771
3 157 142
1 31 503
3 807 708
2 808 718
2 104 346
1 187 87
2 713 226
1 695 967
2 900 673
3 42 897
3 641 97
1 852 777
1 951 381
1 896 518
3 656 840
1 515 864
3 776 836
1 169 101
2 12 292
3 770 134
1 762 616
2 578 662
3 73 291
1 79 973
3 705 302
1 246 518
1 509 691
3 749 678
2 110 631
3 934 41
2 273 299
1 904 425
2 458 996
3 795 755
3 279 226
2 292 969
3 934 23
1 599 543
1 251 683
3 104 979
3 806 954
2 762 745
3 670 129
1 147 989
1 578 130
3 981 615
3 665 438
2 4 168
1 451 290
1 517 944
1 702 988
3 225 678
2 58 461
3 237 741
1 441 960
1 135 641
2 424 768
2 80 601
2 627 787
1 456 405
2 36 914
3 419 844
1 921 890
3 414 895
3 260 664
2 685 768
2 72 410
3 728 733
2 171 533
2 452 231
3 453 108
3 498 918
3 562 16
2 288 291
2 492 956
3 916 66
3 728 186
3 8 534
1 854 758
3 910 15
1 932 704
3 156 460
2 24 870
3 421 207
2 474 465
3 306 456
1 854 267
1 360 646
3 276 917
2 388 151
1 165 511
1 279 557
2 533 229
2 50 275
1 140 183
1 272 599
2 725 950
2 976 18
1 574 304
2 309 637
2 751 483
3 949 534
1 759 33
1 351 968
3 217 147
3 606 477
3 186 851
2 166 636
2 232 854
2 230 213
2 780 629
1 23 148
3 65 906
3 698 430
3 985 299
1 674 715
1 204 652
2 814 642
3 141 337
3 559 395
1 16 681
3 960 943
2 516 863
2 700 841
1 565 740
1 957 252
1 217 35
1 472 913
1 712 634
1 629 573
1 14 55
1 482 313
1 850 631
2 159 854
1 261 681
1 454 51
3 250 362
1 441 125
1 694 47
3 644 982
1 303 104
2 738 674
3 665 24
3 354 446
1 556 866
3 78 775
3 761 641
1 503 775
1 519 105
1 313 675
1 711 866
1 486 265
2 119 914
3 25 533
2 496 793
1 922 820
2 210 142
3 340 35
2 253 193
2 265 807
3 657 768
3 438 487
1 744 650
2 620 232
2 832 245
1 594 840
2 619 804
2 813 572
2 544 173
3 782 472
3 964 699
2 229 728
3 989 604
2 127 540
2 137 195
1 919 898
3 896 603
1 160 507
3 299 221
1 310 749
1 211 898
1 103 407
3 257 147
3 326 113
1 991 955
