800 1500
2 432 401
2 399 242
3 586 417
1 358 217
1 276 604
3 731 148
1 595 25
1 173 689
2 585 713
2 79 90
2 582 631
3 585 146
1 37 454
3 504 323
1 2 275
2 412 282
3 474 257
1 359 506
3 442 529
2 347 156
2 584 765
2 254 273
2 690 414
1 440 354
1 658 38
1 393 743
2 183 138
1 745 179
1 43 71
1 502 140
2 668 326
1 306 48
2 170 549
3 630 566
3 146 381
2 427 799
1 147 128
2 139 296
3 521 500
2 587 412
2 569 466
2 160 259
2 692 598
1 42 104
2 638 484
3 702 153
2 584 283
1 404 730
3 465 361
1 61 433
2 27 175
1 42 331
2 185 522
1 705 574
2 309 493
2 677 417
3 332 646
1 246 165
2 1 228
2 455 495
1 240 424
3 439 202
1 300 147
2 549 671
3 660 436
3 477 226
2 34 793
2 422 744
1 664 354
2 277 132
1 277 526
1 456 319
1 60 47
3 47 417
1 669 24
2 422 127
2 9 395
1 330 669
2 186 610
3 69 27
1 97 315
1 172 503
1 502 423
3 622 76
2 389 710
3 331 164
2 310 14
3 366 371
1 379 732
3 271 549
1 614 42
3 254 436
3 238 457
3 471 657
1 748 502
2 101 311
3 103 236
2 381 314
2 640 77
3 627 77
3 365 743
2 53 67
3 270 114
2 145 501
2 525 694
1 639 117
1 617 148
2 503 784
1 17 779
2 573 88
3 616 551
1 38 186
3 611 355
3 646 393
1 513 502
1 49 299
2 601 505
2 126 252
3 271 12
2 159 777
1 263 420
3 476 326
3 173 50
3 369 231
3 411 440
1 628 193
3 425 714
2 438 629
2 599 768
3 142 193
3 554 263
1 781 426
1 166 202
1 325 737
2 379 282
3 133 229
2 73 374
1 252 607
1 255 299
1 309 597
1 463 638
2 795 227
2 710 124
3 106 578
2 574 560
2 89 383
2 96 4
3 630 770
2 45 414
3 36 138
3 322 356
1 563 693
2 439 286
3 428 569
2 311 748
1 682 205
2 489 267
3 252 285
3 168 193
3 280 44
2 276 171
3 216 706
3 483 128
3 277 4
2 759 237
2 744 12
2 485 562
3 191 185
2 698 236
1 147 570
1 227 480
1 452 694
2 33 170
3 494 593
3 326 207
3 354 97
1 459 39
1 369 2
2 358 669
2 182 580
2 287 258
3 260 626
1 765 761
1 85 67
2 84 687
3 496 512
3 429 105
2 648 435
3 717 684
1 730 439
2 598 238
2 452 148
1 168 27
2 677 552
2 284 148
3 545 731
2 276 112
2 238 653
1 278 512
1 788 476
1 501 704
3 432 378
2 251 583
1 441 788
3 406 751
2 745 484
2 509 254
1 708 175
3 338 535
3 703 432
3 139 326
3 710 328
3 566 246
3 605 422
1 392 577
1 695 558
2 462 586
3 614 623
3 438 432
3 223 767
2 772 201
1 63 328
2 731 699
3 502 736
3 558 388
1 696 437
1 141 107
3 303 89
2 241 659
2 378 132
1 586 656
1 494 309
1 737 764
1 369 670
2 84 784
3 793 454
2 428 10
1 711 685
3 715 691
2 629 434
1 679 216
3 512 615
3 72 722
2 269 227
1 29 680
2 588 681
3 285 787
1 216 139
1 200 168
1 437 27
2 317 672
2 222 439
3 654 488
2 597 612
1 421 444
1 167 610
1 643 228
3 543 170
3 425 708
2 69 213
2 157 528
3 291 461
2 469 459
3 481 458
2 176 84
1 283 441
1 525 572
2 655 167
2 500 316
3 355 770
1 793 780
3 726 279
2 204 246
2 562 782
1 762 335
3 314 490
3 214 661
3 449 537
3 396 511
2 12 727
2 194 209
2 710 704
3 141 131
1 41 108
1 24 417
3 659 448
2 65 662
3 695 726
2 485 645
3 118 638
2 643 600
1 286 462
3 491 302
2 606 534
3 139 535
1 235 253
2 264 113
1 164 281
3 439 623
1 44 299
2 97 73
2 367 266
2 135 684
3 503 491
1 625 741
3 476 622
1 324 665
3 179 693
3 280 43
3 555 311
1 387 49
3 210 728
2 357 355
3 587 458
2 34 198
3 409 485
3 235 437
1 18 25
3 569 472
3 173 329
1 729 567
2 234 337
2 762 746
1 603 720
1 699 65
1 693 139
2 304 641
1 627 555
2 632 761
2 29 154
1 414 397
3 511 201
3 336 123
3 756 770
1 39 568
2 620 324
3 583 43
1 479 542
2 193 396
1 358 546
3 44 375
3 496 342
1 523 262
2 309 112
3 184 696
1 10 28
1 78 5
3 110 649
3 696 653
3 571 502
2 293 174
2 743 357
3 796 282
2 753 427
1 190 698
1 261 645
2 713 3
1 304 541
1 725 604
3 8 407
3 44 601
2 795 708
1 47 253
3 520 255
1 66 189
3 389 502
3 449 195
2 629 540
3 94 769
2 544 338
2 520 572
1 795 274
2 573 351
1 207 112
2 766 103
3 418 401
3 504 634
3 449 468
2 132 304
2 270 711
2 370 690
2 154 639
1 212 265
2 15 732
2 727 569
2 103 349
2 95 675
3 511 731
1 638 123
2 119 781
3 608 584
2 458 207
1 730 179
3 262 237
2 279 31
2 74 155
2 72 335
3 143 316
2 716 216
2 800 785
1 88 609
1 293 789
3 586 626
1 652 241
1 209 368
3 318 174
2 175 360
2 532 215
1 757 399
2 589 181
1 270 31
2 134 627
2 305 428
2 287 190
3 348 83
1 635 216
1 494 613
1 772 24
3 554 772
3 441 105
1 731 580
3 533 557
2 800 342
1 771 513
2 341 383
2 279 482
3 325 159
3 559 544
3 765 361
2 316 5
1 651 564
3 262 48
3 488 491
1 384 710
3 368 727
1 692 371
3 575 315
2 310 543
3 588 466
1 50 225
2 209 523
1 406 791
2 703 701
2 793 317
1 743 480
2 362 327
1 597 325
3 143 160
1 714 531
3 44 523
1 130 346
2 312 371
3 383 609
3 381 299
3 602 579
1 62 518
2 77 494
2 499 715
1 546 523
1 547 432
1 407 120
3 354 93
2 443 525
2 339 52
1 596 398
2 310 355
2 717 373
3 628 156
1 464 366
2 204 200
2 357 392
1 348 664
3 383 283
2 539 597
3 570 371
1 435 448
1 150 333
3 787 78
3 389 345
2 508 693
2 767 255
1 359 25
3 440 394
1 214 710
1 118 609
1 523 692
2 350 147
3 714 272
3 478 484
3 510 122
3 679 347
3 763 590
3 177 450
3 297 600
3 226 190
3 654 274
2 639 11
3 541 268
2 659 336
3 511 110
3 22 788
3 768 97
3 59 584
3 235 296
1 403 131
1 399 253
1 553 581
2 136 699
1 394 235
3 564 684
2 354 556
3 721 124
1 212 78
1 521 51
3 792 223
1 139 425
1 797 365
3 151 799
2 292 367
2 266 310
3 488 484
3 764 580
3 26 730
2 689 528
3 446 622
2 230 423
1 748 621
2 543 70
1 509 647
1 429 431
3 628 420
3 579 599
2 517 169
3 78 192
3 192 46
1 502 113
3 411 765
2 731 353
2 562 482
3 372 29
3 600 493
3 354 42
3 374 410
2 429 442
1 129 87
3 613 315
3 435 308
1 544 79
2 242 582
2 389 624
3 787 312
1 279 611
3 272 146
2 497 211
3 271 633
1 309 512
3 140 414
3 763 562
1 788 17
1 793 407
3 463 21
3 219 305
1 476 71
1 435 725
2 188 691
1 311 709
3 566 463
3 208 380
1 492 461
1 6 361
3 502 199
2 161 221
1 201 327
2 532 387
1 722 577
3 139 113
3 502 160
1 410 504
2 74 725
2 130 155
1 560 446
1 576 336
3 559 556
2 581 784
1 416 11
1 798 11
2 346 552
3 36 374
1 752 10
3 756 271
2 678 114
1 522 228
1 700 11
1 43 452
2 739 242
3 665 244
1 395 783
1 215 586
2 217 121
2 643 759
2 668 57
3 511 767
1 678 131
1 375 379
1 741 82
3 76 532
1 624 496
2 175 551
3 574 419
3 464 33
2 476 586
1 453 501
1 648 163
2 296 41
3 67 751
3 609 242
2 378 477
2 142 250
1 411 272
2 247 592
3 44 27
2 576 587
3 79 54
2 471 138
1 530 214
2 525 16
2 787 370
2 336 646
3 738 18
2 119 698
1 132 474
3 330 10
2 687 254
1 469 444
1 79 767
3 649 295
3 769 125
2 524 168
3 136 580
1 403 525
1 336 433
1 378 664
3 10 11
3 38 178
2 259 602
2 766 312
2 459 457
1 718 125
2 56 761
2 397 262
3 790 281
3 640 87
3 768 753
2 75 264
3 628 191
3 588 94
1 474 128
2 248 232
1 329 447
3 390 666
1 181 454
3 236 664
2 663 759
1 305 11
2 732 555
1 626 416
1 675 58
1 691 777
2 584 147
3 547 515
3 524 641
2 582 734
1 534 490
3 27 241
2 308 92
3 170 327
2 671 197
2 427 629
1 571 592
2 46 456
1 402 772
3 225 81
1 399 520
1 318 356
3 237 771
1 739 604
3 75 472
1 481 729
1 603 526
1 720 487
1 80 398
3 319 708
1 571 535
2 684 129
1 199 271
3 429 514
2 689 300
2 113 42
1 622 376
2 490 596
3 385 308
3 692 244
1 776 94
3 401 4
1 353 225
1 743 205
2 699 660
2 657 180
1 279 657
3 360 69
2 486 270
2 216 433
1 377 690
1 800 602
1 464 422
1 403 42
3 674 545
1 530 537
1 292 218
1 197 331
3 464 385
3 320 120
2 245 436
3 458 613
2 144 591
3 317 459
3 156 468
2 659 751
1 165 226
3 739 630
2 800 205
1 311 222
3 96 571
1 404 189
3 430 196
2 761 116
3 548 201
1 683 330
3 234 603
1 389 173
3 513 445
3 425 464
2 225 639
2 582 291
2 377 487
3 785 609
3 217 415
2 99 164
2 348 27
3 748 231
1 462 637
2 744 126
3 352 714
2 452 409
2 526 245
3 436 735
3 235 242
1 168 140
1 614 175
3 409 509
3 796 123
1 745 257
3 49 75
1 100 84
2 386 682
2 272 311
1 328 559
1 737 302
2 20 183
2 579 797
3 497 670
3 186 696
3 117 89
1 49 639
2 210 387
3 697 675
1 387 694
2 304 355
1 590 478
3 58 374
2 634 647
2 339 581
3 12 160
2 196 524
3 162 757
1 6 64
2 193 102
2 337 312
2 127 522
1 621 36
2 112 725
1 292 515
3 373 563
3 472 277
1 738 160
3 51 316
3 25 92
2 792 266
3 16 564
1 342 160
1 544 171
1 618 212
2 704 375
2 387 644
1 109 552
3 471 289
3 271 650
2 777 100
2 307 409
2 368 184
3 575 146
2 599 368
1 793 549
3 223 534
2 303 784
3 172 352
1 753 628
2 777 790
3 142 507
2 193 699
3 763 703
1 194 790
1 321 444
3 684 115
2 522 180
1 447 450
3 115 500
3 122 460
2 205 82
3 233 48
3 115 500
1 390 410
3 765 583
3 656 573
2 544 480
1 693 81
3 203 580
1 680 259
2 707 541
1 685 372
1 241 397
3 427 66
3 552 132
1 540 565
1 545 94
3 302 574
2 686 489
2 162 649
3 87 700
1 517 199
1 572 780
3 146 601
2 397 12
3 240 395
2 318 680
2 527 482
1 221 718
2 25 336
1 510 108
3 87 541
3 527 282
2 534 414
1 603 378
3 710 149
1 31 498
2 319 653
3 370 298
2 299 207
3 350 399
3 83 361
1 780 551
3 473 44
3 322 718
3 537 520
1 14 291
2 268 607
2 77 39
2 328 112
3 434 108
2 163 644
2 47 592
2 392 320
3 171 713
2 475 604
2 127 276
3 627 277
1 722 132
1 82 78
1 581 201
3 194 83
3 114 192
3 494 518
1 632 536
3 788 19
2 402 302
2 93 85
3 627 162
3 388 202
1 164 522
1 548 609
3 253 402
1 617 577
2 266 358
1 301 173
2 305 762
3 660 371
3 389 187
2 777 734
2 202 414
1 212 71
2 578 236
1 336 43
2 451 589
3 85 219
2 440 761
3 228 790
3 248 510
3 655 642
1 736 638
2 324 96
3 665 366
2 124 734
2 176 566
3 702 398
2 453 309
2 781 132
3 641 533
3 223 63
3 552 527
2 446 343
2 722 694
3 23 141
1 149 563
2 544 664
3 615 559
2 455 777
2 742 719
2 368 14
2 546 756
2 797 506
2 387 407
2 758 632
2 421 503
1 508 253
1 162 7
1 575 122
2 135 734
3 645 252
3 222 378
3 376 285
2 701 10
1 49 379
2 724 178
3 371 783
1 148 489
3 408 515
3 712 178
2 716 463
2 195 600
1 682 29
2 399 99
2 600 391
1 500 575
3 191 97
2 633 317
1 687 146
1 196 248
3 10 190
2 172 507
2 715 714
1 335 73
1 60 597
3 15 695
1 618 405
2 401 301
1 15 790
3 758 769
3 791 507
2 124 667
1 444 594
1 263 120
1 346 307
3 768 427
1 590 531
1 748 95
3 1 609
2 719 118
3 531 750
3 652 458
1 785 413
2 135 49
2 99 731
2 184 164
3 292 300
2 575 381
1 54 755
1 653 618
2 267 347
2 623 517
2 700 722
1 71 202
3 796 176
2 172 272
1 537 94
3 18 456
2 92 220
1 248 424
3 388 529
3 203 460
1 157 635
2 260 682
2 169 513
3 28 72
2 706 533
2 290 158
3 299 202
3 327 362
3 18 85
3 567 638
3 574 213
2 478 334
2 164 201
1 509 196
2 336 313
1 714 799
1 675 115
1 325 604
3 461 569
2 745 668
2 358 623
2 180 227
2 463 252
1 713 228
1 105 401
3 632 192
2 66 471
1 293 663
3 770 582
1 761 794
1 207 154
1 2 641
2 714 85
1 502 616
3 34 171
2 153 672
2 326 480
1 169 1
2 94 565
3 213 732
3 128 734
3 155 35
2 395 774
3 45 733
2 376 334
1 58 149
2 544 770
1 668 8
1 675 643
2 793 216
2 376 605
3 629 650
1 671 92
3 186 764
2 77 140
2 773 722
3 152 23
3 567 143
1 22 478
1 777 195
3 700 47
1 754 430
3 3 677
3 401 772
1 288 395
2 718 142
1 101 10
2 402 148
3 507 676
3 191 469
3 262 81
3 311 378
3 150 39
2 472 697
3 347 450
1 110 11
3 713 374
2 384 369
3 439 501
1 717 2
2 685 622
3 407 715
2 397 251
3 681 322
1 547 583
1 730 281
3 492 263
2 388 366
2 188 48
1 529 667
1 244 178
2 686 242
3 274 144
1 642 651
2 689 396
2 390 374
1 101 786
3 183 177
2 51 431
3 755 666
2 759 597
1 765 725
2 362 306
3 642 755
1 492 281
1 312 217
1 625 110
2 561 100
3 496 202
2 284 158
2 736 632
2 148 633
2 597 703
2 386 772
2 209 272
1 257 503
2 403 157
3 280 497
3 636 567
1 472 60
1 346 426
3 738 46
3 366 723
2 247 307
3 621 5
3 40 631
3 410 79
1 497 392
1 377 400
3 520 660
1 638 162
3 351 417
2 663 697
1 69 558
1 532 296
2 525 36
1 607 464
2 586 246
2 597 686
3 792 114
1 772 627
1 398 694
2 270 27
2 542 240
2 58 644
3 94 689
2 190 703
2 569 471
2 204 650
2 242 79
3 753 179
2 86 712
3 385 578
2 52 105
1 174 268
3 9 144
1 279 249
2 116 89
1 785 29
1 252 423
3 504 448
2 743 698
3 423 784
3 314 791
2 132 473
1 537 104
3 786 66
3 98 735
3 232 352
3 257 778
1 456 650
3 623 404
2 45 316
1 312 84
3 697 145
3 438 388
1 599 550
3 591 705
3 784 267
2 736 145
1 768 749
2 253 494
2 319 653
2 115 415
1 781 501
2 557 453
3 334 437
1 695 696
3 511 175
1 654 640
2 416 598
1 602 736
2 630 233
3 86 412
3 437 220
2 312 574
3 64 102
3 666 513
2 108 433
2 332 387
3 451 510
3 95 267
3 141 674
2 46 462
2 107 625
3 158 448
2 36 761
1 61 184
1 342 570
3 425 270
3 608 394
2 16 484
3 339 274
1 663 200
1 158 106
2 725 541
3 241 272
1 46 297
2 383 46
2 509 229
1 567 285
3 436 780
2 681 359
2 582 274
1 364 143
2 406 752
3 317 167
3 460 214
1 149 399
1 95 168
1 252 220
3 275 171
1 525 148
1 764 446
3 340 479
2 141 538
2 49 611
3 108 226
1 88 376
2 207 339
1 78 372
2 161 637
2 359 462
1 593 54
1 363 290
2 644 43
3 36 163
3 591 43
3 270 583
2 658 701
3 781 511
1 164 46
2 612 732
3 791 735
3 131 650
3 218 381
2 795 765
2 508 47
3 657 441
2 536 13
2 375 249
3 731 395
1 58 574
1 783 608
1 457 154
3 617 374
3 461 202
1 640 590
1 456 576
2 399 505
2 55 384
3 343 554
3 103 554
3 105 5
1 397 254
3 446 460
2 19 646
3 432 491
3 674 437
2 393 236
2 706 673
3 763 200
2 725 618
1 199 697
3 149 265
1 574 280
2 774 236
2 105 102
3 137 218
1 269 446
2 158 210
2 265 163
3 797 374
2 610 53
2 639 433
2 372 152
3 637 211
2 101 316
3 619 313
1 404 399
1 358 390
2 737 143
1 144 3
1 500 591
2 724 307
3 206 464
3 32 268
1 681 426
1 392 107
3 586 616
2 33 225
1 603 192
2 528 638
1 53 362
2 572 411
3 171 450
1 767 195
2 365 442
1 9 786
3 48 758
3 178 791
3 633 360
3 697 756
2 150 429
3 217 282
1 180 706
1 798 493
1 711 635
1 124 603
2 117 168
2 467 293
1 772 457
1 602 310
3 548 444
1 548 693
1 760 436
1 528 279
1 293 491
2 465 511
2 410 585
1 116 195
3 660 297
2 499 642
2 259 502
3 432 491
1 698 78
3 624 552
2 244 198
1 504 113
3 367 378
2 398 486
3 368 56
1 618 176
1 547 550
2 472 221
3 475 4
2 573 626
3 495 359
1 786 788
3 47 167
1 629 721
2 191 153
1 585 154
1 650 234
2 49 136
1 284 291
2 370 373
2 716 120
2 85 740
2 199 496
2 367 264
2 668 701
3 75 793
1 673 26
2 152 302
1 180 289
3 22 666
3 84 753
1 129 412
2 9 784
3 410 532
1 508 169
2 535 279
2 145 199
2 633 196
2 734 232
2 635 288
3 360 301
1 441 13
1 304 497
1 1 761
2 598 775
2 119 22
2 384 475
2 474 491
1 672 580
1 185 153
1 623 36
2 294 773
3 592 460
3 575 366
2 320 422
2 773 135
1 126 129
1 493 718
1 236 366
1 147 82
2 353 427
1 759 399
2 182 689
3 188 751
2 92 474
3 179 108
3 43 790
2 119 10
2 653 542
2 640 675
3 448 535
2 579 163
1 301 705
3 738 578
3 591 242
1 561 515
3 262 652
2 725 589
2 67 800
2 393 100
2 589 767
3 266 593
2 61 269
1 443 361
2 289 490
2 61 315
3 117 278
1 13 569
1 785 431
2 168 260
2 367 731
3 99 354
1 377 760
1 167 439
3 544 76
3 580 768
2 221 573
3 482 106
1 444 755
1 692 173
2 776 305
2 346 797
2 589 749
3 587 313
3 667 670
2 753 283
2 530 293
3 411 778
3 668 331
1 785 632
2 118 429
1 79 197
1 607 374
3 282 14
2 526 621
3 311 72
3 63 493
2 252 139
1 562 282
2 215 576
1 545 483
1 736 438
2 384 168
1 659 503
1 117 417
1 138 194
2 447 104
3 769 472
3 457 561
1 565 26
2 347 373
1 209 314
2 652 397
2 385 232
3 653 733
3 430 612
1 325 332
1 164 660
2 259 374
3 400 278
2 91 262
3 228 669
3 310 670
3 328 483
