400 1000
1 29 350
2 99 83
3 126 355
1 304 292
2 312 97
3 351 322
1 86 94
2 323 372
1 49 376
3 9 334
3 142 254
1 185 245
2 5 281
2 255 240
2 176 377
1 57 146
1 53 1
1 125 131
2 152 218
2 186 235
1 325 41
3 101 343
1 44 21
1 368 253
2 264 44
3 246 303
2 325 48
3 367 67
2 386 383
2 280 19
1 315 37
3 309 274
3 36 38
1 104 318
1 320 297
2 312 14
3 320 104
2 230 96
2 224 203
2 207 310
2 351 332
3 261 95
1 324 329
2 361 243
3 240 50
2 326 250
1 85 347
3 164 357
2 255 51
3 241 1
3 73 41
2 175 212
2 227 251
3 334 174
1 310 123
3 105 68
1 92 352
2 300 278
2 178 102
2 217 242
2 125 114
1 157 349
1 281 253
2 181 400
1 400 54
2 222 154
1 390 337
1 191 262
1 38 37
1 104 194
3 231 17
2 35 52
2 101 310
3 148 223
3 195 3
3 40 210
1 134 269
1 153 123
2 139 235
1 364 355
3 212 111
3 348 37
2 333 164
3 353 273
1 209 162
2 80 146
2 92 99
3 293 271
1 152 2
1 268 352
2 73 263
2 195 45
2 273 115
2 117 240
3 395 396
2 269 121
3 105 293
1 195 89
3 189 322
3 10 370
1 400 146
2 161 160
1 335 46
3 82 193
2 96 338
3 181 258
1 191 297
3 285 54
1 400 31
3 380 29
2 359 151
2 47 249
2 128 392
1 393 243
2 59 371
1 390 329
3 60 355
2 161 10
2 63 244
1 166 349
3 395 96
1 159 245
2 346 188
3 26 64
3 137 70
1 376 284
3 248 23
2 162 12
1 300 139
2 277 259
3 184 214
1 308 237
2 32 55
1 150 362
2 236 5
3 118 247
1 114 98
1 396 187
3 282 250
3 35 275
3 92 318
3 196 257
2 184 258
3 72 139
1 269 250
2 272 397
3 357 120
3 204 214
2 150 205
3 324 216
1 141 343
2 22 58
1 88 313
3 227 135
3 27 59
2 17 294
3 44 38
2 341 392
1 373 143
1 298 249
3 214 128
1 229 320
2 115 243
1 138 74
3 78 207
2 317 392
3 395 295
3 142 294
2 151 342
3 30 120
1 136 119
1 164 384
2 197 346
3 206 303
3 246 23
2 252 305
3 353 196
1 328 373
1 186 369
3 196 134
3 322 187
3 324 61
2 208 255
2 312 73
2 272 150
1 188 229
3 208 282
1 47 296
1 188 395
2 58 390
1 255 29
1 113 319
1 308 97
1 327 54
1 307 154
3 140 216
1 319 295
3 340 277
3 211 287
1 231 280
3 378 247
3 200 10
3 327 194
1 170 306
2 284 239
3 297 253
3 73 250
3 271 342
1 384 211
2 96 121
2 123 331
1 391 382
3 361 265
2 236 339
2 369 91
2 71 277
2 161 236
3 207 139
1 85 119
1 361 174
2 131 185
1 64 29
3 353 173
3 389 259
1 10 322
1 374 68
2 125 96
3 161 343
2 90 80
1 137 327
2 272 42
2 168 259
2 177 62
1 374 340
3 66 388
1 170 128
2 50 186
2 47 74
3 97 278
2 204 227
1 171 324
1 325 89
2 201 371
1 79 215
2 144 400
3 262 101
1 6 245
2 143 338
2 122 287
3 119 83
2 162 86
1 338 166
2 123 28
1 233 271
1 360 87
3 44 371
1 334 266
1 62 104
3 297 302
2 210 305
2 374 71
1 95 230
2 304 208
2 149 30
3 379 106
2 275 74
2 259 157
3 335 392
3 48 113
1 316 322
3 204 8
1 393 365
1 166 314
1 41 294
2 239 166
2 269 313
1 266 174
3 21 210
1 300 322
2 138 71
3 387 52
3 267 120
3 102 51
3 347 381
3 205 357
3 101 192
2 303 344
3 205 125
2 134 275
1 298 45
3 334 159
3 195 188
3 213 18
1 383 334
2 72 84
3 338 304
1 321 331
1 146 396
2 160 76
1 13 89
3 302 246
1 5 317
3 297 183
2 215 102
3 388 102
3 307 334
2 53 301
3 21 387
3 124 157
2 159 233
2 3 167
1 351 54
3 48 322
2 211 310
1 343 363
3 126 266
3 364 363
1 174 334
2 20 308
3 204 119
2 47 274
2 61 86
2 85 365
3 37 393
1 144 337
1 189 23
3 335 395
2 172 285
3 229 100
2 51 151
2 147 252
3 292 243
3 354 24
1 255 120
2 293 64
3 199 123
3 323 279
3 375 20
2 120 315
1 365 367
2 5 288
3 213 136
3 374 329
3 380 252
2 291 276
1 147 11
3 309 202
1 49 162
1 70 388
2 105 177
1 400 178
3 292 238
3 366 23
3 378 37
1 62 180
1 26 307
2 283 120
1 378 16
2 105 192
1 167 105
1 152 275
1 312 236
2 1 301
3 294 399
3 241 153
2 87 58
1 235 280
1 144 291
1 302 100
2 196 78
2 347 296
1 173 236
1 191 245
3 326 59
1 85 57
2 362 33
1 315 48
3 205 36
3 281 322
3 114 357
1 118 275
2 190 268
1 1 180
2 88 252
1 234 205
1 273 384
3 26 258
2 222 52
2 155 200
3 59 31
2 244 25
1 92 339
2 370 206
3 248 307
2 306 218
3 15 336
3 67 322
2 74 250
1 36 368
2 324 166
2 241 398
2 16 319
2 356 303
3 322 239
3 304 114
2 151 277
3 307 176
1 349 155
1 359 68
2 278 114
1 4 193
3 87 198
1 169 34
1 190 198
2 182 241
2 168 189
2 280 370
2 153 258
3 188 332
1 254 98
1 41 221
1 265 336
3 43 355
1 197 313
1 267 100
3 352 348
1 239 23
2 36 164
3 73 10
3 145 376
3 53 287
1 143 367
2 93 244
3 103 106
1 113 324
1 348 107
1 233 343
3 359 335
1 397 374
3 130 304
2 184 299
1 380 145
2 369 181
2 281 29
3 95 365
2 273 258
2 123 306
2 285 226
1 215 65
1 121 50
2 221 40
1 285 373
1 290 383
3 202 380
1 314 219
1 384 297
3 70 145
1 4 285
3 332 232
3 295 83
2 228 191
2 194 6
3 217 284
3 274 52
2 40 310
2 341 360
3 284 119
3 273 289
2 95 318
2 127 61
3 130 7
2 325 306
2 212 190
2 384 354
1 94 79
3 179 246
1 369 127
2 48 303
3 156 229
1 13 315
3 98 176
1 76 351
1 35 119
1 173 103
2 78 227
3 343 293
2 103 288
1 392 338
2 248 400
2 278 19
1 237 229
2 199 41
1 232 40
2 291 32
1 249 339
1 123 195
1 150 195
2 131 161
2 384 319
2 397 35
1 389 316
2 196 325
3 45 390
3 41 253
2 161 389
3 56 95
3 253 341
1 143 129
2 240 277
2 115 19
1 200 47
1 229 358
3 152 352
1 115 72
3 24 232
1 21 316
1 281 346
3 217 185
3 251 313
3 84 240
2 95 371
1 227 245
2 360 299
3 83 244
3 301 98
3 283 237
2 136 76
2 12 80
1 55 68
2 61 247
1 282 399
2 49 56
3 124 280
3 366 88
3 148 259
1 350 71
1 20 85
2 96 32
1 279 121
1 36 221
1 33 35
1 225 51
3 202 281
2 79 349
1 325 176
3 49 363
1 52 238
2 259 245
2 227 66
3 69 366
2 183 384
2 233 131
2 233 62
3 140 149
3 218 240
1 145 260
3 308 352
2 290 368
2 34 53
3 144 14
1 338 310
1 323 26
1 42 347
2 367 57
3 268 70
3 333 256
1 47 224
1 398 114
3 214 50
3 255 73
2 381 183
3 131 253
3 118 124
1 15 361
2 36 237
2 177 51
2 280 282
1 369 203
1 117 58
1 99 87
3 112 381
2 398 359
2 310 290
3 292 130
1 305 339
2 168 384
2 67 23
2 15 307
2 192 218
3 322 215
3 279 7
2 371 158
3 92 15
3 354 10
3 197 331
2 125 389
1 385 177
2 30 283
1 287 174
3 382 89
3 193 309
1 36 116
1 396 329
3 388 116
1 149 170
2 160 335
3 192 174
2 9 110
1 236 380
3 23 59
2 368 348
2 138 274
3 327 345
2 149 210
3 279 51
2 148 243
2 67 42
1 383 160
2 106 303
2 325 380
1 145 56
3 212 364
1 300 357
3 358 49
3 225 247
1 10 199
3 246 74
2 312 98
3 261 337
3 207 190
1 25 103
2 136 348
2 173 46
1 46 366
3 83 105
2 235 327
1 91 89
2 208 34
3 359 48
1 178 293
2 355 190
3 362 221
1 117 56
2 239 243
1 28 246
2 1 155
3 320 74
2 388 116
2 12 38
2 186 318
1 267 253
3 166 97
2 247 192
3 275 120
3 80 174
1 215 317
3 93 89
1 140 92
2 78 30
1 283 86
2 192 333
1 363 23
3 328 395
3 47 174
2 319 152
1 78 60
1 249 59
3 341 46
2 102 251
3 64 60
1 244 267
2 163 201
3 78 352
1 363 145
3 29 242
1 191 197
2 57 107
3 304 242
1 366 21
1 227 121
1 32 348
1 41 361
1 75 286
1 269 362
1 20 307
1 41 18
3 26 189
1 186 81
1 255 343
2 29 209
2 375 298
1 42 160
3 93 240
3 256 330
2 93 224
1 88 128
2 10 228
2 102 165
2 285 264
1 181 301
3 259 361
3 83 287
1 31 184
2 251 122
2 169 364
1 162 148
1 231 124
3 171 266
2 96 214
1 400 23
2 85 331
2 288 295
3 230 59
3 280 24
3 154 232
1 81 264
2 28 295
2 393 392
3 127 301
2 117 388
3 166 388
2 95 186
3 194 339
3 303 189
1 177 391
3 161 366
3 242 252
2 151 26
1 118 80
2 350 332
1 123 192
1 138 92
3 165 41
3 325 265
1 371 125
1 393 218
3 256 329
2 371 138
3 121 59
3 257 79
1 106 112
3 238 137
1 29 4
2 258 94
2 90 141
1 291 113
1 106 287
2 164 108
2 135 291
3 271 5
2 70 123
1 368 87
1 251 20
2 379 373
3 50 103
3 24 7
1 62 200
3 325 352
1 213 292
3 289 191
3 112 14
1 280 163
3 55 101
2 218 135
1 189 77
2 235 155
1 205 356
2 152 323
2 210 226
2 360 79
3 301 17
3 294 341
2 204 178
1 68 137
1 233 54
1 326 154
1 102 394
1 374 281
1 278 174
3 75 214
1 176 242
3 203 147
3 397 95
3 336 42
2 158 62
2 278 132
1 235 229
1 355 4
3 261 302
3 250 380
2 120 168
1 69 241
3 212 124
2 394 154
2 338 68
2 225 13
2 365 231
1 351 45
3 375 163
3 4 346
1 348 20
1 52 219
3 197 206
2 378 44
2 360 234
2 338 394
1 125 53
3 160 185
2 178 216
3 120 356
2 84 85
1 193 182
2 137 4
3 273 60
3 125 327
2 16 159
1 309 111
2 49 358
1 183 109
2 277 114
2 260 193
3 19 242
3 148 151
1 89 119
2 287 279
3 126 198
3 295 107
2 20 151
3 11 277
3 70 194
2 286 188
2 364 255
1 226 230
2 377 214
2 193 2
3 211 201
1 222 186
1 178 66
2 18 217
2 170 171
1 163 23
2 255 395
1 293 266
1 55 321
2 200 185
2 379 95
1 302 306
1 8 163
2 298 116
3 372 145
2 42 211
3 110 225
3 80 75
3 380 242
2 170 4
1 1 7
2 222 248
2 390 146
3 261 274
1 239 242
1 162 142
1 289 389
2 137 285
1 369 152
2 363 66
1 185 331
2 157 230
1 118 170
2 231 307
2 132 61
2 107 254
1 314 371
2 251 312
2 105 302
2 257 268
2 31 186
1 324 108
3 129 337
1 111 95
2 84 368
1 113 365
2 338 215
2 216 63
1 311 176
1 115 361
3 316 358
3 135 199
3 37 43
1 122 324
3 250 266
3 147 70
3 340 118
1 228 325
3 142 22
3 164 206
2 16 356
2 52 350
2 208 117
2 100 267
2 12 327
3 131 26
1 361 93
3 304 368
3 241 253
1 373 40
1 264 209
3 375 210
1 305 171
2 397 294
2 143 4
2 303 226
1 291 361
3 340 118
3 291 245
1 134 177
2 219 262
1 109 196
2 19 82
1 164 170
3 396 366
1 28 338
3 53 46
2 64 362
1 19 171
1 216 274
2 100 151
2 294 121
3 127 346
1 233 57
2 2 94
1 288 255
2 312 211
2 64 101
1 64 181
2 193 41
3 211 44
1 179 77
3 121 86
3 67 87
3 191 380
3 25 392
3 301 113
1 122 100
3 289 10
1 374 153
1 278 232
1 108 367
1 362 77
3 224 240
1 328 235
1 264 201
2 148 305
3 66 103
2 148 302
2 374 4
1 56 11
2 329 138
3 93 92
2 194 72
1 184 352
1 145 205
2 255 283
3 131 95
2 187 39
3 65 364
3 180 196
3 267 44
1 181 9
3 79 400
3 7 60
2 258 315
1 43 141
2 236 36
1 86 244
2 384 280
2 183 68
1 313 356
3 255 68
3 396 35
2 99 17
2 302 130
2 198 356
3 97 157
1 175 270
1 384 368
3 306 23
2 385 370
2 303 392
2 138 99
2 147 9
2 47 220
1 171 242
2 72 147
2 104 199
1 104 267
1 84 227
1 292 246
1 330 346
1 102 229
2 314 50
