426 258
3 398 414
3 352 348
3 390 209
3 93 264
3 418 424
3 314 357
3 59 367
3 212 64
3 115 333
3 381 235
3 50 267
3 110 37
3 127 65
3 328 129
3 364 159
3 385 188
3 241 10
3 79 408
3 293 75
3 360 238
3 9 300
3 17 101
3 225 304
3 68 247
3 31 382
3 354 397
3 236 314
3 152 330
3 66 391
3 253 118
3 139 6
3 239 45
3 170 131
3 203 319
3 301 194
3 227 91
3 64 293
3 68 378
3 215 88
3 287 4
3 263 45
3 315 238
3 192 85
3 208 51
3 246 204
3 171 303
3 104 203
3 75 380
3 423 360
3 120 413
3 89 362
3 343 252
3 177 319
3 247 314
3 286 79
3 176 402
3 79 316
3 90 205
3 21 323
3 188 384
3 137 134
3 201 387
3 400 328
3 332 256
3 294 366
3 43 105
3 161 212
3 274 130
3 268 307
3 8 87
3 26 284
3 60 38
3 360 115
3 162 29
3 215 205
3 90 403
3 336 197
3 122 176
3 86 286
3 39 75
3 179 325
3 236 247
3 103 219
3 87 235
3 184 393
3 95 8
3 356 181
3 215 288
3 309 424
3 4 14
3 252 91
3 74 340
3 23 333
3 18 138
3 281 309
3 231 219
3 91 197
3 164 308
3 1 270
3 418 171
3 235 20
3 110 316
3 346 394
3 185 27
3 222 32
3 372 123
3 200 34
3 37 344
3 334 273
3 218 417
3 209 151
3 280 248
3 385 102
3 32 189
3 9 301
3 208 355
3 66 353
3 417 263
3 161 262
3 17 90
3 154 253
3 154 397
3 94 325
3 99 56
3 353 160
3 251 200
3 339 167
3 87 27
3 221 303
3 207 101
3 132 359
3 285 424
3 401 343
3 30 243
3 399 21
3 106 166
3 324 96
3 387 369
3 81 384
3 281 21
3 20 245
3 184 292
3 383 43
3 14 64
3 271 240
3 208 102
3 149 98
3 139 196
3 333 330
3 254 193
3 102 57
3 324 233
3 63 183
3 128 348
3 101 315
3 377 183
3 118 367
3 354 86
3 269 174
3 127 378
3 269 361
3 105 67
3 58 295
3 376 18
3 388 208
3 177 18
3 387 277
3 328 274
3 271 169
3 115 376
3 177 349
3 234 297
3 46 118
3 136 173
3 178 324
3 351 79
3 150 359
3 224 286
3 215 131
3 128 35
3 123 354
3 420 240
3 52 35
3 411 407
3 191 262
3 229 187
3 307 311
3 201 334
3 4 133
3 233 168
3 24 293
3 372 227
3 404 191
3 188 336
3 423 384
3 208 399
3 48 208
3 344 299
3 248 20
3 181 325
3 423 95
3 376 143
3 310 112
3 392 360
3 253 101
3 56 168
3 189 354
3 39 18
3 84 268
3 298 320
3 319 81
3 308 82
3 421 339
3 5 342
3 165 158
3 351 292
3 209 386
3 114 143
3 111 89
3 191 92
3 256 96
3 299 226
3 48 395
3 24 343
3 332 270
3 24 62
3 142 100
3 368 106
3 355 142
3 46 389
3 132 196
3 277 33
3 116 182
3 32 208
3 382 23
3 199 362
3 87 203
3 305 199
3 153 69
3 159 284
3 123 47
3 408 332
3 8 235
3 144 147
3 242 82
3 377 323
3 179 217
3 169 12
3 40 73
3 339 327
3 296 102
3 396 253
3 43 262
3 408 317
3 225 141
3 209 155
3 333 7
3 109 45
