100 400
2 25 1
2 21 74
2 43 48
2 60 54
2 97 85
2 40 42
2 89 81
2 4 73
2 43 63
2 6 1
2 75 89
2 74 55
2 63 98
2 6 45
2 71 63
2 88 90
2 90 71
2 17 34
2 17 55
2 31 83
2 6 69
2 77 95
2 3 19
2 38 36
2 32 87
2 90 72
2 17 82
2 9 53
2 28 56
2 3 62
2 75 6
2 24 74
2 34 2
2 30 44
2 26 74
2 59 53
2 32 38
2 25 71
2 100 78
2 75 80
2 23 25
2 34 16
2 87 77
2 89 42
2 50 64
2 49 23
2 75 22
2 59 65
2 62 21
2 22 92
2 12 5
2 11 94
2 25 67
2 68 13
2 9 48
2 97 98
2 44 90
2 79 57
2 34 84
2 97 75
2 86 14
2 14 80
2 42 81
2 41 70
2 92 93
2 36 91
2 46 38
2 91 94
2 10 44
2 72 35
2 88 22
2 12 16
2 45 37
2 23 54
2 20 40
2 69 92
2 75 60
2 7 42
2 33 18
2 79 36
2 21 29
2 13 93
2 74 46
2 62 65
2 17 91
2 41 81
2 3 63
2 36 14
2 34 55
2 33 97
2 84 6
2 63 70
2 75 84
2 83 56
2 63 66
2 7 28
2 62 52
2 71 1
2 79 99
2 11 19
2 77 47
2 12 97
2 93 57
2 48 13
2 42 79
2 27 49
2 12 91
2 84 51
2 17 44
2 60 53
2 43 54
2 76 91
2 19 61
2 12 4
2 45 7
2 36 45
2 26 86
2 42 57
2 82 25
2 5 78
2 100 71
2 50 72
2 86 77
2 4 53
2 47 94
2 52 6
2 64 33
2 76 11
2 52 97
2 87 22
2 56 80
2 16 42
2 91 99
2 24 21
2 65 26
2 93 62
2 96 11
2 66 70
2 6 64
2 80 30
2 12 51
2 48 80
2 81 19
2 84 5
2 84 54
2 39 53
2 82 5
2 22 16
2 99 77
2 46 96
2 89 83
2 34 64
2 79 18
2 46 2
2 58 86
2 25 15
2 94 53
2 80 64
2 100 97
2 40 30
2 56 44
2 45 33
2 61 29
2 99 27
2 62 47
2 66 29
2 7 77
2 70 47
2 25 28
2 15 73
2 3 15
2 19 69
2 62 13
2 49 77
2 92 43
2 38 96
2 17 80
2 34 3
2 9 2
2 85 48
2 65 98
2 43 99
2 55 71
2 52 90
2 73 54
2 11 80
2 19 98
2 28 69
2 94 41
2 7 5
2 46 8
2 25 56
2 38 82
2 64 49
2 68 59
2 73 40
2 5 16
2 63 78
2 99 52
2 2 82
2 30 21
2 16 15
2 69 7
2 33 59
2 12 9
2 70 30
2 57 50
2 24 32
2 47 53
2 47 83
2 39 45
2 47 39
2 6 72
2 81 16
2 65 32
2 69 39
2 34 33
2 35 97
2 70 87
2 74 48
2 22 32
2 98 11
2 48 31
2 94 46
2 39 71
2 40 24
2 72 28
2 82 32
2 27 51
2 92 11
2 89 40
2 76 54
2 12 78
2 83 95
2 96 72
2 16 26
2 53 1
2 42 32
2 28 90
2 73 21
2 52 80
2 20 7
2 40 94
2 19 23
2 39 51
2 83 55
2 86 34
2 91 3
2 15 75
2 85 74
2 46 71
2 78 47
2 46 5
2 4 8
2 15 57
2 42 15
2 25 68
2 45 57
2 65 7
2 92 56
2 32 67
2 92 62
2 29 11
2 40 99
2 33 87
2 78 48
2 75 64
2 39 2
2 31 29
2 82 11
2 13 69
2 47 82
2 42 70
2 85 90
2 60 82
2 1 57
2 55 85
2 70 50
2 73 37
2 45 15
2 72 21
2 89 74
2 29 14
2 94 42
2 30 53
2 82 44
2 76 94
2 82 72
2 14 43
2 60 67
2 28 68
2 19 50
2 17 4
2 30 88
2 72 26
2 59 69
2 66 2
2 28 24
2 18 59
2 6 68
2 85 21
2 77 43
2 37 1
2 100 8
2 13 23
2 6 89
2 49 69
2 64 78
2 18 54
2 16 57
2 62 31
2 54 40
2 63 96
2 22 76
2 64 28
2 16 62
2 88 54
2 29 69
2 15 31
2 92 34
2 100 29
2 37 26
2 2 38
2 55 86
2 64 85
2 16 82
2 5 18
2 100 82
2 21 55
2 83 43
2 73 10
2 86 76
2 83 14
2 89 2
2 20 16
2 75 94
2 18 52
2 29 74
2 82 79
2 81 59
2 15 50
2 96 99
2 10 14
2 52 9
2 36 94
2 76 71
2 11 72
2 46 36
2 4 70
2 40 68
2 1 10
2 74 52
2 50 99
2 65 82
2 5 37
2 31 9
2 68 18
2 69 37
2 59 35
2 52 72
2 45 80
2 46 1
2 77 42
2 18 36
2 50 16
2 47 72
2 66 40
2 71 16
2 77 89
2 14 90
2 80 59
2 34 23
2 57 100
2 13 97
2 75 87
2 37 27
2 72 58
2 85 6
2 81 18
2 21 51
2 66 86
2 51 3
2 3 43
2 91 57
2 67 93
2 76 38
2 83 16
2 60 92
2 6 92
2 70 95
2 24 3
2 31 7
2 87 25
2 39 72
2 92 31
2 89 9
2 50 78
2 75 24
2 54 62
2 9 18
