50000 1000
1 32822 872
3 39319 27024
1 9960 23947
1 17425 43988
1 26478 5807
1 44583 26651
2 35377 1587
3 49474 26327
3 33618 27708
3 42707 34303
1 5812 6352
2 39430 42809
1 49493 47251
1 6765 36684
1 13575 39438
3 46868 30105
2 3332 22658
1 19309 12115
3 35640 21480
1 22481 38315
1 18978 4008
1 9477 38951
2 31516 197
1 3929 15619
1 45475 28565
3 40347 14869
3 43587 23978
2 22104 30149
3 31891 5256
3 5334 15516
3 21927 18778
1 7734 17888
2 7928 49141
1 31174 28217
3 11647 14296
1 1653 29421
1 11039 17112
2 45158 36755
2 16045 9146
3 44909 19886
1 5585 24705
1 23324 17020
3 38467 4566
1 36167 1427
3 47078 44065
3 38779 2185
3 30003 45972
3 28261 9936
2 41752 21797
1 10180 1017
2 34775 27201
1 46708 10110
3 7506 30738
3 21321 41683
2 45456 35973
2 19351 11978
3 21467 9493
3 8018 17917
3 26227 23206
3 30458 43083
1 47765 40611
3 3915 29263
3 30689 33085
1 49826 17486
3 7841 21844
3 30957 40466
2 37851 2118
1 28831 46251
1 2443 43260
2 20161 32088
3 24693 24950
1 7457 11313
3 20884 39369
3 49090 39542
2 23872 26708
1 47509 21189
2 2998 42499
3 9681 42399
1 6926 49412
1 11902 1148
2 38307 8109
3 15227 33135
2 21735 19527
2 41960 39196
2 20656 24609
2 49416 14393
3 49778 28108
1 41207 21405
1 41896 41751
3 28624 32829
1 11745 46835
3 38115 49834
3 28108 34729
2 23610 141
3 39187 3718
2 15336 49449
2 33049 176
2 26814 49575
2 12812 9078
2 24556 44825
3 41964 15895
2 47206 17604
2 15131 46149
1 17845 42699
2 12585 27503
3 48997 20863
2 49442 28288
2 5610 48796
2 38217 29301
3 46771 32852
2 20552 27750
1 43996 12939
2 1455 5101
2 25537 21463
3 8088 26267
3 27033 41172
1 14664 17585
3 10375 12122
1 23889 21166
2 38574 16131
2 32830 2084
2 46021 14324
1 30693 17324
1 19059 27937
1 28579 44553
2 23745 9177
3 43952 40963
3 39494 45419
1 49816 20942
2 30811 43783
2 34446 40370
1 10404 36000
2 586 30764
2 38006 36147
2 12486 42654
1 17726 48954
3 3121 34373
3 43870 4219
3 15140 23955
1 15623 13575
3 20033 8856
2 8609 37136
3 49984 22933
2 40510 47775
2 14012 39191
2 2399 39119
1 32854 45949
3 13856 46157
2 27139 23962
3 24597 44172
2 49390 7159
2 13264 42991
2 18161 41954
1 4858 14182
3 3161 669
3 24013 16204
3 44388 19877
1 36142 23544
2 17620 35486
1 26475 35017
2 19085 10632
1 18259 13427
3 36313 32907
2 6911 31305
2 36905 46502
2 28692 8578
1 49645 15494
1 7333 35187
1 47942 43864
3 6665 8045
1 36527 20285
3 3942 48715
2 34244 31993
1 17702 10812
3 34497 32251
2 29731 22931
3 46887 9649
1 86 33535
1 44098 7883
1 9654 2748
1 7675 18285
1 21346 3959
2 25024 39685
3 23291 34791
2 25975 23509
2 3429 7308
1 36638 15957
2 10161 42408
1 32304 26443
2 21665 16133
2 23422 46465
2 14213 8452
1 11528 37341
3 24086 40455
3 22455 27743
1 15334 32475
2 48299 14811
1 47561 14640
1 39318 23743
2 9894 24592
1 26100 41982
2 18759 33280
3 4978 2069
1 42792 24917
2 46144 18101
2 6165 9351
3 18954 30928
3 4266 21331
1 3061 25135
1 16732 35858
2 1977 4205
1 33424 28210
1 19359 34409
1 16019 46227
1 22676 17251
3 40928 14941
3 37200 1219
1 30836 18160
2 26635 11862
3 42319 19671
3 44248 8284
3 8462 19161
2 33159 15887
2 49423 24976
3 23531 6920
1 43924 17516
2 24604 47885
2 45638 21074
2 25268 36318
3 1825 28357
1 46359 17828
3 4657 3672
1 41855 42031
3 28052 21878
1 33658 13055
1 31876 2941
3 48083 24697
3 3568 24686
3 13712 32005
2 39415 6462
2 26443 27677
2 7854 32791
3 37858 10016
3 32994 20989
3 24146 3159
3 14929 39568
1 2824 5178
1 18640 850
2 7078 29162
2 23782 27642
3 14378 40225
3 36028 25989
1 38629 39940
2 28420 49669
3 2658 24916
3 29364 26513
3 2847 25323
2 9927 44290
3 7348 16051
1 15654 21182
1 28098 11839
2 32031 28783
1 19124 35493
2 15403 38697
2 8749 27757
2 19795 25043
3 34320 39616
2 32217 36236
3 24365 7171
1 24516 1292
2 22064 40786
2 46955 6200
2 27712 15970
3 32466 1420
3 7467 26803
2 24784 27950
2 7139 39712
3 5442 1845
1 14823 21202
1 10901 3167
1 36995 11949
1 16556 1336
3 35419 2967
2 10747 9533
1 46291 23936
3 3612 16447
3 49085 37635
1 37771 33966
3 36439 44000
2 18998 2835
3 10243 392
3 9677 49804
1 30343 26589
3 29295 3600
1 7037 35306
1 4726 48234
1 9442 25789
1 18473 30005
3 24231 48071
1 36972 30939
1 9720 38151
2 38927 28892
3 27934 26019
3 564 40761
3 13178 32947
1 18021 5131
2 41345 41387
3 16044 49248
2 3229 23617
1 24491 46575
1 45974 42356
3 10127 44205
1 49908 18216
1 14788 33270
2 7739 6171
2 16299 47678
3 21970 41488
3 21026 37084
3 3300 49386
3 1576 11177
3 8593 27351
3 19272 44139
2 13098 35797
3 49535 34626
3 49432 48142
2 10298 12096
2 3545 44692
1 37770 6589
1 31781 41978
2 19352 22858
1 34152 44802
2 10018 37783
3 28952 27069
2 15529 39375
1 3660 45586
2 20014 45071
2 49781 8666
2 7325 16254
2 14519 49132
3 24817 3742
2 23137 19766
3 10783 36015
1 36651 43806
2 30339 38012
2 31180 39740
1 44227 5741
1 43412 33758
2 5696 43958
2 16331 2379
1 24551 11545
1 27862 43660
1 8823 42022
2 13466 24452
2 33327 12664
1 41801 41389
1 38270 7750
1 44729 29592
2 7795 4959
2 15267 11441
3 18065 18313
3 8973 5431
1 30133 2342
1 44542 13520
2 18293 45062
1 43717 39154
2 24030 31641
1 18061 33303
1 38979 20511
1 22930 22290
1 853 28265
3 7068 42811
2 30993 2988
1 11812 6419
1 43144 27266
3 32796 24151
1 49379 19707
3 40841 17204
2 469 40934
3 3612 44424
1 19102 42412
3 37630 31981
3 35472 45201
3 3945 42990
2 17321 11252
1 20879 28771
1 5185 22497
3 27443 26216
3 18562 27485
3 3796 6319
3 25205 30852
2 33904 5274
2 8764 10848
1 39115 19158
1 40546 7330
1 388 15144
2 8472 26400
3 43345 14906
1 27419 13290
3 49084 3090
1 30423 18006
3 17970 48221
1 47551 24901
2 7610 12046
2 31693 920
1 5419 4677
3 36214 46348
2 12125 7060
2 11921 48043
2 11753 44437
1 20809 31446
2 21204 27238
3 8953 40603
3 7296 15894
2 3929 44320
2 20199 63
3 23567 12998
2 34766 2976
1 35564 674
2 21620 35096
2 32243 13022
2 43431 30038
1 7758 4590
2 10366 24775
1 31695 34166
2 41109 5243
3 35186 10207
3 20132 72
3 14351 41234
2 45597 18556
2 34444 17276
1 9007 49320
1 455 17670
2 7359 47254
2 3220 29611
3 34905 2936
3 2877 41685
2 12067 24145
1 23411 13881
3 6839 21537
3 12241 7907
2 46322 48750
2 10702 37358
2 16206 35947
1 37339 25365
3 49627 33203
2 15253 42134
1 45175 22288
1 33154 40797
3 46100 29049
2 44345 41191
2 43595 32845
3 33417 34492
1 15668 18564
1 6483 48454
2 34746 19742
2 5205 18425
1 13241 47432
3 16264 13967
3 9876 11112
3 7942 11914
2 3229 31343
3 42080 19357
3 34003 27885
1 21238 47900
2 43086 42183
2 11425 13206
2 13279 48279
2 1104 28363
1 104 45374
2 9029 10068
1 3549 41128
2 30853 42530
1 26544 41100
1 48520 10940
3 36778 38049
2 43929 7476
2 33405 42858
3 45864 3580
2 3112 47640
3 2773 28094
2 16878 27617
1 31791 12610
2 27783 31397
3 46619 45629
3 5719 49033
3 32794 45117
2 28716 5886
1 20233 10989
3 10746 28731
1 44905 26367
1 6014 43416
2 22656 38658
2 2685 25806
1 30460 34851
2 42582 26113
2 33002 4103
3 26899 10123
1 25456 20193
1 17248 40937
1 34942 29033
1 3138 16067
2 10805 14289
2 3022 2032
3 6917 13400
3 46595 42433
1 48766 9540
2 17126 21996
3 7323 42690
1 8527 47691
3 36050 7062
1 15965 12798
1 13415 24720
3 4919 14596
3 6884 26681
2 24221 40114
2 48988 29387
1 18068 26419
1 35844 41463
2 5595 13379
2 40171 16897
3 21343 43076
3 42455 34061
1 37856 12161
1 9161 47112
3 42813 16467
3 2988 1636
1 11443 13818
2 48848 25250
3 2871 15022
1 32775 43140
2 28687 37726
1 33444 35969
3 37836 840
2 2445 44011
2 17122 24096
1 30201 21297
2 7172 38772
1 32415 37501
1 29993 18494
1 16007 10598
3 22276 18907
1 30062 23879
3 36304 7970
3 32473 3223
1 14377 6595
1 3878 47100
2 15920 44303
2 13294 27341
1 5597 44186
3 49964 4210
2 32090 42945
1 47392 38457
1 17276 17456
3 13510 19067
1 5632 11809
1 26922 18252
1 21098 43797
2 43991 13821
1 13776 29612
1 1830 21519
2 28745 39336
1 46326 45876
3 4107 34112
2 17109 8745
2 1079 14986
1 18064 27127
3 23480 3582
2 39181 2470
3 7663 25229
2 9925 9143
2 28232 12979
2 40001 47996
2 7060 49131
2 16358 13644
3 10088 34330
2 4995 24971
2 27197 27339
2 9635 31742
3 26723 49862
3 30111 4956
2 18422 41514
1 48028 35319
2 31872 7798
1 7827 41107
3 11684 1004
3 21146 44865
3 30487 32001
3 47221 25728
2 5759 26309
2 11298 34949
3 45416 33721
1 44544 15985
1 21992 1724
3 28405 29125
2 18444 5194
1 43109 26495
1 46177 14206
2 9059 47394
2 32726 41905
3 159 12922
2 17462 12220
1 44260 18299
2 14190 20262
2 4726 46294
3 35719 25371
1 14371 2408
3 38090 1765
3 49815 42213
2 33701 18163
3 16795 9709
3 34371 28009
1 10081 31106
1 7239 42687
2 11279 37347
3 13035 7782
3 15778 46278
1 26527 757
1 44878 18979
3 10963 42998
2 38524 10589
3 18934 42753
3 37720 33531
3 17424 24304
3 14918 15928
1 20860 24394
2 8407 22526
2 5048 2863
1 1193 35748
3 23449 33161
3 36524 34900
3 47172 41621
1 12829 23852
1 22644 29550
3 7828 43650
1 39056 21875
2 536 32428
2 15057 690
1 18527 31479
3 6960 45517
1 12096 37317
3 44547 29733
3 42264 48080
1 46221 12161
2 48426 36482
2 38240 45005
1 18764 20792
3 16257 22546
3 314 16151
1 48307 24919
1 19032 46737
2 26846 48660
1 26491 41140
2 30582 11276
2 11971 39017
3 23449 41357
3 46525 39283
1 24007 12336
3 29690 13445
3 8559 4703
2 1797 47402
2 14449 34502
1 41686 5694
2 31081 43376
1 19114 7757
3 1092 16889
2 47365 21573
2 47515 24161
1 46502 34177
2 28122 44806
3 28891 43043
1 38484 5911
1 6379 48881
2 49584 17936
2 14522 5373
1 49906 35282
2 39177 28191
2 12732 6764
3 19440 13740
1 19860 28754
2 32436 48342
2 47032 4253
2 25078 19407
1 29131 25111
3 44420 31161
2 13893 24520
3 1648 39233
2 22803 525
2 24057 23769
3 11623 41249
3 32922 29983
1 49677 30703
3 42276 12516
3 38635 8233
3 34871 42770
2 20267 9467
1 43914 48046
2 44096 12908
2 29075 34065
2 12893 31168
3 4504 1536
2 49504 18391
1 16744 46977
1 34953 29710
1 29935 25091
2 15932 18393
1 8840 46191
2 590 42377
2 26780 1438
2 12160 18976
3 20465 6509
1 7759 15436
2 2355 31677
3 10088 3719
2 26858 45088
1 15986 11186
3 45864 10411
3 31571 5885
3 17426 19476
2 28307 37199
1 24918 44595
3 8660 45611
1 5335 13439
2 32849 39996
3 12073 21474
2 41266 25259
3 26951 35334
3 20718 32405
2 34815 19033
1 7932 18832
2 1787 30520
1 42456 35698
3 744 27810
2 10424 6449
3 4233 12726
1 28771 32623
1 14892 25152
3 15250 3378
2 16878 4848
2 33873 15908
1 3154 2751
3 28628 37376
2 33258 34100
2 28876 13408
1 17736 4000
2 44098 7944
3 7486 40119
1 19559 22638
3 35927 23478
2 41911 750
2 48397 17512
2 7729 33401
1 35002 21601
1 10762 9339
2 34187 33175
1 40997 48719
2 22736 25235
3 46163 304
3 18801 22741
2 35996 16994
3 31432 1132
1 34331 48645
1 33978 33597
2 25588 49104
2 44733 31183
3 23846 43494
3 31544 1217
2 37459 42641
1 44442 12519
3 38476 44561
2 42189 38440
3 13519 17534
1 10059 25103
3 42101 24333
3 3080 28564
3 26143 326
2 14324 12168
2 49926 22221
1 29359 41869
2 6556 13985
3 33444 34972
2 47713 25840
2 45260 48615
3 6362 26275
2 32146 45697
2 16851 29220
1 40160 47379
1 49033 41664
1 39221 10369
3 1211 11512
3 19764 17486
1 32268 33991
1 17120 16491
3 49985 41340
2 26263 46350
1 37795 32200
1 16778 12369
3 49087 15757
1 24996 20636
1 29152 40617
3 38580 30163
1 14659 44365
2 19380 6521
3 49275 12900
2 24009 38112
1 26974 42798
3 18108 22370
1 2726 38164
2 11660 1406
3 43220 25481
2 24076 8293
1 22407 38837
2 4048 35095
2 14561 29723
3 31803 49667
3 5364 25675
1 41189 5855
3 15244 24589
1 1646 16605
1 43482 38666
1 48208 21099
1 7603 43743
1 45139 31981
2 27034 7604
3 29075 10793
3 32452 21762
2 21559 8015
3 40203 3276
2 34054 21137
2 43598 9623
2 28059 30657
2 3099 37782
3 18068 10737
3 37498 656
3 18281 17351
3 1683 12610
1 1347 28339
1 49383 43522
2 33205 159
1 48866 33206
1 15003 7494
3 23234 6439
1 102 19870
2 25034 31241
3 6066 34214
2 48919 41977
3 2302 44315
1 14044 44838
1 366 44257
2 40367 18000
3 46820 14161
2 15771 36965
1 1256 16632
2 28850 40726
3 25767 28324
1 7080 24180
1 35218 14932
2 38404 19396
1 47629 21896
1 27604 47424
3 48851 29274
2 16952 6870
3 10666 5664
2 48450 26456
1 4973 21312
1 19106 44627
1 11285 8917
1 23546 30971
2 49686 22995
3 373 536
3 39448 12377
3 1409 21802
3 28377 26803
3 36294 33658
2 30692 43893
2 43739 28402
1 2182 43942
2 19413 12450
2 44640 22457
2 27580 7181
3 754 35367
2 19164 7996
1 12882 42065
1 29580 17100
3 16286 75
2 34131 6774
3 35758 17293
2 44938 223
2 12015 9941
3 48689 473
3 3191 26936
3 31263 42322
3 43660 28557
3 37296 48885
2 44829 7854
3 1037 20951
1 26316 2421
1 15823 44234
2 13232 32933
2 11894 33473
1 4366 49370
3 8337 9839
3 30869 28138
3 44611 3228
3 40091 6429
2 5567 17677
3 26962 48388
3 27789 13924
3 37254 33680
3 23616 26579
2 42544 14528
3 8407 34368
3 650 3551
1 27793 48239
2 22119 49158
1 31872 36
1 2861 16092
2 16474 33765
2 3604 4749
3 32532 1582
2 42282 28539
2 29973 46034
1 8095 38189
3 30362 45595
3 29821 47169
1 12002 29387
1 46537 38996
3 21878 19315
2 4250 25800
2 27830 13870
2 44426 17817
3 29611 42033
2 36027 41183
3 33517 1456
1 42899 33348
2 9608 16670
3 46704 21700
1 32350 7315
2 7749 21014
3 46111 29308
1 12708 40106
1 11992 33962
2 41528 19036
3 21030 12624
1 10283 10746
2 48435 42632
2 45571 6217
2 46390 41738
1 29876 13891
3 15527 31963
3 35073 5341
1 6985 46311
3 49438 28763
2 42835 24764
1 16973 36813
3 221 21009
3 20464 15129
3 21739 8176
1 44721 3725
1 48768 48281
3 38503 12577
1 22228 338
3 21969 41838
3 47960 15788
1 44642 12005
3 49647 36018
3 40063 23216
1 46937 27069
3 7800 43769
2 36599 12321
3 43860 12393
3 6294 33196
3 28125 13393
1 29798 9660
3 30927 44865
1 5698 36324
2 11515 27635
2 41694 38619
3 18 37695
1 27877 40343
3 14256 14075
3 48090 5346
1 35760 45762
2 35600 8595
1 11065 10725
1 31027 44758
2 37253 3060
2 3088 16260
2 34204 43447
3 1049 12497
3 26478 47700
2 21936 29368
1 15988 44990
1 45792 25908
2 22396 3794
2 33891 26033
3 44637 1815
3 23789 8975
2 4597 32830
3 10641 32328
2 28812 3277
