1000 1500
2 211 953
2 747 727
2 763 93
2 562 986
2 407 994
2 894 297
2 957 260
2 965 850
2 102 376
2 489 186
2 998 279
2 520 369
2 790 875
2 835 451
2 619 190
2 338 51
2 135 51
2 102 289
2 310 287
2 506 316
2 274 396
2 535 967
2 134 818
2 539 547
2 90 258
2 746 686
2 253 131
2 744 326
2 911 344
2 11 917
2 617 255
2 652 809
2 451 661
2 136 347
2 821 900
2 760 149
2 309 974
2 568 516
2 973 536
2 978 858
2 207 903
2 10 557
2 633 185
2 151 749
2 142 980
2 898 562
2 887 777
2 627 981
2 508 773
2 586 938
2 970 112
2 9 179
2 204 28
2 293 868
2 634 190
2 550 305
2 892 963
2 722 369
2 24 198
2 579 460
2 233 618
2 251 433
2 50 764
2 419 927
2 978 248
2 943 297
2 467 546
2 115 386
2 926 346
2 88 199
2 997 686
2 811 930
2 237 668
2 695 992
2 691 284
2 763 646
2 872 37
2 203 302
2 523 311
2 310 918
2 496 948
2 361 700
2 757 220
2 93 199
2 487 286
2 121 301
2 83 454
2 726 141
2 56 347
2 435 955
2 193 993
2 475 37
2 470 842
2 675 332
2 812 23
2 622 147
2 951 724
2 270 552
2 136 412
2 584 854
2 638 320
2 680 632
2 753 705
2 323 61
2 872 333
2 167 904
2 61 512
2 739 422
2 192 937
2 21 401
2 418 35
2 542 122
2 239 515
2 205 372
2 638 86
2 349 227
2 803 63
2 750 591
2 756 178
2 231 407
2 815 182
2 409 908
2 546 576
2 238 152
2 158 538
2 867 101
2 412 917
2 262 771
2 86 662
2 507 224
2 71 600
2 929 612
2 914 406
2 855 170
2 736 917
2 448 633
2 307 460
2 326 957
2 119 995
2 495 461
2 311 855
2 773 602
2 599 959
2 935 161
2 163 453
2 823 1000
2 948 466
2 608 497
2 541 728
2 65 577
2 755 945
2 473 712
2 877 305
2 439 293
2 69 830
2 631 573
2 229 792
2 901 341
2 498 427
2 650 606
2 67 476
2 563 507
2 758 197
2 653 241
2 744 119
2 617 439
2 741 375
2 723 48
2 685 13
2 264 695
2 996 418
2 92 202
2 507 942
2 502 871
2 702 481
2 274 235
2 606 483
2 323 360
2 29 539
2 84 518
2 317 71
2 697 149
2 46 161
2 18 381
2 995 182
2 340 82
2 680 70
2 779 11
2 995 246
2 721 792
2 533 388
2 814 333
2 504 112
2 997 827
2 591 531
2 683 621
2 923 460
2 923 235
2 162 914
2 889 596
2 732 117
2 85 9
2 164 174
2 63 508
2 34 274
2 675 54
2 683 935
2 485 70
2 981 847
2 266 474
2 414 33
2 240 984
2 296 690
2 395 78
2 298 379
2 343 349
2 737 399
2 237 253
2 572 476
2 475 422
2 114 566
2 990 72
2 555 151
2 938 341
2 550 392
2 932 161
2 20 335
2 367 500
2 888 455
2 308 327
2 717 257
2 870 496
2 992 47
2 679 48
2 854 774
2 376 944
2 327 792
2 965 125
2 446 825
2 274 498
2 504 85
2 588 879
2 148 150
2 142 484
2 103 308
2 857 357
2 954 444
2 220 926
2 28 502
2 194 99
2 937 739
2 911 71
2 28 297
2 396 648
2 878 404
2 725 289
2 78 535
2 985 801
2 70 900
2 534 22
2 393 568
2 146 868
2 576 534
2 139 824
2 111 726
2 563 981
2 110 248
2 476 500
2 874 689
2 433 630
2 371 179
2 599 373
2 172 441
2 732 793
2 67 235
2 386 455
2 221 736
2 153 819
2 195 587
2 623 774
2 241 966
2 214 900
2 886 381
2 30 47
2 239 871
2 508 828
2 810 111
2 218 435
2 459 764
2 656 742
2 624 851
2 55 952
2 146 496
2 386 27
2 768 759
2 580 31
2 602 235
2 121 788
2 777 253
2 93 417
2 551 161
2 410 747
2 793 701
2 194 651
2 517 903
2 866 193
2 54 970
2 605 124
2 135 877
2 637 268
2 340 712
2 288 481
2 82 401
2 41 399
2 555 571
2 447 898
2 544 130
2 998 29
2 680 942
2 287 521
2 595 527
2 443 803
2 512 492
2 734 261
2 89 957
2 928 596
2 748 644
2 308 331
2 811 917
2 4 353
2 554 428
2 354 62
2 528 756
2 521 96
2 818 711
2 591 421
2 962 737
2 830 93
2 26 783
2 337 432
2 49 825
2 822 325
2 206 140
2 455 464
2 302 684
2 446 201
2 987 652
2 451 461
2 478 675
2 140 886
2 917 515
2 702 297
2 320 653
2 751 321
2 516 355
2 809 128
2 141 28
2 701 10
2 278 290
2 430 770
2 450 856
2 904 367
2 171 485
2 305 148
2 800 43
2 92 795
2 436 340
2 474 409
2 466 731
2 695 689
2 233 649
2 608 603
2 800 75
2 637 152
2 733 715
2 604 87
2 150 272
2 691 362
2 191 771
2 618 596
2 351 608
2 201 520
2 701 495
2 503 284
2 718 905
2 747 690
2 583 836
2 255 481
2 525 923
2 810 605
2 493 335
2 388 293
2 751 341
2 405 599
2 375 617
2 319 781
2 516 13
2 91 188
2 187 948
2 656 170
2 289 920
2 77 853
2 756 235
2 367 701
2 504 333
2 976 136
2 671 596
2 190 88
2 408 49
2 13 15
2 532 337
2 144 657
2 982 726
2 472 105
2 674 424
2 309 323
2 990 179
2 878 548
2 723 405
2 103 25
2 133 569
2 711 765
2 802 646
2 614 971
2 339 758
2 350 356
2 292 838
2 784 60
2 414 727
2 15 919
2 273 997
2 852 603
2 146 101
2 460 988
2 180 735
2 279 936
2 140 483
2 488 656
2 7 196
2 403 632
2 364 162
2 457 390
2 240 639
2 497 661
2 41 975
2 585 504
2 414 525
2 764 145
2 396 171
2 125 605
2 898 351
2 961 556
2 554 660
2 133 504
2 725 813
2 936 616
2 137 64
2 579 104
2 851 986
2 191 193
2 651 827
2 962 20
2 522 960
2 664 654
2 606 308
2 808 670
2 216 548
2 350 818
2 516 338
2 487 341
2 625 176
2 383 436
2 403 233
2 217 304
2 886 431
2 166 828
2 410 134
2 354 649
2 829 744
2 215 178
2 935 294
2 546 124
2 55 320
2 152 746
2 168 890
2 465 933
2 52 918
2 85 560
2 819 255
2 54 363
2 849 315
2 908 97
2 93 87
2 378 110
2 848 161
2 24 163
2 389 315
2 464 327
2 207 267
2 139 431
2 824 816
2 72 913
2 40 728
2 280 681
2 793 378
2 649 69
2 954 938
2 489 216
2 95 422
2 418 607
2 654 262
2 787 804
2 586 553
2 667 796
2 210 722
2 662 861
2 895 413
2 667 149
2 106 600
2 500 550
2 61 86
2 657 561
2 676 405
2 265 873
2 900 133
2 110 623
2 766 359
2 456 904
2 899 271
2 310 825
2 780 970
2 191 754
2 713 484
2 670 191
2 231 591
2 997 262
2 987 819
2 826 377
2 808 84
2 70 414
2 719 733
2 198 60
2 663 462
2 385 13
2 477 395
2 577 968
2 350 507
2 601 904
2 525 704
2 885 575
2 401 371
2 232 434
2 597 512
2 596 527
2 584 763
2 71 564
2 35 591
2 155 871
2 326 314
2 210 532
2 595 817
2 904 352
2 626 649
2 585 456
2 989 234
2 489 865
2 748 848
2 561 551
2 644 712
2 253 993
2 134 852
2 253 469
2 208 39
2 326 560
2 969 688
2 839 163
2 863 581
2 195 654
2 574 157
2 880 735
2 396 758
2 983 412
2 787 209
2 640 785
2 52 550
2 903 75
2 435 790
2 609 963
2 766 397
2 574 465
2 600 389
2 364 432
2 101 536
2 814 835
2 79 369
2 870 828
2 340 640
2 634 714
2 367 206
2 156 727
2 421 178
2 296 356
2 732 386
2 98 330
2 533 226
2 484 860
2 44 846
2 437 523
2 570 834
2 491 195
2 983 711
2 803 435
2 121 900
2 129 44
2 783 478
2 552 537
2 18 599
2 188 622
2 238 78
2 27 545
2 439 257
2 985 79
2 946 357
2 193 945
2 19 575
2 834 93
2 266 17
2 925 712
2 304 713
2 168 259
2 534 829
2 82 931
2 653 846
2 115 494
2 4 113
2 578 622
2 639 288
2 197 263
2 423 841
2 506 761
2 777 147
2 624 990
2 352 602
2 27 666
2 483 788
2 808 865
2 410 377
2 183 452
2 561 92
2 576 72
2 696 180
2 38 450
2 739 821
2 389 801
2 38 162
2 198 768
2 880 47
2 847 600
2 43 752
2 314 730
2 959 807
2 324 710
2 949 575
2 225 643
2 322 24
2 54 803
2 950 476
2 637 521
2 886 101
2 565 202
2 539 866
2 27 231
2 936 658
2 745 45
2 164 393
2 355 233
2 740 289
2 456 758
2 550 900
2 841 835
2 892 238
2 156 578
2 356 941
2 185 27
2 313 239
2 259 618
2 481 985
2 851 969
2 256 993
2 497 284
2 105 409
2 111 126
2 108 188
2 378 989
2 190 112
2 443 407
2 452 335
2 778 645
2 658 663
2 995 243
2 205 745
2 937 549
2 183 840
2 598 229
2 997 379
2 651 318
2 442 480
2 139 319
2 787 377
2 19 244
2 689 37
2 201 444
2 330 299
2 487 448
2 876 369
2 996 371
2 155 424
2 27 751
2 526 592
2 605 441
2 827 276
2 984 201
2 12 196
2 758 216
2 986 549
2 49 666
2 885 517
2 226 140
2 322 679
2 615 249
2 737 328
2 345 718
2 93 890
2 430 553
2 748 497
2 339 350
2 954 464
2 436 935
2 782 869
2 394 312
2 28 702
2 43 424
2 242 414
2 653 425
2 795 527
2 308 886
2 873 722
2 280 204
2 722 283
2 352 769
2 682 932
2 346 486
2 292 229
2 265 778
2 732 169
2 879 565
2 583 131
2 859 564
2 413 924
2 760 596
2 175 703
2 715 270
2 987 178
2 521 272
2 837 436
2 952 483
2 738 227
2 728 190
2 11 827
2 319 849
2 106 475
2 402 198
2 441 696
2 622 588
2 938 94
2 725 91
2 88 507
2 339 337
2 831 385
2 652 374
2 112 162
2 932 135
2 988 298
2 14 546
2 268 354
2 953 458
2 115 824
2 455 19
2 746 67
2 366 294
2 283 898
2 580 363
2 860 754
2 587 483
2 933 245
2 901 449
2 772 433
2 571 843
2 476 468
2 748 107
2 102 123
2 653 649
2 851 143
2 555 708
2 74 621
2 560 795
2 224 397
2 771 178
2 77 800
2 665 985
2 616 846
2 704 819
2 528 420
2 684 619
2 659 814
2 524 218
2 402 711
2 86 681
2 933 231
2 784 552
2 918 970
2 320 264
2 668 540
2 347 631
2 769 146
2 80 1
2 745 884
2 786 18
2 645 802
2 591 367
2 900 895
2 430 322
2 952 956
2 234 1000
2 156 58
2 883 855
2 988 197
2 663 420
2 436 845
2 799 183
2 215 153
2 877 365
2 64 928
2 560 13
2 781 35
2 366 610
2 159 591
2 652 711
2 991 453
2 569 517
2 799 227
2 469 76
2 115 383
2 365 8
2 747 977
2 238 776
2 628 368
2 715 618
2 592 603
2 258 955
2 878 643
2 548 280
2 718 233
2 11 981
2 617 30
2 820 85
2 824 812
2 440 754
2 459 853
2 901 848
2 346 175
2 810 174
2 116 556
2 365 417
2 317 813
2 220 245
2 961 339
2 298 48
2 291 221
2 664 367
2 778 824
2 492 93
2 69 175
2 290 29
2 971 35
2 912 588
2 313 218
2 689 132
2 785 760
2 176 519
2 449 592
2 907 737
2 197 341
2 604 169
2 588 271
2 362 774
2 539 59
2 784 381
2 572 149
2 768 82
2 251 89
2 251 610
2 358 987
2 997 64
2 749 693
2 504 24
2 969 364
2 338 569
2 658 39
2 981 680
2 569 214
2 891 515
2 710 804
2 988 346
2 998 92
2 425 727
2 567 965
2 532 950
2 46 62
2 308 457
2 309 341
2 690 899
2 496 878
2 351 510
2 521 236
2 362 426
2 219 229
2 770 86
2 237 815
2 819 200
2 547 304
2 408 968
2 440 30
2 996 316
2 553 123
2 380 823
2 608 694
2 14 748
2 362 734
2 494 774
2 839 226
2 207 204
2 431 981
2 294 605
2 29 262
2 795 550
2 756 598
2 834 51
2 827 121
2 95 381
2 905 292
2 199 123
2 210 652
2 186 479
2 941 700
2 507 716
2 560 381
2 239 798
2 138 123
2 958 459
2 621 980
2 218 718
2 148 910
2 95 283
2 357 963
2 520 216
2 169 118
2 933 201
2 749 861
2 708 384
2 834 16
2 65 933
2 308 310
2 771 753
2 330 224
2 527 738
2 662 898
2 494 276
2 436 373
2 236 945
2 429 648
2 960 69
2 723 963
2 900 485
2 825 318
2 117 265
2 768 50
2 977 266
2 169 420
2 797 143
2 990 53
2 887 893
2 525 9
2 778 469
2 157 528
2 862 333
2 216 982
2 279 344
2 855 36
2 323 202
2 109 482
2 103 844
2 889 608
2 899 101
2 259 212
2 471 225
2 27 942
2 281 414
2 278 925
2 405 751
2 673 154
2 249 42
2 282 854
2 520 372
2 429 963
2 769 211
2 46 370
2 121 493
2 609 991
2 723 670
2 173 331
2 455 877
2 580 190
2 992 122
2 16 809
2 919 968
2 746 430
2 941 745
2 237 556
2 311 627
2 74 961
2 271 354
2 959 359
2 398 998
2 216 215
2 38 268
2 227 260
2 509 323
2 854 689
2 645 459
2 969 901
2 92 110
2 963 643
2 356 15
2 426 408
2 191 421
2 572 158
2 499 108
2 353 147
2 156 319
2 622 855
2 995 381
2 176 340
2 559 712
2 930 986
2 117 366
2 268 273
2 632 447
2 378 945
2 379 707
2 731 689
2 537 940
2 819 916
2 128 38
2 297 874
2 130 318
2 77 150
2 205 443
2 293 828
2 677 316
2 713 602
2 392 765
2 648 861
2 561 694
2 133 359
2 583 230
2 852 387
2 721 237
2 974 295
2 583 763
2 158 206
2 862 443
2 163 995
2 377 231
2 890 526
2 284 501
2 664 114
2 112 480
2 795 277
2 33 236
2 152 737
2 399 74
2 630 257
2 633 93
2 126 601
2 585 637
2 209 706
2 343 581
2 811 12
2 471 96
2 253 92
2 329 504
2 513 957
2 366 478
2 216 808
2 229 250
2 835 863
2 506 839
2 296 588
2 787 987
2 549 874
2 265 192
2 245 421
2 877 508
2 696 406
2 317 225
2 303 321
2 211 880
2 41 219
2 247 675
2 861 67
2 90 417
2 988 131
2 691 587
2 273 827
2 980 494
2 1000 756
2 292 826
2 62 834
2 843 207
2 429 372
2 724 558
2 666 671
2 838 537
2 232 486
2 658 604
2 549 771
2 777 607
2 369 976
2 725 514
2 498 984
2 824 979
2 595 987
2 565 553
2 563 253
2 48 841
2 821 143
2 322 2
2 663 851
2 84 266
2 798 978
2 719 165
2 139 298
2 127 513
2 579 961
2 636 436
2 371 11
2 927 960
2 16 883
2 601 273
2 641 276
2 641 403
2 356 238
2 752 933
2 827 234
2 716 417
2 383 947
2 226 975
2 155 123
2 929 981
2 170 42
2 567 637
2 597 329
2 875 502
2 215 166
2 906 168
2 517 431
2 277 148
2 81 823
2 100 920
2 494 934
2 616 80
2 366 277
2 244 139
2 603 485
2 471 551
2 735 979
2 615 882
2 987 463
2 860 226
2 705 710
2 829 921
2 917 251
2 146 481
2 374 797
2 311 904
2 334 498
2 181 805
2 455 725
2 716 213
2 33 56
2 587 976
2 721 298
2 298 285
2 851 427
2 446 940
2 298 53
2 121 808
2 117 828
2 238 635
2 918 799
2 276 876
2 711 834
2 371 165
2 314 818
2 104 144
2 418 941
2 863 524
2 113 359
2 604 516
2 905 430
2 982 695
2 777 280
2 617 424
2 984 767
2 25 723
2 994 412
2 126 387
2 429 747
2 282 805
2 655 977
2 885 461
2 444 360
2 959 838
2 457 406
2 709 654
2 340 232
2 767 528
2 714 906
2 516 571
2 681 551
2 102 588
2 311 707
2 821 53
2 364 406
2 544 962
2 889 698
2 266 680
2 505 15
2 410 386
2 727 720
2 994 29
2 319 431
2 477 855
2 326 772
2 215 12
2 825 838
2 495 208
2 741 324
2 625 988
2 326 644
2 928 866
2 690 785
2 474 763
2 554 508
2 283 820
2 353 992
2 296 288
2 496 800
2 17 299
2 266 489
2 750 358
2 302 904
2 891 524
2 596 112
2 668 504
2 372 197
2 872 73
2 483 507
2 958 397
2 745 271
2 610 702
2 842 243
2 63 132
2 799 62
2 197 675
2 451 443
2 86 530
2 769 462
2 124 690
2 846 248
2 727 285
2 237 907
2 631 673
2 656 103
2 971 6
2 83 384
2 812 802
2 656 692
2 444 831
2 545 597
2 435 546
2 101 287
2 375 852
2 493 648
2 488 448
2 8 652
2 588 582
2 145 784
2 272 454
2 303 428
2 253 631
2 732 923
2 747 45
2 924 717
2 61 459
2 935 946
2 896 738
2 980 112
2 117 816
2 212 386
2 781 160
2 379 741
2 469 368
2 343 359
2 416 610
2 62 851
2 62 202
2 892 737
2 426 834
2 742 402
2 367 576
2 208 275
2 28 434
2 331 663
2 357 132
2 60 216
2 267 942
2 967 825
2 983 46
2 390 958
2 116 371
2 558 462
2 21 944
2 65 6
2 443 351
2 614 922
2 670 909
2 684 837
2 798 253
2 189 112
2 46 76
2 22 67
2 499 694
2 428 178
2 239 422
2 267 10
2 609 84
2 239 375
2 24 465
2 124 442
2 267 164
2 179 698
2 264 594
2 908 376
2 48 918
2 448 341
2 767 699
2 480 365
2 77 624
2 787 366
2 222 746
2 268 471
2 952 904
2 982 200
2 2 153
2 814 124
2 365 291
2 325 522
2 853 788
2 630 904
2 434 54
2 982 280
2 908 222
2 854 645
2 85 832
2 711 830
2 778 930
2 486 603
2 306 990
2 684 902
2 746 714
2 424 824
2 763 685
2 426 299
2 153 90
2 188 302
2 883 826
2 381 326
2 160 84
2 305 307
2 67 662
2 855 375
2 115 18
2 568 136
2 734 945
2 807 921
2 975 22
2 139 52
2 500 425
2 251 879
2 231 350
2 985 302
2 88 431
2 561 368
2 315 982
2 433 400
2 995 46
2 255 549
2 59 193
2 538 780
2 523 690
2 427 908
2 849 30
2 667 778
2 697 766
2 335 640
2 124 821
2 420 428
2 668 928
2 451 879
2 794 541
2 126 101
2 777 315
2 185 96
2 397 395
2 548 971
2 45 921
2 321 727
2 29 936
2 689 622
2 983 95
2 444 365
2 333 505
2 547 820
2 970 41
2 355 338
2 282 40
2 680 927
2 898 863
2 299 195
2 57 233
2 234 467
2 805 772
2 913 696
2 8 52
2 227 465
2 133 680
2 433 785
2 105 143
2 16 878
2 409 646
2 394 632
2 390 675
2 825 384
2 54 450
2 494 752
2 675 338
2 377 138
2 943 246
2 643 441
2 985 96
2 620 424
2 78 266
2 479 280
2 35 14
2 742 299
2 124 541
2 871 184
2 29 287
2 493 48
2 663 989
2 518 698
2 351 998
2 55 109
2 330 702
2 168 407
2 97 643
2 948 939
2 71 333
2 171 321
2 823 696
2 588 196
2 553 938
2 538 994
2 114 144
2 212 611
2 222 190
2 557 680
2 798 568
