50 100
1 39 40
2 19 43
1 24 11
3 11 14
1 44 20
2 21 30
2 26 4
1 6 7
3 10 14
2 3 26
2 3 36
2 47 2
1 43 28
2 29 48
1 9 39
3 37 45
1 4 22
1 39 44
2 11 7
2 26 25
3 36 38
1 8 35
3 44 12
2 46 14
3 31 24
3 19 17
1 41 10
1 32 11
1 37 42
3 25 18
1 40 42
2 22 5
2 4 16
3 33 39
3 12 36
1 7 47
2 21 49
3 35 37
3 44 13
3 26 15
2 17 2
1 11 32
3 38 32
2 28 6
3 18 12
3 13 36
2 15 8
3 31 3
1 22 15
2 10 9
1 3 8
1 16 9
1 47 18
3 11 32
3 14 8
2 13 39
2 16 47
2 1 48
3 38 29
3 34 3
1 46 42
2 12 3
3 1 34
1 9 43
1 27 14
2 26 31
3 21 40
2 42 16
3 40 3
2 43 15
3 40 7
3 36 24
3 47 15
3 33 11
1 6 42
2 11 32
1 43 36
3 19 47
1 29 41
1 11 34
3 30 50
2 30 20
1 15 10
1 31 36
2 40 47
3 15 18
1 22 33
1 24 39
2 3 30
2 43 45
1 50 21
1 49 26
1 23 36
3 13 48
2 41 32
1 17 33
3 50 45
3 7 18
3 37 2
1 39 43
