500 1000
2 327 161
2 361 209
2 411 384
2 465 64
2 429 187
2 26 163
2 471 425
2 221 287
2 24 207
2 236 468
2 437 302
2 465 95
2 469 261
2 41 435
2 209 147
2 267 435
2 98 371
2 300 39
2 107 463
2 407 85
2 133 74
2 14 262
2 382 484
2 208 277
2 75 239
2 138 331
2 219 273
2 399 350
2 352 401
2 168 195
2 225 112
2 247 282
2 334 258
2 192 410
2 322 436
2 290 477
2 498 27
2 453 272
2 377 150
2 330 72
2 233 197
2 422 220
2 362 213
2 262 87
2 236 365
2 187 156
2 238 92
2 224 34
2 320 221
2 176 328
2 451 226
2 467 94
2 81 264
2 388 136
2 37 307
2 174 156
2 207 191
2 67 36
2 269 5
2 313 454
2 126 12
2 192 54
2 445 338
2 205 39
2 373 145
2 484 376
2 52 359
2 289 402
2 398 2
2 357 23
2 462 272
2 476 206
2 177 377
2 300 259
2 352 407
2 498 321
2 224 322
2 121 228
2 453 294
2 110 281
2 307 450
2 272 176
2 135 270
2 425 465
2 442 229
2 7 38
2 357 348
2 26 365
2 335 297
2 230 210
2 109 427
2 6 447
2 187 351
2 36 329
2 390 363
2 321 233
2 33 98
2 91 491
2 443 52
2 429 152
2 265 85
2 293 91
2 128 230
2 409 263
2 351 145
2 182 435
2 6 477
2 118 254
2 272 450
2 182 65
2 80 116
2 18 436
2 75 46
2 111 292
2 5 494
2 393 166
2 139 343
2 14 309
2 45 296
2 355 233
2 227 162
2 95 84
2 251 90
2 460 442
2 70 20
2 404 323
2 364 64
2 408 358
2 489 294
2 206 370
2 427 11
2 198 328
2 189 270
2 449 371
2 156 222
2 294 229
2 129 91
2 159 214
2 197 196
2 165 138
2 199 470
2 59 305
2 129 391
2 103 427
2 114 311
2 257 4
2 442 479
2 324 165
2 58 429
2 245 56
2 264 293
2 251 333
2 394 244
2 491 114
2 358 135
2 4 102
2 488 157
2 39 7
2 137 287
2 1 94
2 98 65
2 95 341
2 335 464
2 288 192
2 185 438
2 211 280
2 46 38
2 342 262
2 333 240
2 247 340
2 42 365
2 275 33
2 316 52
2 344 122
2 214 297
2 194 459
2 347 77
2 222 233
2 367 446
2 275 260
2 347 143
2 107 226
2 227 238
2 406 167
2 356 467
2 212 425
2 246 43
2 371 479
2 249 213
2 385 62
2 157 340
2 489 132
2 255 389
2 294 499
2 205 18
2 275 470
2 270 321
2 500 242
2 187 336
2 247 228
2 459 12
2 375 255
2 74 315
2 311 318
2 256 223
2 195 375
2 66 363
2 184 333
2 8 61
2 114 190
2 136 462
2 146 473
2 371 198
2 244 57
2 378 279
2 8 124
2 329 397
2 142 363
2 449 114
2 191 129
2 389 247
2 423 57
2 165 158
2 434 256
2 51 218
2 23 149
2 490 60
2 157 287
2 280 45
2 125 122
2 268 259
2 237 308
2 395 89
2 168 48
2 247 72
2 284 209
2 231 224
2 47 258
2 160 246
2 361 195
2 307 395
2 192 498
2 186 304
2 94 188
2 315 168
2 228 165
2 368 14
2 232 367
2 189 123
2 323 382
2 138 365
2 32 269
2 120 456
2 395 21
2 261 75
2 320 21
2 191 349
2 1 176
2 396 86
2 409 138
2 7 283
2 283 388
2 306 234
2 327 422
2 34 71
2 243 140
2 162 303
2 173 186
2 322 146
2 369 104
2 450 324
2 332 32
2 361 340
2 217 404
2 17 68
2 442 101
2 472 209
2 394 356
2 417 125
2 353 469
2 23 438
2 166 9
2 131 381
2 119 262
2 476 8
2 174 12
2 205 182
2 323 156
2 176 107
2 252 17
2 111 227
2 227 394
2 28 100
2 27 389
2 428 362
2 412 493
2 323 150
2 330 6
2 431 500
2 487 173
2 183 257
2 395 66
2 450 323
2 415 308
2 148 87
2 462 83
2 335 376
2 371 129
2 64 78
2 137 160
2 307 326
2 390 278
2 455 114
2 184 246
2 437 443
2 81 428
2 160 240
2 387 301
2 294 86
2 450 204
2 109 287
2 247 375
2 33 64
2 308 428
2 17 385
2 110 165
2 79 136
2 59 320
2 217 342
2 95 417
2 48 172
2 473 310
2 487 112
2 447 464
2 215 188
2 305 126
2 339 7
2 388 178
2 336 278
2 201 324
2 345 263
2 413 301
2 443 132
2 108 459
2 323 45
2 433 96
2 184 201
2 321 367
2 127 311
2 422 185
2 121 400
2 56 306
2 316 257
2 272 495
2 136 128
2 106 496
2 474 46
2 424 73
2 303 366
2 498 416
2 467 498
2 337 475
2 143 175
2 352 137
2 149 52
2 364 342
2 237 28
2 12 26
2 143 333
2 8 52
2 327 6
2 134 420
2 13 132
2 241 332
2 426 274
2 334 219
2 250 247
2 42 240
2 421 144
2 5 403
2 14 99
2 481 227
2 305 107
2 369 498
2 141 232
2 492 284
2 216 54
2 225 233
2 377 307
2 386 431
2 290 107
2 332 487
2 138 345
2 318 188
2 13 211
2 454 284
2 252 396
2 277 66
2 82 142
2 32 299
2 296 369
2 276 36
2 65 424
2 355 261
2 40 301
2 11 101
2 433 335
2 3 182
2 359 221
2 4 455
2 267 392
2 68 382
2 1 96
2 112 283
2 164 36
2 82 104
2 327 207
2 126 415
2 415 52
2 274 352
2 281 264
2 148 453
2 47 240
2 360 420
2 53 278
2 455 237
2 331 1
2 498 250
2 359 491
2 409 72
2 326 495
2 418 6
2 295 150
2 396 231
2 476 271
2 400 404
2 304 470
2 336 9
2 226 408
2 419 475
2 479 497
2 390 344
2 366 262
2 318 10
2 285 58
2 273 439
2 120 113
2 465 259
2 450 23
2 147 27
2 259 113
2 489 397
2 138 484
2 266 104
2 140 485
2 330 135
2 8 167
2 270 217
2 7 110
2 359 1
2 345 358
2 382 500
2 448 452
2 416 88
2 424 153
2 35 265
2 58 342
2 38 191
2 97 177
2 263 195
2 418 59
2 306 47
2 31 67
2 276 197
2 27 67
2 387 416
2 146 254
2 132 277
2 210 315
2 500 212
2 464 494
2 97 287
2 207 315
2 17 439
2 389 93
2 396 180
2 138 145
2 256 158
2 317 22
2 360 445
2 104 312
2 314 141
2 167 175
2 390 399
2 242 50
2 336 401
2 211 26
2 225 58
2 8 342
2 77 383
2 329 96
2 324 403
2 482 16
2 28 180
2 476 170
2 30 36
2 17 327
2 431 265
2 235 222
2 499 53
2 499 95
2 205 427
2 19 460
2 249 210
2 63 494
2 193 60
2 190 364
2 52 256
2 311 386
2 435 260
2 315 79
2 363 171
2 219 90
2 388 340
2 44 352
2 233 291
2 411 156
2 232 388
2 375 340
2 370 267
2 437 195
2 312 135
2 338 170
2 37 144
2 162 125
2 137 222
2 29 350
2 396 240
2 61 116
2 229 477
2 442 449
2 242 92
2 496 20
2 126 463
2 194 349
2 226 155
2 194 389
2 223 304
2 49 483
2 351 62
2 432 35
2 330 91
2 120 440
2 324 283
2 150 417
2 209 246
2 168 123
2 449 9
2 403 379
2 470 155
2 4 311
2 376 333
2 87 337
2 401 19
2 64 112
2 74 440
2 495 266
2 334 343
2 13 331
2 228 147
2 480 159
2 399 147
2 460 44
2 97 223
2 115 112
2 224 384
2 271 3
2 241 111
2 233 312
2 364 363
2 248 259
2 127 397
2 331 463
2 256 344
2 272 354
2 428 121
2 457 340
2 477 56
2 91 35
2 201 168
2 129 405
2 129 30
2 162 25
2 427 84
2 379 139
2 422 324
2 261 284
2 50 22
2 432 450
2 388 315
2 1 112
2 155 65
2 391 175
2 429 137
2 325 50
2 101 144
2 311 246
2 378 200
2 161 303
2 452 220
2 37 28
2 9 117
2 432 3
2 420 390
2 360 48
2 100 16
2 213 72
2 416 105
2 219 168
2 14 246
2 301 265
2 459 16
2 21 194
2 183 379
2 157 440
2 138 305
2 280 456
2 280 44
2 124 317
2 288 187
2 304 22
2 218 479
2 119 130
2 324 394
2 45 68
2 281 6
2 383 67
2 37 101
2 340 185
2 442 22
2 380 408
2 353 426
2 335 152
2 138 349
2 285 342
2 498 267
2 194 34
2 261 137
2 389 406
2 127 49
2 176 252
2 437 288
2 366 323
2 223 264
2 420 270
2 13 40
2 337 494
2 459 128
2 148 419
2 27 257
2 47 479
2 430 357
2 26 441
2 385 197
2 334 408
2 97 359
2 467 60
2 54 411
2 318 417
2 5 398
2 60 179
2 149 34
2 73 95
2 61 311
2 245 308
2 215 14
2 278 191
2 195 217
2 123 225
2 153 278
2 330 218
2 171 120
2 269 29
2 263 391
2 203 68
2 410 284
2 30 304
2 306 292
2 425 449
2 198 34
2 84 265
2 31 92
2 200 254
2 441 467
2 135 367
2 331 459
2 412 160
2 208 417
2 325 436
2 135 46
2 477 339
2 408 229
2 183 290
2 292 123
2 360 304
2 129 496
2 451 21
2 485 383
2 100 425
2 433 457
2 227 331
2 297 199
2 493 372
2 218 177
2 337 343
2 96 264
2 346 438
2 481 255
2 321 438
2 41 468
2 9 52
2 75 73
2 291 287
2 261 25
2 22 23
2 60 458
2 477 252
2 185 15
2 290 209
2 326 100
2 53 222
2 42 276
2 367 497
2 237 346
2 365 220
2 194 289
2 282 14
2 141 383
2 462 357
2 494 104
2 99 134
2 108 238
2 131 345
2 283 363
2 223 303
2 10 173
2 102 333
2 163 173
2 383 465
2 69 389
2 492 152
2 221 30
2 463 410
2 489 112
2 2 93
2 257 323
2 23 485
2 269 393
2 279 149
2 205 451
2 7 234
2 161 402
2 350 101
2 207 399
2 178 243
2 212 136
2 4 353
2 208 431
2 17 71
2 342 435
2 182 424
2 259 40
2 134 85
2 90 275
2 458 356
2 76 289
2 203 438
2 139 408
2 401 146
2 115 452
2 254 132
2 283 306
2 321 478
2 326 124
2 400 267
2 306 356
2 227 41
2 202 184
2 289 459
2 405 372
2 41 125
2 339 364
2 176 290
2 457 39
2 53 54
2 43 480
2 116 412
2 125 298
2 413 74
2 354 355
2 451 82
2 151 180
2 315 14
2 494 277
2 184 183
2 468 459
2 165 146
2 146 308
2 342 379
2 215 175
2 186 460
2 50 329
2 21 120
2 261 53
2 415 448
2 14 121
2 58 422
2 164 239
2 365 98
2 424 138
2 1 195
2 48 213
2 252 450
2 378 114
2 120 6
2 311 2
2 385 259
2 314 214
2 497 450
2 147 328
2 400 256
2 267 36
2 366 120
2 363 245
2 185 435
2 184 74
2 41 342
2 319 492
2 216 162
2 139 132
2 213 170
2 362 95
2 472 365
2 268 68
2 68 305
2 137 202
2 239 426
2 42 4
2 400 69
2 182 405
2 368 471
2 200 341
2 110 328
2 486 94
2 78 312
2 328 93
2 35 169
2 65 100
2 307 174
2 152 329
2 318 192
2 435 86
2 389 433
2 124 264
2 78 390
2 14 347
2 210 125
2 390 304
2 329 343
2 270 272
2 407 50
2 255 291
2 401 120
2 297 177
2 432 438
2 41 323
2 133 455
2 13 404
2 123 318
2 37 442
2 259 166
2 348 416
2 125 338
2 330 280
2 451 496
2 305 247
2 448 152
2 203 394
2 498 218
2 113 65
2 84 227
2 241 150
2 91 309
2 146 373
2 147 70
2 441 329
2 293 45
2 219 333
2 414 186
2 433 129
2 43 172
2 168 426
2 7 101
2 138 232
2 440 348
2 399 156
2 124 499
2 111 19
2 279 34
2 218 29
2 316 484
2 56 87
2 442 241
2 192 381
2 63 245
2 271 291
2 419 188
2 310 406
2 273 124
2 216 379
2 391 398
2 306 302
2 234 39
2 72 477
2 198 15
2 33 500
2 413 178
2 161 44
2 315 337
2 304 222
2 320 86
2 36 87
2 425 486
2 82 47
2 114 288
2 178 402
2 419 116
2 434 361
2 121 217
2 248 99
2 162 105
2 323 164
2 196 447
2 69 393
2 340 134
2 168 295
2 121 452
2 344 98
2 142 149
2 160 239
2 466 280
2 222 13
2 499 432
2 33 15
2 62 155
2 51 142
2 446 394
2 455 250
2 326 240
2 213 197
2 166 135
2 482 5
2 389 134
2 462 407
2 250 451
2 477 289
2 120 123
2 421 207
2 66 430
2 261 402
2 71 351
2 383 343
2 231 74
2 422 148
2 2 402
2 249 41
2 461 42
2 449 213
2 432 317
2 213 377
2 339 279
2 239 247
2 135 101
2 48 140
2 150 213
2 227 139
2 104 116
2 303 316
2 50 491
2 457 304
2 133 457
2 221 192
2 246 319
2 150 115
2 492 147
2 304 206
2 349 144
2 181 188
2 13 318
2 261 346
